{"#",47e6dd42-cd5c-4e3a-9bc4-14816ed53d38,66:80c0003048bfc5df11eb2b13e6b22372}(|){"#",a2b5aac2-33a7-41ec-878c-7dd928ac85cf,184:80c0003048bfc5df11eb2b175fe3d25a}(|)Львів, Львівська, вул.Городоцька, 293(|)
{"#",47e6dd42-cd5c-4e3a-9bc4-14816ed53d38,66:80c2003048bfc5df11eb2d70fcaa5b92}(|){"#",a2b5aac2-33a7-41ec-878c-7dd928ac85cf,184:80c2003048bfc5df11eb2d7139527dd4}(|)Кам'янка (Черкаська обл.), Черкаська, вул.Кудрі Галі, 18(|)
{"#",47e6dd42-cd5c-4e3a-9bc4-14816ed53d38,66:80c2003048bfc5df11eb2d7222cdc29a}(|){"#",a2b5aac2-33a7-41ec-878c-7dd928ac85cf,184:80c2003048bfc5df11eb2d72b88a8634}(|)Чернігів, Чернігівська, вул.Мазепи Івана, 112(|)
{"#",47e6dd42-cd5c-4e3a-9bc4-14816ed53d38,66:9cb8001517d39cec11e7cf5e349fc1d1}(|){"#",a2b5aac2-33a7-41ec-878c-7dd928ac85cf,184:80c2003048bfc5df11eb2d8a2eeebc25}(|)Новоолександрівка(Дніпропетровська обл.), Дніпропетровська, вул.Садова, 204(|)
{"#",47e6dd42-cd5c-4e3a-9bc4-14816ed53d38,66:ae9a001517d39cec11e3fca2750c2fb0}(|){"#",a2b5aac2-33a7-41ec-878c-7dd928ac85cf,184:80c2003048bfc5df11eb2d8d1ca4d748}(|)Ходорів, Львівська, вул.Волошина, 1(|)
{"#",47e6dd42-cd5c-4e3a-9bc4-14816ed53d38,66:80c2003048bfc5df11eb2e512e1bceab}(|){"#",a2b5aac2-33a7-41ec-878c-7dd928ac85cf,184:80c2003048bfc5df11eb2e51b5394a3c}(|)Київ, Київська, вул.Оноре де Бальзака, 52/22(|)
{"#",47e6dd42-cd5c-4e3a-9bc4-14816ed53d38,66:80c2003048bfc5df11eb2f15eb3702b9}(|){"#",a2b5aac2-33a7-41ec-878c-7dd928ac85cf,184:80c2003048bfc5df11eb2f16834087c7}(|)Лубни, Полтавська, вул.Радонська, 2-А(|)
{"#",47e6dd42-cd5c-4e3a-9bc4-14816ed53d38,66:80c2003048bfc5df11eb2fc4ad344b41}(|){"#",a2b5aac2-33a7-41ec-878c-7dd928ac85cf,184:80c2003048bfc5df11eb2fc51c64daa9}(|)Вінниця, Вінницька, вул.Червонохрестівська, 40-А(|)
{"#",47e6dd42-cd5c-4e3a-9bc4-14816ed53d38,66:80c2003048bfc5df11eb2fcb3158eb97}(|){"#",a2b5aac2-33a7-41ec-878c-7dd928ac85cf,184:80c2003048bfc5df11eb2fcbf7ee7cbc}(|)Ужгород, Закарпатська, вул.Годинки, 10(|)
{"#",47e6dd42-cd5c-4e3a-9bc4-14816ed53d38,66:80c2003048bfc5df11eb2fd03c881141}(|){"#",a2b5aac2-33a7-41ec-878c-7dd928ac85cf,184:80c2003048bfc5df11eb2fd1188b9ad4}(|)Маріуполь, Донецька, пров.Колгоспний, 26-В(|)
{"#",47e6dd42-cd5c-4e3a-9bc4-14816ed53d38,66:80c2003048bfc5df11eb30c253079079}(|){"#",a2b5aac2-33a7-41ec-878c-7dd928ac85cf,184:80c2003048bfc5df11eb30c4f53f0394}(|)Мокра Калигірка, Черкаська, вул.Українки Лесі, 1-А(|)
{"#",47e6dd42-cd5c-4e3a-9bc4-14816ed53d38,66:ae9a001517d39cec11e3fca2c4526022}(|){"#",a2b5aac2-33a7-41ec-878c-7dd928ac85cf,184:80c3003048bfc5df11eb32e6dad698ab}(|)Київ, Київська, шосеХарківське, 46(|)
{"#",47e6dd42-cd5c-4e3a-9bc4-14816ed53d38,66:80c3003048bfc5df11eb33e3089dbb4c}(|){"#",a2b5aac2-33a7-41ec-878c-7dd928ac85cf,184:80c3003048bfc5df11eb33e527205182}(|)Серники, Рівненська, , Харківця2(|)
{"#",47e6dd42-cd5c-4e3a-9bc4-14816ed53d38,66:80c3003048bfc5df11eb34857e6adacb}(|){"#",a2b5aac2-33a7-41ec-878c-7dd928ac85cf,184:80c3003048bfc5df11eb3486093fa621}(|)Вишневе, Київська, вул.Чорновола В'ячеслава, 51(|)
{"#",47e6dd42-cd5c-4e3a-9bc4-14816ed53d38,66:80c3003048bfc5df11eb348704bdbad8}(|){"#",a2b5aac2-33a7-41ec-878c-7dd928ac85cf,184:80c3003048bfc5df11eb3487605acbd2}(|)Ізмаїл, Одеська, просп.Миру (Леніна), 22(|)
{"#",47e6dd42-cd5c-4e3a-9bc4-14816ed53d38,66:80c3003048bfc5df11eb355a3d7a811e}(|){"#",a2b5aac2-33a7-41ec-878c-7dd928ac85cf,184:80c3003048bfc5df11eb355ac30ea162}(|)Каховка, Херсонська, вул.Першотравнева, 27/1(|)
{"#",47e6dd42-cd5c-4e3a-9bc4-14816ed53d38,66:80c3003048bfc5df11eb3954deec6f61}(|){"#",a2b5aac2-33a7-41ec-878c-7dd928ac85cf,184:80c3003048bfc5df11eb3955057ae7f8}(|)Умань, Черкаська, вул.Інтернаціональна, 4/2(|)
{"#",47e6dd42-cd5c-4e3a-9bc4-14816ed53d38,66:80c3003048bfc5df11eb395568594638}(|){"#",a2b5aac2-33a7-41ec-878c-7dd928ac85cf,184:80c3003048bfc5df11eb39557eb5ac00}(|)Черкаси, Черкаська, вул.Чехова, 106(|)
{"#",47e6dd42-cd5c-4e3a-9bc4-14816ed53d38,66:80c3003048bfc5df11eb395665896053}(|){"#",a2b5aac2-33a7-41ec-878c-7dd928ac85cf,184:80c3003048bfc5df11eb39567dce8775}(|)Умань, Черкаська, вул.Тищика, 4(|)
{"#",47e6dd42-cd5c-4e3a-9bc4-14816ed53d38,66:80c3003048bfc5df11eb3956e4c12b02}(|){"#",a2b5aac2-33a7-41ec-878c-7dd928ac85cf,184:80c3003048bfc5df11eb39573bb16a17}(|)Умань, Черкаська, пров.Жовтневий, 2-А(|)
{"#",47e6dd42-cd5c-4e3a-9bc4-14816ed53d38,66:a0ef001517d39cec11e7b3304eca3eae}(|){"#",a2b5aac2-33a7-41ec-878c-7dd928ac85cf,184:80c3003048bfc5df11eb3adb4df8550a}(|)Яготин, Київська, вул. Пирятинська,  3(|)
{"#",47e6dd42-cd5c-4e3a-9bc4-14816ed53d38,66:80c3003048bfc5df11eb3ae89eb2a69f}(|){"#",a2b5aac2-33a7-41ec-878c-7dd928ac85cf,184:80c3003048bfc5df11eb3ae9bb837f33}(|)Лазурне (Херсонська обл.), Херсонська, вул. Центральна,  60-Б(|)
{"#",47e6dd42-cd5c-4e3a-9bc4-14816ed53d38,66:80c3003048bfc5df11eb3ba3556983ba}(|){"#",a2b5aac2-33a7-41ec-878c-7dd928ac85cf,184:80c3003048bfc5df11eb3ba41e49c1d0}(|)Харків, Харківська, вул. Лозівська,  5(|)
{"#",47e6dd42-cd5c-4e3a-9bc4-14816ed53d38,66:80c2003048bfc5df11eb2e512e1bceab}(|){"#",a2b5aac2-33a7-41ec-878c-7dd928ac85cf,184:80c3003048bfc5df11eb3e16aa6d276a}(|)Київ, Київська, шосе Харківське,  21/4(|)
{"#",47e6dd42-cd5c-4e3a-9bc4-14816ed53d38,66:80c4003048bfc5df11eb3ec30e978e39}(|){"#",a2b5aac2-33a7-41ec-878c-7dd928ac85cf,184:80c4003048bfc5df11eb3ec396dcb9b2}(|)Новояворівськ, Львівська, вул. Шептицького,  7(|)
{"#",47e6dd42-cd5c-4e3a-9bc4-14816ed53d38,66:80c4003048bfc5df11eb3ecb2fbada4e}(|){"#",a2b5aac2-33a7-41ec-878c-7dd928ac85cf,184:80c4003048bfc5df11eb3ecb95d480f8}(|)Авторинок Средняя, Одеса, Одеська(|)
{"#",47e6dd42-cd5c-4e3a-9bc4-14816ed53d38,66:80c4003048bfc5df11eb4044db066792}(|){"#",a2b5aac2-33a7-41ec-878c-7dd928ac85cf,184:80c4003048bfc5df11eb40456f28fe6d}(|)Нова Каховка, Херсонська, вул. Латишських Стрільців,  1-Р(|)
{"#",47e6dd42-cd5c-4e3a-9bc4-14816ed53d38,66:80c4003048bfc5df11eb40471e19391d}(|){"#",a2b5aac2-33a7-41ec-878c-7dd928ac85cf,184:80c4003048bfc5df11eb40456f28fe6d}(|)Нова Каховка, Херсонська, вул. Латишських Стрільців,  1-Р(|)
{"#",47e6dd42-cd5c-4e3a-9bc4-14816ed53d38,66:80c4003048bfc5df11eb4117652d9937}(|){"#",a2b5aac2-33a7-41ec-878c-7dd928ac85cf,184:80c4003048bfc5df11eb411a82de8096}(|)Березне, Рівненська, вул. Андріївська,  62-Г(|)
{"#",47e6dd42-cd5c-4e3a-9bc4-14816ed53d38,66:ae9a001517d39cec11e3fca23e197d7d}(|){"#",a2b5aac2-33a7-41ec-878c-7dd928ac85cf,184:80c4003048bfc5df11eb436ce31a7ea1}(|)Ворзель, Київська, вул. Європейська (Радянська),  19(|)
{"#",47e6dd42-cd5c-4e3a-9bc4-14816ed53d38,66:80c4003048bfc5df11eb442e3516c7ef}(|){"#",a2b5aac2-33a7-41ec-878c-7dd928ac85cf,184:80c4003048bfc5df11eb442efd60d276}(|)Березівка, Одеська, пров. Шевченка,  5(|)
{"#",47e6dd42-cd5c-4e3a-9bc4-14816ed53d38,66:80c4003048bfc5df11eb442f4d2ece15}(|){"#",a2b5aac2-33a7-41ec-878c-7dd928ac85cf,184:80c4003048bfc5df11eb442f818f6599}(|)Раухівка, Одеська, вул. Гвардійська,  1(|)
{"#",47e6dd42-cd5c-4e3a-9bc4-14816ed53d38,66:80c4003048bfc5df11eb442fe496505a}(|){"#",a2b5aac2-33a7-41ec-878c-7dd928ac85cf,184:80c4003048bfc5df11eb4432d94aca30}(|)Березівка, Одеська, вул. Пушкінська,  253(|)
{"#",47e6dd42-cd5c-4e3a-9bc4-14816ed53d38,66:80c4003048bfc5df11eb44543b9ed457}(|){"#",a2b5aac2-33a7-41ec-878c-7dd928ac85cf,184:80c4003048bfc5df11eb4454dba60f58}(|)Березне, Рівненська, вул. Андріївська,  37/2(|)
{"#",47e6dd42-cd5c-4e3a-9bc4-14816ed53d38,66:80c4003048bfc5df11eb4458bfa55d42}(|){"#",a2b5aac2-33a7-41ec-878c-7dd928ac85cf,184:80c4003048bfc5df11eb445a3e4e3d7e}(|)Вишневе, Київська, вул. Київська,  36(|)
{"#",47e6dd42-cd5c-4e3a-9bc4-14816ed53d38,66:9298001517d39cec11e6265b7df338b3}(|){"#",a2b5aac2-33a7-41ec-878c-7dd928ac85cf,184:80c4003048bfc5df11eb452b43612022}(|)Полтава, Полтавська, пров. Марата,  10(|)
{"#",47e6dd42-cd5c-4e3a-9bc4-14816ed53d38,66:80c4003048bfc5df11eb45e515f59934}(|){"#",a2b5aac2-33a7-41ec-878c-7dd928ac85cf,184:80c4003048bfc5df11eb45e5ba72da73}(|)Їжівці, Чернівецька, вул. Штефан Чел Маре,  1-А(|)
{"#",47e6dd42-cd5c-4e3a-9bc4-14816ed53d38,66:80c4003048bfc5df11eb4699d6763b97}(|){"#",a2b5aac2-33a7-41ec-878c-7dd928ac85cf,184:80c4003048bfc5df11eb469a4c92404b}(|)Рівне, Рівненська, вул. Здолбунівська,  17-А(|)
{"#",47e6dd42-cd5c-4e3a-9bc4-14816ed53d38,66:80c4003048bfc5df11eb469a9c1b0bb0}(|){"#",a2b5aac2-33a7-41ec-878c-7dd928ac85cf,184:80c4003048bfc5df11eb469b15a933ad}(|)Рівне, Рівненська, вул. Віденська,  38(|)
{"#",47e6dd42-cd5c-4e3a-9bc4-14816ed53d38,66:80c4003048bfc5df11eb46a064e7e325}(|){"#",a2b5aac2-33a7-41ec-878c-7dd928ac85cf,184:80c4003048bfc5df11eb46a0bd9f72e2}(|)Рівне, Рівненська, вул. Київська,  46(|)
{"#",47e6dd42-cd5c-4e3a-9bc4-14816ed53d38,66:80c4003048bfc5df11eb46a10965051d}(|){"#",a2b5aac2-33a7-41ec-878c-7dd928ac85cf,184:80c4003048bfc5df11eb46a15bd80934}(|)Рівне, Рівненська, пров. Робітничий,  36(|)
{"#",47e6dd42-cd5c-4e3a-9bc4-14816ed53d38,66:80c4003048bfc5df11eb4919aa26f584}(|){"#",a2b5aac2-33a7-41ec-878c-7dd928ac85cf,184:80c4003048bfc5df11eb491a2802ad41}(|)Авторинок Динамо, Рівне, Рівненська(|)
{"#",47e6dd42-cd5c-4e3a-9bc4-14816ed53d38,66:80c4003048bfc5df11eb491d08e7fecd}(|){"#",a2b5aac2-33a7-41ec-878c-7dd928ac85cf,184:80c4003048bfc5df11eb491d64ee0048}(|)Рівне, Рівненська, вул. Приміська,  39(|)
{"#",47e6dd42-cd5c-4e3a-9bc4-14816ed53d38,66:80c4003048bfc5df11eb49d1738eae7f}(|){"#",a2b5aac2-33a7-41ec-878c-7dd928ac85cf,184:80c4003048bfc5df11eb49d1a93f6a9c}(|)Київ, Київська, вул. Кадетський Гай,  3(|)
{"#",47e6dd42-cd5c-4e3a-9bc4-14816ed53d38,66:80c7003048bfc5df11eb570f88e892a1}(|){"#",a2b5aac2-33a7-41ec-878c-7dd928ac85cf,184:80c7003048bfc5df11eb57121175ab77}(|)Сарни, Рівненська, вул. Шота Руставелі,  17(|)
{"#",47e6dd42-cd5c-4e3a-9bc4-14816ed53d38,66:80c7003048bfc5df11eb5a4d1fa01e68}(|){"#",a2b5aac2-33a7-41ec-878c-7dd928ac85cf,184:80c7003048bfc5df11eb5a4d83c2bc99}(|)Вараш, Рівненська, вул. Ринкова,  240(|)
{"#",47e6dd42-cd5c-4e3a-9bc4-14816ed53d38,66:80c7003048bfc5df11eb5a4e64a556b8}(|){"#",a2b5aac2-33a7-41ec-878c-7dd928ac85cf,184:80c7003048bfc5df11eb5a4f94c93e9d}(|)Авторинок Автобазар, Хмельницький, Хмельницька(|)
{"#",47e6dd42-cd5c-4e3a-9bc4-14816ed53d38,66:80c7003048bfc5df11eb5a61ad131cd4}(|){"#",a2b5aac2-33a7-41ec-878c-7dd928ac85cf,184:80c7003048bfc5df11eb5a624b044865}(|)Рокитне (Рівненська обл., Рокитнівський р-н), Рівненська, вул. Соборна,  4(|)
{"#",47e6dd42-cd5c-4e3a-9bc4-14816ed53d38,66:80c7003048bfc5df11eb5be18cdc4566}(|){"#",a2b5aac2-33a7-41ec-878c-7dd928ac85cf,184:80c7003048bfc5df11eb5be2292e8971}(|)Сновськ, Чернігівська, вул. Чернігівська,  25-А(|)
{"#",47e6dd42-cd5c-4e3a-9bc4-14816ed53d38,66:80c3003048bfc5df11eb34857e6adacb}(|){"#",a2b5aac2-33a7-41ec-878c-7dd928ac85cf,184:80c7003048bfc5df11eb5c8ad3b82fd5}(|)Вишневе, Київська, вул. Чорновола В'ячеслава,  46-Б(|)
{"#",47e6dd42-cd5c-4e3a-9bc4-14816ed53d38,66:80c7003048bfc5df11eb607d916b8cd6}(|){"#",a2b5aac2-33a7-41ec-878c-7dd928ac85cf,184:80c7003048bfc5df11eb607e310e92f4}(|)Солоне, Дніпропетровська, вул. Гагаріна,  30(|)
{"#",47e6dd42-cd5c-4e3a-9bc4-14816ed53d38,66:80c7003048bfc5df11eb607ebe4a7cc6}(|){"#",a2b5aac2-33a7-41ec-878c-7dd928ac85cf,184:80c7003048bfc5df11eb6080188914e9}(|)Солоне, Дніпропетровська, вул. Соборна,  116(|)
{"#",47e6dd42-cd5c-4e3a-9bc4-14816ed53d38,66:00000000000000000000000000000000}(|){"#",a2b5aac2-33a7-41ec-878c-7dd928ac85cf,184:80c7003048bfc5df11eb6163088b0b2b}(|)Радивилів, Рівненська, вул. Зелена,  2(|)
{"#",47e6dd42-cd5c-4e3a-9bc4-14816ed53d38,66:80c7003048bfc5df11eb616311345224}(|){"#",a2b5aac2-33a7-41ec-878c-7dd928ac85cf,184:80c7003048bfc5df11eb6163088b0b2b}(|)Радивилів, Рівненська, вул. Зелена,  2(|)
{"#",47e6dd42-cd5c-4e3a-9bc4-14816ed53d38,66:aa8f0025909438d711e8550927192d17}(|){"#",a2b5aac2-33a7-41ec-878c-7dd928ac85cf,184:80c7003048bfc5df11eb61666f12878b}(|)Київ, Київська, дорога Кільцева,  22(|)
{"#",47e6dd42-cd5c-4e3a-9bc4-14816ed53d38,66:aa980025909438d611ea83af6efd41dd}(|){"#",a2b5aac2-33a7-41ec-878c-7dd928ac85cf,184:80c7003048bfc5df11eb616e58381d93}(|)Новосілки (Києво-Святошинський р-н), Київська, вул. Озерна,  20е(|)
{"#",47e6dd42-cd5c-4e3a-9bc4-14816ed53d38,66:80c7003048bfc5df11eb646647ef3654}(|){"#",a2b5aac2-33a7-41ec-878c-7dd928ac85cf,184:80c7003048bfc5df11eb64684eede161}(|)Кривий Ріг, Дніпропетровська, вул. Ухтомського,  17(|)
{"#",47e6dd42-cd5c-4e3a-9bc4-14816ed53d38,66:80c7003048bfc5df11eb646a29683841}(|){"#",a2b5aac2-33a7-41ec-878c-7dd928ac85cf,184:80c7003048bfc5df11eb646bed13bccc}(|)Дніпро, Дніпропетровська, шосе Запорізьке,  55(|)
{"#",47e6dd42-cd5c-4e3a-9bc4-14816ed53d38,66:80c7003048bfc5df11eb646d5839b46c}(|){"#",a2b5aac2-33a7-41ec-878c-7dd928ac85cf,184:80c7003048bfc5df11eb646dc9a422f6}(|)Дніпро, Дніпропетровська, шосе Запорізьке,  55-Є(|)
{"#",47e6dd42-cd5c-4e3a-9bc4-14816ed53d38,66:80c7003048bfc5df11eb646f86a49945}(|){"#",a2b5aac2-33a7-41ec-878c-7dd928ac85cf,184:80c7003048bfc5df11eb647166eeabbc}(|)Лебедин (Сумська обл.), Сумська, вул. Леси Українки,  9(|)
{"#",47e6dd42-cd5c-4e3a-9bc4-14816ed53d38,66:80c7003048bfc5df11eb64722961c78f}(|){"#",a2b5aac2-33a7-41ec-878c-7dd928ac85cf,184:80c7003048bfc5df11eb6472ad41a306}(|)Охтирка, Сумська, вул. Сумська (Фрунзе),  8(|)
{"#",47e6dd42-cd5c-4e3a-9bc4-14816ed53d38,66:80c7003048bfc5df11eb64823c951bf9}(|){"#",a2b5aac2-33a7-41ec-878c-7dd928ac85cf,184:80c7003048bfc5df11eb6482bd8395e0}(|)Радивилів, Рівненська, вул. Почаївська,  41(|)
{"#",47e6dd42-cd5c-4e3a-9bc4-14816ed53d38,66:80c7003048bfc5df11eb607d916b8cd6}(|){"#",a2b5aac2-33a7-41ec-878c-7dd928ac85cf,184:80c7003048bfc5df11eb648eb3bfd15e}(|)Солоне, Дніпропетровська, вул. Соборна,  205(|)
{"#",47e6dd42-cd5c-4e3a-9bc4-14816ed53d38,66:9c80001517d39cec11e4a7a3f093f536}(|){"#",a2b5aac2-33a7-41ec-878c-7dd928ac85cf,184:80c7003048bfc5df11eb6496819c55b0}(|)Київ, Київська, вул. Тернопільська,  4-Б(|)
{"#",47e6dd42-cd5c-4e3a-9bc4-14816ed53d38,66:80c7003048bfc5df11eb654414474a54}(|){"#",a2b5aac2-33a7-41ec-878c-7dd928ac85cf,184:80c7003048bfc5df11eb65445ef5f3f7}(|)Рівне, Рівненська, вул. Острозького,  12(|)
{"#",47e6dd42-cd5c-4e3a-9bc4-14816ed53d38,66:80c3003048bfc5df11eb34857e6adacb}(|){"#",a2b5aac2-33a7-41ec-878c-7dd928ac85cf,184:80c7003048bfc5df11eb6565ce59ec04}(|)Миронівка, Київська, вул. Соборності (Леніна),  190(|)
{"#",47e6dd42-cd5c-4e3a-9bc4-14816ed53d38,66:80c7003048bfc5df11eb66e0d49aa386}(|){"#",a2b5aac2-33a7-41ec-878c-7dd928ac85cf,184:80c7003048bfc5df11eb66e1c46faa15}(|)Лубни, Полтавська, вул. Гагаріна,  4(|)
{"#",47e6dd42-cd5c-4e3a-9bc4-14816ed53d38,66:80c7003048bfc5df11eb678cfc75b219}(|){"#",a2b5aac2-33a7-41ec-878c-7dd928ac85cf,184:80c7003048bfc5df11eb678fe05eff2f}(|)Сокільники, Львівська, вул. Дубівка,  10(|)
{"#",47e6dd42-cd5c-4e3a-9bc4-14816ed53d38,66:80c7003048bfc5df11eb678cfc75b219}(|){"#",a2b5aac2-33a7-41ec-878c-7dd928ac85cf,184:80c7003048bfc5df11eb67911c00cc65}(|)Сокільники, Львівська, вул. Богдана Хмельницького,  2(|)
{"#",47e6dd42-cd5c-4e3a-9bc4-14816ed53d38,66:851c001517d39cec11e669344ffce62e}(|){"#",a2b5aac2-33a7-41ec-878c-7dd928ac85cf,184:851c001517d39cec11e66934d3e41f5c}(|)Авторинок Спортек, Полтава, Полтавська(|)
{"#",47e6dd42-cd5c-4e3a-9bc4-14816ed53d38,66:851c001517d39cec11e66e8b6fcdc1a6}(|){"#",a2b5aac2-33a7-41ec-878c-7dd928ac85cf,184:851c001517d39cec11e66e8b9ac40168}(|)Запоріжжя, Запорізька, просп.Соборний (Леніна), 145(|)
{"#",47e6dd42-cd5c-4e3a-9bc4-14816ed53d38,66:aa8f0025909438d711e851cef098eb3b}(|){"#",a2b5aac2-33a7-41ec-878c-7dd928ac85cf,184:851cb41afd8ed0d146e1c9000bd7163d}(|)Отделение почтовой службы(|)
{"#",47e6dd42-cd5c-4e3a-9bc4-14816ed53d38,66:aa930025909438d611e94954be5ecb87}(|){"#",a2b5aac2-33a7-41ec-878c-7dd928ac85cf,184:851cb41afd8ed0d146e1c9000bd7163d}(|)Отделение почтовой службы(|)
{"#",47e6dd42-cd5c-4e3a-9bc4-14816ed53d38,66:aa930025909438d611e97ec8cac80a72}(|){"#",a2b5aac2-33a7-41ec-878c-7dd928ac85cf,184:851cb41afd8ed0d146e1c9000bd7163d}(|)Отделение почтовой службы(|)
{"#",47e6dd42-cd5c-4e3a-9bc4-14816ed53d38,66:aa950025909438d711e9ac7545f04da8}(|){"#",a2b5aac2-33a7-41ec-878c-7dd928ac85cf,184:851cb41afd8ed0d146e1c9000bd7163d}(|)Отделение почтовой службы(|)
{"#",47e6dd42-cd5c-4e3a-9bc4-14816ed53d38,66:aa990025909438d611eaba0ac5ca592d}(|){"#",a2b5aac2-33a7-41ec-878c-7dd928ac85cf,184:851cb41afd8ed0d146e1c9000bd7163d}(|)Отделение почтовой службы(|)
{"#",47e6dd42-cd5c-4e3a-9bc4-14816ed53d38,66:ae63001517d39cec11e6734b91403728}(|){"#",a2b5aac2-33a7-41ec-878c-7dd928ac85cf,184:851cb41afd8ed0d146e1c9000bd7163d}(|)Отделение почтовой службы(|)
{"#",47e6dd42-cd5c-4e3a-9bc4-14816ed53d38,66:ae9a001517d39cec11e3fc9fe332d6c2}(|){"#",a2b5aac2-33a7-41ec-878c-7dd928ac85cf,184:851cb41afd8ed0d146e1c9000bd7163d}(|)Отделение почтовой службы(|)
{"#",47e6dd42-cd5c-4e3a-9bc4-14816ed53d38,66:ae9a001517d39cec11e3fed080bd5f14}(|){"#",a2b5aac2-33a7-41ec-878c-7dd928ac85cf,184:851cb41afd8ed0d146e1c9000bd7163d}(|)Отделение почтовой службы(|)
{"#",47e6dd42-cd5c-4e3a-9bc4-14816ed53d38,66:b7df001517d39cec11e750102b59b48c}(|){"#",a2b5aac2-33a7-41ec-878c-7dd928ac85cf,184:851cb41afd8ed0d146e1c9000bd7163d}(|)Отделение почтовой службы(|)
{"#",47e6dd42-cd5c-4e3a-9bc4-14816ed53d38,66:8624001517d39cec11e7e49f58ff8244}(|){"#",a2b5aac2-33a7-41ec-878c-7dd928ac85cf,184:8624001517d39cec11e7e49fdcf2a734}(|)Київ, Київська, вул.Кирилівська (Фрунзе), 160(|)
{"#",47e6dd42-cd5c-4e3a-9bc4-14816ed53d38,66:8624001517d39cec11e7e56a4182e663}(|){"#",a2b5aac2-33a7-41ec-878c-7dd928ac85cf,184:8624001517d39cec11e7e56a86265966}(|)Авторинок Москвич, Одеса, Одеська(|)
{"#",47e6dd42-cd5c-4e3a-9bc4-14816ed53d38,66:8624001517d39cec11e7e593f566d5c0}(|){"#",a2b5aac2-33a7-41ec-878c-7dd928ac85cf,184:8624001517d39cec11e7e594f34c820e}(|)Одеська обл., м.Ізмаіл, вул.Нахімова,94 "Автозапчастини"(|)
{"#",47e6dd42-cd5c-4e3a-9bc4-14816ed53d38,66:8624001517d39cec11e7e6566155bfb8}(|){"#",a2b5aac2-33a7-41ec-878c-7dd928ac85cf,184:8624001517d39cec11e7e656c39bad68}(|)Переяслав, Київська, вул.Хмельницького Богдана, 170(|)
{"#",47e6dd42-cd5c-4e3a-9bc4-14816ed53d38,66:aaa6001517d39cec11e7b95d17cde5da}(|){"#",a2b5aac2-33a7-41ec-878c-7dd928ac85cf,184:8624001517d39cec11e7e984149de91c}(|)Новомосковськ, Дніпропетровська, вул.Воронівська (Куйбишева), 78(|)
{"#",47e6dd42-cd5c-4e3a-9bc4-14816ed53d38,66:ae9a001517d39cec11e3fca0c2dfd435}(|){"#",a2b5aac2-33a7-41ec-878c-7dd928ac85cf,184:8624001517d39cec11e7ea159fec70d8}(|)Охтирка, Сумська, вул.Шевченка, 3(|)
{"#",47e6dd42-cd5c-4e3a-9bc4-14816ed53d38,66:8624001517d39cec11e7ea1f0ca06154}(|){"#",a2b5aac2-33a7-41ec-878c-7dd928ac85cf,184:8624001517d39cec11e7ea2d574c9d9a}(|)Київ, Київська, вул.Пшенична, 21(|)
{"#",47e6dd42-cd5c-4e3a-9bc4-14816ed53d38,66:8624001517d39cec11e7ea1e812932ae}(|){"#",a2b5aac2-33a7-41ec-878c-7dd928ac85cf,184:8624001517d39cec11e7ea2da7886050}(|)Київ, Київська, просп.Гонгадзе Георгія, 5-А(|)
{"#",47e6dd42-cd5c-4e3a-9bc4-14816ed53d38,66:ae9a001517d39cec11e3fca192cf8b7b}(|){"#",a2b5aac2-33a7-41ec-878c-7dd928ac85cf,184:8624001517d39cec11e7ea30a0227212}(|)Дніпро, Дніпропетровська, вул.Берегова, 218(|)
{"#",47e6dd42-cd5c-4e3a-9bc4-14816ed53d38,66:9cb8001517d39cec11e7d03a5e4748a0}(|){"#",a2b5aac2-33a7-41ec-878c-7dd928ac85cf,184:8624001517d39cec11e7eafdb79dff60}(|)Одеса, Одеська, вул.Балківська, 213(|)
{"#",47e6dd42-cd5c-4e3a-9bc4-14816ed53d38,66:ae9a001517d39cec11e3fca192cf8b87}(|){"#",a2b5aac2-33a7-41ec-878c-7dd928ac85cf,184:8624001517d39cec11e7eafe070cb7da}(|)Одеса, Одеська, вул.Інглезі (25 Чапаєвської Дивізії), 7-А(|)
{"#",47e6dd42-cd5c-4e3a-9bc4-14816ed53d38,66:86a1001517d39cec11e413f5ced29a07}(|){"#",a2b5aac2-33a7-41ec-878c-7dd928ac85cf,184:86a1001517d39cec11e413f6f9aa5af2}(|)Черкаси, Черкаська, вул.Благовісна, 232(|)
{"#",47e6dd42-cd5c-4e3a-9bc4-14816ed53d38,66:86a1001517d39cec11e4165d8125173e}(|){"#",a2b5aac2-33a7-41ec-878c-7dd928ac85cf,184:86a1001517d39cec11e4165ee88f96c0}(|)Козелець, Чернігівська, с.Димерка, вул Челюскінців3(|)
{"#",47e6dd42-cd5c-4e3a-9bc4-14816ed53d38,66:86a1001517d39cec11e4172f5dcd792b}(|){"#",a2b5aac2-33a7-41ec-878c-7dd928ac85cf,184:86a1001517d39cec11e4173050cb43c8}(|)Димер, Київська, вул.Дніпровська, 7(|)
{"#",47e6dd42-cd5c-4e3a-9bc4-14816ed53d38,66:86a1001517d39cec11e4194abe3a6ab2}(|){"#",a2b5aac2-33a7-41ec-878c-7dd928ac85cf,184:86a1001517d39cec11e4194bf07bfb7a}(|)Ріпки, Чернігівська, пров.Пильський, 5(|)
{"#",47e6dd42-cd5c-4e3a-9bc4-14816ed53d38,66:86a1001517d39cec11e4194fc0a1a5cc}(|){"#",a2b5aac2-33a7-41ec-878c-7dd928ac85cf,184:86a1001517d39cec11e41950df43bbd9}(|)Ріпки, Чернігівська, вул.Святомиколаївська, 142(|)
{"#",47e6dd42-cd5c-4e3a-9bc4-14816ed53d38,66:86a1001517d39cec11e41bbb88b59696}(|){"#",a2b5aac2-33a7-41ec-878c-7dd928ac85cf,184:86a1001517d39cec11e41bbc4b459d14}(|)Кобеляки, Полтавська, вул.Полтавська, 17(|)
{"#",47e6dd42-cd5c-4e3a-9bc4-14816ed53d38,66:86a1001517d39cec11e41bcf0dea8ada}(|){"#",a2b5aac2-33a7-41ec-878c-7dd928ac85cf,184:86a1001517d39cec11e41bcf7a22c818}(|)Суми, Сумська, просп.Шевченка, 25(|)
{"#",47e6dd42-cd5c-4e3a-9bc4-14816ed53d38,66:86a1001517d39cec11e41e17cf648ef4}(|){"#",a2b5aac2-33a7-41ec-878c-7dd928ac85cf,184:86a1001517d39cec11e41e18dcc721e6}(|)Вознесенськ, Миколаївська, вул.Соборності (Леніна), 14(|)
{"#",47e6dd42-cd5c-4e3a-9bc4-14816ed53d38,66:86a1001517d39cec11e41e3353226b4c}(|){"#",a2b5aac2-33a7-41ec-878c-7dd928ac85cf,184:86a1001517d39cec11e41e33eb087d4b}(|)Чаплинка (Херсонська обл.), Херсонська, вул.Асканійська, 2(|)
{"#",47e6dd42-cd5c-4e3a-9bc4-14816ed53d38,66:8b78001517d39cec11e79ecd93b7e039}(|){"#",a2b5aac2-33a7-41ec-878c-7dd928ac85cf,184:8b78001517d39cec11e79ecdd8e33946}(|)Одеса, Одеська, вул.Велика Арнаутська, 119(|)
{"#",47e6dd42-cd5c-4e3a-9bc4-14816ed53d38,66:911f001517d39cec11e4247ebef75c1e}(|){"#",a2b5aac2-33a7-41ec-878c-7dd928ac85cf,184:911f001517d39cec11e4247f797b72dc}(|)Корюківка, Чернігівська, вул.Садова, 79(|)
{"#",47e6dd42-cd5c-4e3a-9bc4-14816ed53d38,66:911f001517d39cec11e426ccb891113a}(|){"#",a2b5aac2-33a7-41ec-878c-7dd928ac85cf,184:911f001517d39cec11e426d169489ac6}(|)Світловодськ, Кіровоградська, вул.Героїв України (Леніна), 39(|)
{"#",47e6dd42-cd5c-4e3a-9bc4-14816ed53d38,66:911f001517d39cec11e4283a2b17de5a}(|){"#",a2b5aac2-33a7-41ec-878c-7dd928ac85cf,184:911f001517d39cec11e4283b33a76f30}(|)Київ, Київська, вул.Зодчих, 5(|)
{"#",47e6dd42-cd5c-4e3a-9bc4-14816ed53d38,66:911f001517d39cec11e429cc80cce99c}(|){"#",a2b5aac2-33a7-41ec-878c-7dd928ac85cf,184:911f001517d39cec11e429ce0aefa7bc}(|)Мена, Чернігівська, вул.Ватутіна, 17(|)
{"#",47e6dd42-cd5c-4e3a-9bc4-14816ed53d38,66:911f001517d39cec11e42a0950871fb3}(|){"#",a2b5aac2-33a7-41ec-878c-7dd928ac85cf,184:911f001517d39cec11e42a0a8240ca63}(|)Бородянка, Київська, с.Блиставиця, вул Петровського2-Б(|)
{"#",47e6dd42-cd5c-4e3a-9bc4-14816ed53d38,66:911f001517d39cec11e42ea3f4ea6450}(|){"#",a2b5aac2-33a7-41ec-878c-7dd928ac85cf,184:911f001517d39cec11e42ea487d4ec30}(|)Прилуки, Чернігівська, вул.Пирятинська, 50(|)
{"#",47e6dd42-cd5c-4e3a-9bc4-14816ed53d38,66:911f001517d39cec11e42eb3934c3028}(|){"#",a2b5aac2-33a7-41ec-878c-7dd928ac85cf,184:911f001517d39cec11e42eb42e476c82}(|)Каланчак, Херсонська, вул.Леніна, 17(|)
{"#",47e6dd42-cd5c-4e3a-9bc4-14816ed53d38,66:911f001517d39cec11e42f626f346444}(|){"#",a2b5aac2-33a7-41ec-878c-7dd928ac85cf,184:911f001517d39cec11e42f6327430e36}(|)Київ, Київська, вул.Коноплянська, 12(|)
{"#",47e6dd42-cd5c-4e3a-9bc4-14816ed53d38,66:911f001517d39cec11e431a7c7b2f0d0}(|){"#",a2b5aac2-33a7-41ec-878c-7dd928ac85cf,184:911f001517d39cec11e431a90dd6be2e}(|)Миргород, Полтавська, вул.Гоголя, 178(|)
{"#",47e6dd42-cd5c-4e3a-9bc4-14816ed53d38,66:911f001517d39cec11e431a949d5aaf2}(|){"#",a2b5aac2-33a7-41ec-878c-7dd928ac85cf,184:911f001517d39cec11e431aa13d445fc}(|)Миргород, Полтавська, вул.Гоголя, 14-А(|)
{"#",47e6dd42-cd5c-4e3a-9bc4-14816ed53d38,66:911f001517d39cec11e431b492d80564}(|){"#",a2b5aac2-33a7-41ec-878c-7dd928ac85cf,184:911f001517d39cec11e431b53dc9c052}(|)Кривий Ріг, Дніпропетровська, вул.Володимира Великого (Мелешкіна), 69(|)
{"#",47e6dd42-cd5c-4e3a-9bc4-14816ed53d38,66:911f001517d39cec11e432abc4c936b8}(|){"#",a2b5aac2-33a7-41ec-878c-7dd928ac85cf,184:911f001517d39cec11e432ac31d0e076}(|)Авторинок Ореховський, Запоріжжя, Запорізька(|)
{"#",47e6dd42-cd5c-4e3a-9bc4-14816ed53d38,66:911f001517d39cec11e4337908cd5eb9}(|){"#",a2b5aac2-33a7-41ec-878c-7dd928ac85cf,184:911f001517d39cec11e433798722d9a8}(|)Київ, Київська, вул.Салютна, 2(|)
{"#",47e6dd42-cd5c-4e3a-9bc4-14816ed53d38,66:911f001517d39cec11e4340fd8162ee6}(|){"#",a2b5aac2-33a7-41ec-878c-7dd928ac85cf,184:911f001517d39cec11e434106e1d0838}(|)Авангард, Одеська, вул.Огородня, 1(|)
{"#",47e6dd42-cd5c-4e3a-9bc4-14816ed53d38,66:911f001517d39cec11e434f7c5a395da}(|){"#",a2b5aac2-33a7-41ec-878c-7dd928ac85cf,184:911f001517d39cec11e434f8673dfa2a}(|)Київ, Київська, вул.Бережанська, 15(|)
{"#",47e6dd42-cd5c-4e3a-9bc4-14816ed53d38,66:9c80001517d39cec11e4ce52e1d132c4}(|){"#",a2b5aac2-33a7-41ec-878c-7dd928ac85cf,184:911f001517d39cec11e434f8673dfa2a}(|)Київ, Київська, вул.Бережанська, 15(|)
{"#",47e6dd42-cd5c-4e3a-9bc4-14816ed53d38,66:ae9a001517d39cec11e3fca061bcc56b}(|){"#",a2b5aac2-33a7-41ec-878c-7dd928ac85cf,184:911f001517d39cec11e434f8673dfa2a}(|)Київ, Київська, вул.Бережанська, 15(|)
{"#",47e6dd42-cd5c-4e3a-9bc4-14816ed53d38,66:911f001517d39cec11e43764574e2e5a}(|){"#",a2b5aac2-33a7-41ec-878c-7dd928ac85cf,184:911f001517d39cec11e43764a6f61f48}(|)Авторинок Паустовського, Одеса, Одеська(|)
{"#",47e6dd42-cd5c-4e3a-9bc4-14816ed53d38,66:911f001517d39cec11e43820be797fac}(|){"#",a2b5aac2-33a7-41ec-878c-7dd928ac85cf,184:911f001517d39cec11e43820ef0d6960}(|)Первомайський (Харківська обл.), Харківська, просп.Перемоги, 1-А(|)
{"#",47e6dd42-cd5c-4e3a-9bc4-14816ed53d38,66:911f001517d39cec11e43cd0dcb12600}(|){"#",a2b5aac2-33a7-41ec-878c-7dd928ac85cf,184:911f001517d39cec11e43cd10e6cb356}(|)Авторинок Ореховський, Запоріжжя, Запорізька(|)
{"#",47e6dd42-cd5c-4e3a-9bc4-14816ed53d38,66:911f001517d39cec11e43ce585c419db}(|){"#",a2b5aac2-33a7-41ec-878c-7dd928ac85cf,184:911f001517d39cec11e43ce5ec1261c4}(|)Авторинок Ореховський, Запоріжжя, Запорізька(|)
{"#",47e6dd42-cd5c-4e3a-9bc4-14816ed53d38,66:911f001517d39cec11e43d746baa0446}(|){"#",a2b5aac2-33a7-41ec-878c-7dd928ac85cf,184:911f001517d39cec11e43d754df758e5}(|)Божедарівка(Криничанський р-н), Дніпропетровська, вул.Ісполкомівська, 12(|)
{"#",47e6dd42-cd5c-4e3a-9bc4-14816ed53d38,66:911f001517d39cec11e43d75794f590e}(|){"#",a2b5aac2-33a7-41ec-878c-7dd928ac85cf,184:911f001517d39cec11e43d75d7a4c40a}(|)Верхньодніпровськ, Дніпропетровська, вул.Титова, 2-А(|)
{"#",47e6dd42-cd5c-4e3a-9bc4-14816ed53d38,66:911f001517d39cec11e43d76076e05e8}(|){"#",a2b5aac2-33a7-41ec-878c-7dd928ac85cf,184:911f001517d39cec11e43d76675d8558}(|)Божедарівка(Криничанський р-н), Дніпропетровська, вул.Лагерна, 7-А(|)
{"#",47e6dd42-cd5c-4e3a-9bc4-14816ed53d38,66:ae9a001517d39cec11e3fca31a735367}(|){"#",a2b5aac2-33a7-41ec-878c-7dd928ac85cf,184:911f001517d39cec11e43d9b7c34b816}(|)Авторинок Іванків авторинок, Іванків (Іванківський р-н), Київська(|)
{"#",47e6dd42-cd5c-4e3a-9bc4-14816ed53d38,66:ae9a001517d39cec11e3fca31a735379}(|){"#",a2b5aac2-33a7-41ec-878c-7dd928ac85cf,184:911f001517d39cec11e43f29a81694ff}(|)Васильків (Київська обл., Васильківський р-н), Київська, вул.Володимирська, 22-А(|)
{"#",47e6dd42-cd5c-4e3a-9bc4-14816ed53d38,66:ae9a001517d39cec11e3fca1e240a651}(|){"#",a2b5aac2-33a7-41ec-878c-7dd928ac85cf,184:911f001517d39cec11e4423548411162}(|)Суми, Сумська, вул.Білопільський Шлях, 21(|)
{"#",47e6dd42-cd5c-4e3a-9bc4-14816ed53d38,66:ae9a001517d39cec11e3fca3577fa9eb}(|){"#",a2b5aac2-33a7-41ec-878c-7dd928ac85cf,184:911f001517d39cec11e442f1c7b29f62}(|)пл.Жовтнева,11, м.Ужгород, Ужгородський р-н, Закарпатська обл.(|)
{"#",47e6dd42-cd5c-4e3a-9bc4-14816ed53d38,66:911f001517d39cec11e443f18c22f2ff}(|){"#",a2b5aac2-33a7-41ec-878c-7dd928ac85cf,184:911f001517d39cec11e443f2232b4a46}(|)Чаплинка (Херсонська обл.), Херсонська, вул.Леніна, 2(|)
{"#",47e6dd42-cd5c-4e3a-9bc4-14816ed53d38,66:911f001517d39cec11e444874d00298c}(|){"#",a2b5aac2-33a7-41ec-878c-7dd928ac85cf,184:911f001517d39cec11e4448799a602e8}(|)Чаплинка (Херсонська обл.), Херсонська, вул.Леніна, 26(|)
{"#",47e6dd42-cd5c-4e3a-9bc4-14816ed53d38,66:ae9a001517d39cec11e3fca2873ee2a8}(|){"#",a2b5aac2-33a7-41ec-878c-7dd928ac85cf,184:911f001517d39cec11e4458a2db28e7c}(|)Київ, Київська, вул.Туполєва Академіка, 50/20(|)
{"#",47e6dd42-cd5c-4e3a-9bc4-14816ed53d38,66:911f001517d39cec11e4489e04089924}(|){"#",a2b5aac2-33a7-41ec-878c-7dd928ac85cf,184:911f001517d39cec11e4489ef7d10ba5}(|)Люботин, Харківська, вул.Шевченка, 46/1(|)
{"#",47e6dd42-cd5c-4e3a-9bc4-14816ed53d38,66:ae9a001517d39cec11e3fca12b0fb718}(|){"#",a2b5aac2-33a7-41ec-878c-7dd928ac85cf,184:911f001517d39cec11e44a300e927f48}(|)Васильків (Київська обл., Васильківський р-н), Київська, вул.Володимирська, 22-А(|)
{"#",47e6dd42-cd5c-4e3a-9bc4-14816ed53d38,66:911f001517d39cec11e44d37f154f798}(|){"#",a2b5aac2-33a7-41ec-878c-7dd928ac85cf,184:911f001517d39cec11e44d38b77622bc}(|)Львів, Львівська, вул.Зелена, 115-А(|)
{"#",47e6dd42-cd5c-4e3a-9bc4-14816ed53d38,66:ae9a001517d39cec11e3fca06dcead07}(|){"#",a2b5aac2-33a7-41ec-878c-7dd928ac85cf,184:911f001517d39cec11e44d38b77622bc}(|)Львів, Львівська, вул.Зелена, 115-А(|)
{"#",47e6dd42-cd5c-4e3a-9bc4-14816ed53d38,66:911f001517d39cec11e44e0cf38b068a}(|){"#",a2b5aac2-33a7-41ec-878c-7dd928ac85cf,184:911f001517d39cec11e44e0e279b1f86}(|)Дніпро, Дніпропетровська, вул.Поштова, 110-А(|)
{"#",47e6dd42-cd5c-4e3a-9bc4-14816ed53d38,66:92f7001517d39cec11e71399492fdece}(|){"#",a2b5aac2-33a7-41ec-878c-7dd928ac85cf,184:911f001517d39cec11e44e0e279b1f86}(|)Дніпро, Дніпропетровська, вул.Поштова, 110-А(|)
{"#",47e6dd42-cd5c-4e3a-9bc4-14816ed53d38,66:911f001517d39cec11e44e10610dc776}(|){"#",a2b5aac2-33a7-41ec-878c-7dd928ac85cf,184:911f001517d39cec11e44e1134c7dbe2}(|)Київ, Київська, просп.Соборності (Возз'єднання), 19(|)
{"#",47e6dd42-cd5c-4e3a-9bc4-14816ed53d38,66:911f001517d39cec11e452ad62aefcd6}(|){"#",a2b5aac2-33a7-41ec-878c-7dd928ac85cf,184:911f001517d39cec11e452af61fd2bf6}(|)Харків, Харківська, вул.Конєва Маршала, 8(|)
{"#",47e6dd42-cd5c-4e3a-9bc4-14816ed53d38,66:911f001517d39cec11e452ce04ed2af0}(|){"#",a2b5aac2-33a7-41ec-878c-7dd928ac85cf,184:911f001517d39cec11e452ceb9933835}(|)Ромни, Сумська, вул.Горького, 176(|)
{"#",47e6dd42-cd5c-4e3a-9bc4-14816ed53d38,66:911f001517d39cec11e452dbe54c4e7a}(|){"#",a2b5aac2-33a7-41ec-878c-7dd928ac85cf,184:911f001517d39cec11e452dd18837178}(|)Миргород, Полтавська, вул.Гоголя, 14-А(|)
{"#",47e6dd42-cd5c-4e3a-9bc4-14816ed53d38,66:911f001517d39cec11e453b198fb1f92}(|){"#",a2b5aac2-33a7-41ec-878c-7dd928ac85cf,184:911f001517d39cec11e453b2c27b8dde}(|)Нові Петрівці, Київська, вул.Леніна, 235(|)
{"#",47e6dd42-cd5c-4e3a-9bc4-14816ed53d38,66:911f001517d39cec11e4550498cf3dca}(|){"#",a2b5aac2-33a7-41ec-878c-7dd928ac85cf,184:911f001517d39cec11e455055a1fc92e}(|)Запоріжжя, Запорізька, вул.Космічна, 119(|)
{"#",47e6dd42-cd5c-4e3a-9bc4-14816ed53d38,66:911f001517d39cec11e45e80e60e240e}(|){"#",a2b5aac2-33a7-41ec-878c-7dd928ac85cf,184:911f001517d39cec11e45e81a6ae416f}(|)Бровари, Київська, вул.Мудрого Ярослава (Кірова), 4(|)
{"#",47e6dd42-cd5c-4e3a-9bc4-14816ed53d38,66:911f001517d39cec11e45f4e6f1e140c}(|){"#",a2b5aac2-33a7-41ec-878c-7dd928ac85cf,184:911f001517d39cec11e45f4f7f2f4c3e}(|)Бориспіль, Київська, с.Проців, вул Пролетарська51-А(|)
{"#",47e6dd42-cd5c-4e3a-9bc4-14816ed53d38,66:911f001517d39cec11e4600deb3b9770}(|){"#",a2b5aac2-33a7-41ec-878c-7dd928ac85cf,184:911f001517d39cec11e4600e9ef0d730}(|)Одеська обл., м.Болград, АВТОРИНОК(|)маг.№4
{"#",47e6dd42-cd5c-4e3a-9bc4-14816ed53d38,66:911f001517d39cec11e46359274c440a}(|){"#",a2b5aac2-33a7-41ec-878c-7dd928ac85cf,184:911f001517d39cec11e4635a728f5ec4}(|)Київ, Київська, вул.Бориспільська, 7(|)
{"#",47e6dd42-cd5c-4e3a-9bc4-14816ed53d38,66:911f001517d39cec11e468e7106ce0e4}(|){"#",a2b5aac2-33a7-41ec-878c-7dd928ac85cf,184:911f001517d39cec11e468e7e74f327e}(|)Сміла, Черкаська, вул.Федорова, 129-А(|)
{"#",47e6dd42-cd5c-4e3a-9bc4-14816ed53d38,66:911f001517d39cec11e4698b7fb84b74}(|){"#",a2b5aac2-33a7-41ec-878c-7dd928ac85cf,184:911f001517d39cec11e4698c343cf7cd}(|)Запоріжжя, Запорізька, площаПрофспілок, 1-А(|)
{"#",47e6dd42-cd5c-4e3a-9bc4-14816ed53d38,66:911f001517d39cec11e4698d22af46d8}(|){"#",a2b5aac2-33a7-41ec-878c-7dd928ac85cf,184:911f001517d39cec11e4698e3c668342}(|)Авторинок Привоз, Київ, Київська(|)
{"#",47e6dd42-cd5c-4e3a-9bc4-14816ed53d38,66:911f001517d39cec11e46a6fdb9217ba}(|){"#",a2b5aac2-33a7-41ec-878c-7dd928ac85cf,184:911f001517d39cec11e46a706201d088}(|)Березань, Київська, вул.Набережна, 6(|)
{"#",47e6dd42-cd5c-4e3a-9bc4-14816ed53d38,66:9298001517d39cec11e5813967d5636c}(|){"#",a2b5aac2-33a7-41ec-878c-7dd928ac85cf,184:9298001517d39cec11e5813c2dc0b7f7}(|)Лебедин (Сумська обл.), Сумська, вул.Леніна, 20(|)
{"#",47e6dd42-cd5c-4e3a-9bc4-14816ed53d38,66:9298001517d39cec11e5821516ba1a8c}(|){"#",a2b5aac2-33a7-41ec-878c-7dd928ac85cf,184:9298001517d39cec11e58215b0141b60}(|)Буринь, Сумська, вул.Незалежності, 28(|)
{"#",47e6dd42-cd5c-4e3a-9bc4-14816ed53d38,66:9298001517d39cec11e58214c2c70d90}(|){"#",a2b5aac2-33a7-41ec-878c-7dd928ac85cf,184:9298001517d39cec11e58215fc2fac58}(|)Балаклія (Харківська обл.), Харківська, вул.Куйбишева, 2(|)
{"#",47e6dd42-cd5c-4e3a-9bc4-14816ed53d38,66:9298001517d39cec11e582164a6f9a2c}(|){"#",a2b5aac2-33a7-41ec-878c-7dd928ac85cf,184:9298001517d39cec11e58217775642ce}(|)Харків, Харківська, вул.Клочківська, 352(|)
{"#",47e6dd42-cd5c-4e3a-9bc4-14816ed53d38,66:9298001517d39cec11e5878fc9e1bf5a}(|){"#",a2b5aac2-33a7-41ec-878c-7dd928ac85cf,184:9298001517d39cec11e587900b6b434c}(|)Маріуполь(|)
{"#",47e6dd42-cd5c-4e3a-9bc4-14816ed53d38,66:9298001517d39cec11e587905f4678c4}(|){"#",a2b5aac2-33a7-41ec-878c-7dd928ac85cf,184:9298001517d39cec11e587909f71830c}(|)Київ(|)
{"#",47e6dd42-cd5c-4e3a-9bc4-14816ed53d38,66:9298001517d39cec11e58791261cd6a1}(|){"#",a2b5aac2-33a7-41ec-878c-7dd928ac85cf,184:9298001517d39cec11e587915ff9c8e2}(|)Вінниця(|)
{"#",47e6dd42-cd5c-4e3a-9bc4-14816ed53d38,66:9298001517d39cec11e58792482526fd}(|){"#",a2b5aac2-33a7-41ec-878c-7dd928ac85cf,184:9298001517d39cec11e58792562e1eca}(|)Київ(|)
{"#",47e6dd42-cd5c-4e3a-9bc4-14816ed53d38,66:9298001517d39cec11e5885c2583b328}(|){"#",a2b5aac2-33a7-41ec-878c-7dd928ac85cf,184:9298001517d39cec11e5885d3246888c}(|)Вінниця, Вінницька, вул.Келецька, 54(|)
{"#",47e6dd42-cd5c-4e3a-9bc4-14816ed53d38,66:9298001517d39cec11e58c5616d495db}(|){"#",a2b5aac2-33a7-41ec-878c-7dd928ac85cf,184:9298001517d39cec11e58c566474c621}(|)Лебедин (Сумська обл.), Сумська, вул.Леніна, 19(|)
{"#",47e6dd42-cd5c-4e3a-9bc4-14816ed53d38,66:9298001517d39cec11e58c74280d9c46}(|){"#",a2b5aac2-33a7-41ec-878c-7dd928ac85cf,184:9298001517d39cec11e58c747432b6a9}(|)Гадяч, Полтавська, вул.Леніна, 68-А(|)
{"#",47e6dd42-cd5c-4e3a-9bc4-14816ed53d38,66:9298001517d39cec11e591df1eb46dcc}(|){"#",a2b5aac2-33a7-41ec-878c-7dd928ac85cf,184:9298001517d39cec11e591dfdcbb5b0f}(|)Вінниця, Вінницька, вул.Шепеля Якова (Примакова Віталія), 3-А(|)
{"#",47e6dd42-cd5c-4e3a-9bc4-14816ed53d38,66:9298001517d39cec11e591e04f7623f4}(|){"#",a2b5aac2-33a7-41ec-878c-7dd928ac85cf,184:9298001517d39cec11e591e1645a5e43}(|)Вінниця, Вінницька, вул.Шепеля Якова (Примакова Віталія), 3-А(|)
{"#",47e6dd42-cd5c-4e3a-9bc4-14816ed53d38,66:aa930025909438d611e9335e99d79d38}(|){"#",a2b5aac2-33a7-41ec-878c-7dd928ac85cf,184:9298001517d39cec11e591e1645a5e43}(|)Вінниця, Вінницька, вул.Шепеля Якова (Примакова Віталія), 3-А(|)
{"#",47e6dd42-cd5c-4e3a-9bc4-14816ed53d38,66:9298001517d39cec11e591f4f48ca958}(|){"#",a2b5aac2-33a7-41ec-878c-7dd928ac85cf,184:9298001517d39cec11e591f51fee32ec}(|)Вінниця(|)
{"#",47e6dd42-cd5c-4e3a-9bc4-14816ed53d38,66:9298001517d39cec11e591f73c8dccc6}(|){"#",a2b5aac2-33a7-41ec-878c-7dd928ac85cf,184:9298001517d39cec11e591f750667ff6}(|)Шостка(|)
{"#",47e6dd42-cd5c-4e3a-9bc4-14816ed53d38,66:9298001517d39cec11e591f80c16ff02}(|){"#",a2b5aac2-33a7-41ec-878c-7dd928ac85cf,184:9298001517d39cec11e591f7eedb0970}(|)Запоріжжя(|)
{"#",47e6dd42-cd5c-4e3a-9bc4-14816ed53d38,66:aa980025909438d611ea9ed03e81d253}(|){"#",a2b5aac2-33a7-41ec-878c-7dd928ac85cf,184:9298001517d39cec11e591f7eedb0970}(|)Запоріжжя(|)
{"#",47e6dd42-cd5c-4e3a-9bc4-14816ed53d38,66:ae9a001517d39cec11e3fca0c8fbdac9}(|){"#",a2b5aac2-33a7-41ec-878c-7dd928ac85cf,184:9298001517d39cec11e59456321e4ad4}(|)Київ, Київська, вул.Чистяківська, 6/10(|)
{"#",47e6dd42-cd5c-4e3a-9bc4-14816ed53d38,66:ae9a001517d39cec11e3fca1808c2814}(|){"#",a2b5aac2-33a7-41ec-878c-7dd928ac85cf,184:9298001517d39cec11e597658f4c2e76}(|)Тернопіль, Тернопільська, вул.15-го Квітня, 15-Б(|)
{"#",47e6dd42-cd5c-4e3a-9bc4-14816ed53d38,66:80c3003048bfc5df11eb354bf29e5f30}(|){"#",a2b5aac2-33a7-41ec-878c-7dd928ac85cf,184:9298001517d39cec11e598e64fece676}(|)Київ, Київська, вул.Булгакова, 18(|)
{"#",47e6dd42-cd5c-4e3a-9bc4-14816ed53d38,66:851c001517d39cec11e66db9a8fe326c}(|){"#",a2b5aac2-33a7-41ec-878c-7dd928ac85cf,184:9298001517d39cec11e598e64fece676}(|)Київ, Київська, вул.Булгакова, 18(|)
{"#",47e6dd42-cd5c-4e3a-9bc4-14816ed53d38,66:a34f001517d39cec11e5763bde7a3b6e}(|){"#",a2b5aac2-33a7-41ec-878c-7dd928ac85cf,184:9298001517d39cec11e598e64fece676}(|)Київ, Київська, вул.Булгакова, 18(|)
{"#",47e6dd42-cd5c-4e3a-9bc4-14816ed53d38,66:ae9a001517d39cec11e3fca12b0fb722}(|){"#",a2b5aac2-33a7-41ec-878c-7dd928ac85cf,184:9298001517d39cec11e598e64fece676}(|)Київ, Київська, вул.Булгакова, 18(|)
{"#",47e6dd42-cd5c-4e3a-9bc4-14816ed53d38,66:9298001517d39cec11e59a55818e2ac6}(|){"#",a2b5aac2-33a7-41ec-878c-7dd928ac85cf,184:9298001517d39cec11e59a55c990b10e}(|)Вінниця(|)
{"#",47e6dd42-cd5c-4e3a-9bc4-14816ed53d38,66:9298001517d39cec11e59e7f89087a1c}(|){"#",a2b5aac2-33a7-41ec-878c-7dd928ac85cf,184:9298001517d39cec11e59e7fe350c62c}(|)Київ, Київська, вул.Заболотного Академіка, 5-Б(|)
{"#",47e6dd42-cd5c-4e3a-9bc4-14816ed53d38,66:ae9a001517d39cec11e3fca262c8cc47}(|){"#",a2b5aac2-33a7-41ec-878c-7dd928ac85cf,184:9298001517d39cec11e59e896a481e0f}(|)Тернопіль, Тернопільська, вул.Лук'яновича, 8(|)
{"#",47e6dd42-cd5c-4e3a-9bc4-14816ed53d38,66:9298001517d39cec11e5a3dafc2e29f0}(|){"#",a2b5aac2-33a7-41ec-878c-7dd928ac85cf,184:9298001517d39cec11e5a3dbf098bc58}(|)Київ, Київська, вул.Соціалістична, 21/10(|)
{"#",47e6dd42-cd5c-4e3a-9bc4-14816ed53d38,66:9298001517d39cec11e5a5966c05f3b8}(|){"#",a2b5aac2-33a7-41ec-878c-7dd928ac85cf,184:9298001517d39cec11e5a5969f330d8e}(|)Богородчани, Івано-Франківська, вул.Хмельницького Богдана, 1(|)
{"#",47e6dd42-cd5c-4e3a-9bc4-14816ed53d38,66:9298001517d39cec11e5a5976ae8594a}(|){"#",a2b5aac2-33a7-41ec-878c-7dd928ac85cf,184:9298001517d39cec11e5a597cdbd5411}(|)Суми, Сумська, вул.Харківська, 22(|)
{"#",47e6dd42-cd5c-4e3a-9bc4-14816ed53d38,66:aa990025909438d611eacffed7ad9f56}(|){"#",a2b5aac2-33a7-41ec-878c-7dd928ac85cf,184:9298001517d39cec11e5a597cdbd5411}(|)Суми, Сумська, вул.Харківська, 22(|)
{"#",47e6dd42-cd5c-4e3a-9bc4-14816ed53d38,66:80c7003048bfc5df11eb5bcbe4cb147b}(|){"#",a2b5aac2-33a7-41ec-878c-7dd928ac85cf,184:9298001517d39cec11e5a9681d0f100c}(|)Авторинок Перова, Київ, Київська(|)
{"#",47e6dd42-cd5c-4e3a-9bc4-14816ed53d38,66:aa930025909438d611e8d5ea64f91f5e}(|){"#",a2b5aac2-33a7-41ec-878c-7dd928ac85cf,184:9298001517d39cec11e5a9681d0f100c}(|)Авторинок Перова, Київ, Київська(|)
{"#",47e6dd42-cd5c-4e3a-9bc4-14816ed53d38,66:ae9a001517d39cec11e3fca29f94c345}(|){"#",a2b5aac2-33a7-41ec-878c-7dd928ac85cf,184:9298001517d39cec11e5a9681d0f100c}(|)Авторинок Перова, Київ, Київська(|)
{"#",47e6dd42-cd5c-4e3a-9bc4-14816ed53d38,66:9298001517d39cec11e5b84514fb83f0}(|){"#",a2b5aac2-33a7-41ec-878c-7dd928ac85cf,184:9298001517d39cec11e5b845bcd5b226}(|)Житомир, Житомирська, вул.Бульби-Боровця Тараса (Маршала Рибалка), 40-А(|)
{"#",47e6dd42-cd5c-4e3a-9bc4-14816ed53d38,66:9298001517d39cec11e5b901fbcf3fbc}(|){"#",a2b5aac2-33a7-41ec-878c-7dd928ac85cf,184:9298001517d39cec11e5b902acd83c9d}(|)Дніпро, Дніпропетровська, вул.Східна, 1(|)
{"#",47e6dd42-cd5c-4e3a-9bc4-14816ed53d38,66:9298001517d39cec11e5baa1dc15bcc8}(|){"#",a2b5aac2-33a7-41ec-878c-7dd928ac85cf,184:9298001517d39cec11e5baa1f3891dfe}(|)Тячев(|)
{"#",47e6dd42-cd5c-4e3a-9bc4-14816ed53d38,66:9298001517d39cec11e5baa2e8bbf5ef}(|){"#",a2b5aac2-33a7-41ec-878c-7dd928ac85cf,184:9298001517d39cec11e5baa2d2965dea}(|)Умань, Черкаська, пров.1-й Тимірязєва, 1(|)
{"#",47e6dd42-cd5c-4e3a-9bc4-14816ed53d38,66:9298001517d39cec11e5bdb9cfd38154}(|){"#",a2b5aac2-33a7-41ec-878c-7dd928ac85cf,184:9298001517d39cec11e5bdba8947cbfe}(|)Бровари, Київська, вул.Лісова, 2(|)
{"#",47e6dd42-cd5c-4e3a-9bc4-14816ed53d38,66:9298001517d39cec11e5bde817bd4d14}(|){"#",a2b5aac2-33a7-41ec-878c-7dd928ac85cf,184:9298001517d39cec11e5bde8bcce9c2c}(|)Полтава, Полтавська, вул.Зіньківська, 21(|)
{"#",47e6dd42-cd5c-4e3a-9bc4-14816ed53d38,66:80c4003048bfc5df11eb45e149fd6c37}(|){"#",a2b5aac2-33a7-41ec-878c-7dd928ac85cf,184:9298001517d39cec11e5be813e9307f0}(|)Ірпінь(|)
{"#",47e6dd42-cd5c-4e3a-9bc4-14816ed53d38,66:9298001517d39cec11e5be811eaacf7e}(|){"#",a2b5aac2-33a7-41ec-878c-7dd928ac85cf,184:9298001517d39cec11e5be813e9307f0}(|)Ірпінь(|)
{"#",47e6dd42-cd5c-4e3a-9bc4-14816ed53d38,66:9298001517d39cec11e5c347ec968550}(|){"#",a2b5aac2-33a7-41ec-878c-7dd928ac85cf,184:9298001517d39cec11e5c3482519c29b}(|)Львiв(|)
{"#",47e6dd42-cd5c-4e3a-9bc4-14816ed53d38,66:b7df001517d39cec11e79c540222d4b4}(|){"#",a2b5aac2-33a7-41ec-878c-7dd928ac85cf,184:9298001517d39cec11e5c3482519c29b}(|)Львiв(|)
{"#",47e6dd42-cd5c-4e3a-9bc4-14816ed53d38,66:9298001517d39cec11e5ce6a3dddfae5}(|){"#",a2b5aac2-33a7-41ec-878c-7dd928ac85cf,184:9298001517d39cec11e5ce6a6c3cd750}(|)Київ, Київська, вул.Булгакова, 18(|)
{"#",47e6dd42-cd5c-4e3a-9bc4-14816ed53d38,66:ae9a001517d39cec11e3fc9fdd3109f2}(|){"#",a2b5aac2-33a7-41ec-878c-7dd928ac85cf,184:9298001517d39cec11e5cf10b0bd71e2}(|)Кривой Рог(|)
{"#",47e6dd42-cd5c-4e3a-9bc4-14816ed53d38,66:b7df001517d39cec11e7660f0d999100}(|){"#",a2b5aac2-33a7-41ec-878c-7dd928ac85cf,184:9298001517d39cec11e5cf10b0bd71e2}(|)Кривой Рог(|)
{"#",47e6dd42-cd5c-4e3a-9bc4-14816ed53d38,66:9298001517d39cec11e5cf26a804e78e}(|){"#",a2b5aac2-33a7-41ec-878c-7dd928ac85cf,184:9298001517d39cec11e5cf2722035aac}(|)Київ, Київська, вул.Кіквідзе, 20(|)
{"#",47e6dd42-cd5c-4e3a-9bc4-14816ed53d38,66:ae9a001517d39cec11e3fca1e85585f8}(|){"#",a2b5aac2-33a7-41ec-878c-7dd928ac85cf,184:9298001517d39cec11e5d0b5b434d54c}(|)Олешки(Херсонська обл), Херсонська, мікрорайонЖитлоселище, 1(|)
{"#",47e6dd42-cd5c-4e3a-9bc4-14816ed53d38,66:9298001517d39cec11e5d15f7d392127}(|){"#",a2b5aac2-33a7-41ec-878c-7dd928ac85cf,184:9298001517d39cec11e5d1602718ada4}(|)Тараща, Київська, вул.Софіївська, 34(|)
{"#",47e6dd42-cd5c-4e3a-9bc4-14816ed53d38,66:aa8f0025909438d711e86587500ddac0}(|){"#",a2b5aac2-33a7-41ec-878c-7dd928ac85cf,184:9298001517d39cec11e5d1602718ada4}(|)Тараща, Київська, вул.Софіївська, 34(|)
{"#",47e6dd42-cd5c-4e3a-9bc4-14816ed53d38,66:9298001517d39cec11e5d4c077db00ae}(|){"#",a2b5aac2-33a7-41ec-878c-7dd928ac85cf,184:9298001517d39cec11e5d4c0b7d65bdd}(|)Авторинок Зелене Коло, Львів, Львівська(|)
{"#",47e6dd42-cd5c-4e3a-9bc4-14816ed53d38,66:9298001517d39cec11e5d4c60b656278}(|){"#",a2b5aac2-33a7-41ec-878c-7dd928ac85cf,184:9298001517d39cec11e5d4c65e5953d6}(|)Святопетрівське (Києво-Свят.р-н), Київська, вул.Білогородська, 31(|)
{"#",47e6dd42-cd5c-4e3a-9bc4-14816ed53d38,66:9298001517d39cec11e5d6e9dc0e84f2}(|){"#",a2b5aac2-33a7-41ec-878c-7dd928ac85cf,184:9298001517d39cec11e5d6eac3b1fd02}(|)Мукачево(|)
{"#",47e6dd42-cd5c-4e3a-9bc4-14816ed53d38,66:9298001517d39cec11e5d964fe936e20}(|){"#",a2b5aac2-33a7-41ec-878c-7dd928ac85cf,184:9298001517d39cec11e5d9655679602c}(|)Полтава, Полтавська, вул.Автобазівська, 7(|)
{"#",47e6dd42-cd5c-4e3a-9bc4-14816ed53d38,66:9298001517d39cec11e5dbbaf3f7915a}(|){"#",a2b5aac2-33a7-41ec-878c-7dd928ac85cf,184:9298001517d39cec11e5dbbb1c62ef22}(|)Рівне, Рівненська, вул.Багалія Дмитра, 1(|)
{"#",47e6dd42-cd5c-4e3a-9bc4-14816ed53d38,66:ae9a001517d39cec11e3fed014f53035}(|){"#",a2b5aac2-33a7-41ec-878c-7dd928ac85cf,184:9298001517d39cec11e5dbbb1c62ef22}(|)Рівне, Рівненська, вул.Багалія Дмитра, 1(|)
{"#",47e6dd42-cd5c-4e3a-9bc4-14816ed53d38,66:ae9a001517d39cec11e3fca2135c761b}(|){"#",a2b5aac2-33a7-41ec-878c-7dd928ac85cf,184:9298001517d39cec11e5dbd606ea8dec}(|)Дніпро, Дніпропетровська, вул.Езау Івана (Булигіна), 15(|)
{"#",47e6dd42-cd5c-4e3a-9bc4-14816ed53d38,66:ae9a001517d39cec11e3fca3c4eb766f}(|){"#",a2b5aac2-33a7-41ec-878c-7dd928ac85cf,184:9298001517d39cec11e5dbd606ea8dec}(|)Дніпро, Дніпропетровська, вул.Езау Івана (Булигіна), 15(|)
{"#",47e6dd42-cd5c-4e3a-9bc4-14816ed53d38,66:9298001517d39cec11e5dfb465b57eae}(|){"#",a2b5aac2-33a7-41ec-878c-7dd928ac85cf,184:9298001517d39cec11e5dfb493a6aef0}(|)Луцьк, Волинська, вул.Електроапаратна, 17/1(|)
{"#",47e6dd42-cd5c-4e3a-9bc4-14816ed53d38,66:9298001517d39cec11e5dfc1ef6e2b48}(|){"#",a2b5aac2-33a7-41ec-878c-7dd928ac85cf,184:9298001517d39cec11e5dfc33ff6b8fe}(|)Авторинок 12-Квартал, Дніпро, Дніпропетровська(|)
{"#",47e6dd42-cd5c-4e3a-9bc4-14816ed53d38,66:9298001517d39cec11e5e11cf0e012be}(|){"#",a2b5aac2-33a7-41ec-878c-7dd928ac85cf,184:9298001517d39cec11e5e11d861ea688}(|)Сокільники, Львівська, вул.Галицького Данила, 96(|)
{"#",47e6dd42-cd5c-4e3a-9bc4-14816ed53d38,66:9298001517d39cec11e5e124d36094a4}(|){"#",a2b5aac2-33a7-41ec-878c-7dd928ac85cf,184:9298001517d39cec11e5e125073957ca}(|)Київ, Київська, вул.Булгакова, 18(|)
{"#",47e6dd42-cd5c-4e3a-9bc4-14816ed53d38,66:ae9a001517d39cec11e3fca0e17f081c}(|){"#",a2b5aac2-33a7-41ec-878c-7dd928ac85cf,184:9298001517d39cec11e5e15b03dafd28}(|)Київ, Київська, вул.Єдності, 16-Л(|)
{"#",47e6dd42-cd5c-4e3a-9bc4-14816ed53d38,66:9298001517d39cec11e5e48751c1436a}(|){"#",a2b5aac2-33a7-41ec-878c-7dd928ac85cf,184:9298001517d39cec11e5e4878115b20e}(|)Київ, Київська, вул.Булгакова, 18(|)
{"#",47e6dd42-cd5c-4e3a-9bc4-14816ed53d38,66:ae9a001517d39cec11e3fca0a45ada1d}(|){"#",a2b5aac2-33a7-41ec-878c-7dd928ac85cf,184:9298001517d39cec11e5e609ffa0a862}(|)Київ, Київська, вул.Якутська, 10(|)
{"#",47e6dd42-cd5c-4e3a-9bc4-14816ed53d38,66:9298001517d39cec11e5e6d0b5cdb8d4}(|){"#",a2b5aac2-33a7-41ec-878c-7dd928ac85cf,184:9298001517d39cec11e5e6d0fe287620}(|)Ізюм, Харківська, вул.23-го Серпня, 1(|)
{"#",47e6dd42-cd5c-4e3a-9bc4-14816ed53d38,66:9298001517d39cec11e5e9bff99013a4}(|){"#",a2b5aac2-33a7-41ec-878c-7dd928ac85cf,184:9298001517d39cec11e5e9c0dc62ebf2}(|)Бровари, Київська, вул.Переяславський Шлях (Осипова), 62-А(|)
{"#",47e6dd42-cd5c-4e3a-9bc4-14816ed53d38,66:9298001517d39cec11e5ea907eed5e48}(|){"#",a2b5aac2-33a7-41ec-878c-7dd928ac85cf,184:9298001517d39cec11e5ea91fa165719}(|)Запоріжжя, Запорізька, вул.Космічна, 119(|)
{"#",47e6dd42-cd5c-4e3a-9bc4-14816ed53d38,66:a79d001517d39cec11e802a0873064df}(|){"#",a2b5aac2-33a7-41ec-878c-7dd928ac85cf,184:9298001517d39cec11e5ea91fa165719}(|)Запоріжжя, Запорізька, вул.Космічна, 119(|)
{"#",47e6dd42-cd5c-4e3a-9bc4-14816ed53d38,66:9298001517d39cec11e5eaa07497c0fc}(|){"#",a2b5aac2-33a7-41ec-878c-7dd928ac85cf,184:9298001517d39cec11e5eaa0f12d01d7}(|)Сарни, Рівненська, вул.Костомарова, 10(|)
{"#",47e6dd42-cd5c-4e3a-9bc4-14816ed53d38,66:9298001517d39cec11e5eb5e41e79a7e}(|){"#",a2b5aac2-33a7-41ec-878c-7dd928ac85cf,184:9298001517d39cec11e5eb5f07ff3c3a}(|)Гола Пристань, Херсонська, вул.1-го Травня, 1(|)
{"#",47e6dd42-cd5c-4e3a-9bc4-14816ed53d38,66:9298001517d39cec11e5ecd8e633f908}(|){"#",a2b5aac2-33a7-41ec-878c-7dd928ac85cf,184:9298001517d39cec11e5ecd92df61fd2}(|)Кіровоград(|)
{"#",47e6dd42-cd5c-4e3a-9bc4-14816ed53d38,66:9298001517d39cec11e5ecd9791759e0}(|){"#",a2b5aac2-33a7-41ec-878c-7dd928ac85cf,184:9298001517d39cec11e5ecd9d112c116}(|)Київ, Київська, вул.Булгакова, 18(|)
{"#",47e6dd42-cd5c-4e3a-9bc4-14816ed53d38,66:9298001517d39cec11e5ece978b66e68}(|){"#",a2b5aac2-33a7-41ec-878c-7dd928ac85cf,184:9298001517d39cec11e5ece9efae0544}(|)Прилуки, Чернігівська, вул.Київська, 78(|)
{"#",47e6dd42-cd5c-4e3a-9bc4-14816ed53d38,66:9298001517d39cec11e5ef504f406cb4}(|){"#",a2b5aac2-33a7-41ec-878c-7dd928ac85cf,184:9298001517d39cec11e5ef50be62e9e6}(|)Вінниця, Вінницька, вул.Зулінського Сергія (Тарногродського), 30(|)
{"#",47e6dd42-cd5c-4e3a-9bc4-14816ed53d38,66:9298001517d39cec11e5f1b3c1e40c7d}(|){"#",a2b5aac2-33a7-41ec-878c-7dd928ac85cf,184:9298001517d39cec11e5f1b41a0a5e04}(|)Київ, Київська, вул.Булгакова, 18(|)
{"#",47e6dd42-cd5c-4e3a-9bc4-14816ed53d38,66:9298001517d39cec11e5f1b4c013a1ac}(|){"#",a2b5aac2-33a7-41ec-878c-7dd928ac85cf,184:9298001517d39cec11e5f1b4e3f5e63e}(|)Катеринопіль, Черкаська, вул.30-річчя Перемоги, 1(|)
{"#",47e6dd42-cd5c-4e3a-9bc4-14816ed53d38,66:9298001517d39cec11e5f28cfa165e02}(|){"#",a2b5aac2-33a7-41ec-878c-7dd928ac85cf,184:9298001517d39cec11e5f28d58d24e1a}(|)Шостка, Сумська, вул.Прорізна, 14(|)
{"#",47e6dd42-cd5c-4e3a-9bc4-14816ed53d38,66:aa930025909438d611e8de76ed0952ec}(|){"#",a2b5aac2-33a7-41ec-878c-7dd928ac85cf,184:9298001517d39cec11e5f4b6b9690b44}(|)Авторинок Вересневий, Київ, Київська(|)
{"#",47e6dd42-cd5c-4e3a-9bc4-14816ed53d38,66:aa930025909438d611e8de780dd95e0d}(|){"#",a2b5aac2-33a7-41ec-878c-7dd928ac85cf,184:9298001517d39cec11e5f4b6b9690b44}(|)Авторинок Вересневий, Київ, Київська(|)
{"#",47e6dd42-cd5c-4e3a-9bc4-14816ed53d38,66:9298001517d39cec11e5f651a081fb08}(|){"#",a2b5aac2-33a7-41ec-878c-7dd928ac85cf,184:9298001517d39cec11e5f6525fd913e2}(|)Київ, Київська, вул.Волинська, 57(|)
{"#",47e6dd42-cd5c-4e3a-9bc4-14816ed53d38,66:9298001517d39cec11e5f724eb5cbd38}(|){"#",a2b5aac2-33a7-41ec-878c-7dd928ac85cf,184:9298001517d39cec11e5f72546ca4a82}(|)Авторинок 5-й км, Херсон, Херсонська(|)
{"#",47e6dd42-cd5c-4e3a-9bc4-14816ed53d38,66:ae63001517d39cec11e6c69612337e9c}(|){"#",a2b5aac2-33a7-41ec-878c-7dd928ac85cf,184:9298001517d39cec11e5f72546ca4a82}(|)Авторинок 5-й км, Херсон, Херсонська(|)
{"#",47e6dd42-cd5c-4e3a-9bc4-14816ed53d38,66:9298001517d39cec11e5f743b8e39de4}(|){"#",a2b5aac2-33a7-41ec-878c-7dd928ac85cf,184:9298001517d39cec11e5f744130f4db8}(|)Біла Церква, Київська, вул.Піщана, 109-Б(|)
{"#",47e6dd42-cd5c-4e3a-9bc4-14816ed53d38,66:9298001517d39cec11e5f7e7e884ee00}(|){"#",a2b5aac2-33a7-41ec-878c-7dd928ac85cf,184:9298001517d39cec11e5f7e84d23ac48}(|)Шостка, Сумська, вул.Прорізна, 14(|)
{"#",47e6dd42-cd5c-4e3a-9bc4-14816ed53d38,66:9298001517d39cec11e5fa4d1ee8a1fb}(|){"#",a2b5aac2-33a7-41ec-878c-7dd928ac85cf,184:9298001517d39cec11e5fa4d9b38bea2}(|)Київ, Київська, вул.Хвойки Вікентія, 10(|)
{"#",47e6dd42-cd5c-4e3a-9bc4-14816ed53d38,66:9298001517d39cec11e5fb05478bf612}(|){"#",a2b5aac2-33a7-41ec-878c-7dd928ac85cf,184:9298001517d39cec11e5fb0570460175}(|)Лубни(|)
{"#",47e6dd42-cd5c-4e3a-9bc4-14816ed53d38,66:9298001517d39cec11e5fc0331639c42}(|){"#",a2b5aac2-33a7-41ec-878c-7dd928ac85cf,184:9298001517d39cec11e5fc038530839e}(|)Авторинок 5-й км, Херсон, Херсонська(|)
{"#",47e6dd42-cd5c-4e3a-9bc4-14816ed53d38,66:9298001517d39cec11e5fc98ece2c502}(|){"#",a2b5aac2-33a7-41ec-878c-7dd928ac85cf,184:9298001517d39cec11e5fc9c232b4d2a}(|)Українка, Київська, вул.Приозерна, 48(|)
{"#",47e6dd42-cd5c-4e3a-9bc4-14816ed53d38,66:9298001517d39cec11e5fcb342c46682}(|){"#",a2b5aac2-33a7-41ec-878c-7dd928ac85cf,184:9298001517d39cec11e5fcb4945336e4}(|)Київ, Київська, просп.40 р. Жовтня, 10(|)
{"#",47e6dd42-cd5c-4e3a-9bc4-14816ed53d38,66:9298001517d39cec11e5fcb5f126e4ab}(|){"#",a2b5aac2-33a7-41ec-878c-7dd928ac85cf,184:9298001517d39cec11e5fcb6c72dddec}(|)Київ, Київська, вул.Булаховського Академіка, 5-Б(|)
{"#",47e6dd42-cd5c-4e3a-9bc4-14816ed53d38,66:9298001517d39cec11e60085da71038f}(|){"#",a2b5aac2-33a7-41ec-878c-7dd928ac85cf,184:9298001517d39cec11e6008800ce7924}(|)Дніпро, Дніпропетровська, вул.Криворізька, 10(|)
{"#",47e6dd42-cd5c-4e3a-9bc4-14816ed53d38,66:9298001517d39cec11e61686bb361eb6}(|){"#",a2b5aac2-33a7-41ec-878c-7dd928ac85cf,184:9298001517d39cec11e6008800ce7924}(|)Дніпро, Дніпропетровська, вул.Криворізька, 10(|)
{"#",47e6dd42-cd5c-4e3a-9bc4-14816ed53d38,66:9298001517d39cec11e60098f87eb9e4}(|){"#",a2b5aac2-33a7-41ec-878c-7dd928ac85cf,184:9298001517d39cec11e600993ae85ae2}(|)Дергачі, Харківська, пров.Петровського, 222(|)
{"#",47e6dd42-cd5c-4e3a-9bc4-14816ed53d38,66:9298001517d39cec11e5fcb342c46682}(|){"#",a2b5aac2-33a7-41ec-878c-7dd928ac85cf,184:9298001517d39cec11e60307fef5891c}(|)Київ, Київська, вул.Максимовича Михайла (Трутенка Онуфрія), 10(|)
{"#",47e6dd42-cd5c-4e3a-9bc4-14816ed53d38,66:ae9a001517d39cec11e3fca2a5a0196c}(|){"#",a2b5aac2-33a7-41ec-878c-7dd928ac85cf,184:9298001517d39cec11e6030843ac0ef0}(|)Авторинок Жуляни, Київ, Київська(|)маг."ГАЗЕЛЬКА"
{"#",47e6dd42-cd5c-4e3a-9bc4-14816ed53d38,66:9298001517d39cec11e60632eaf6c0b0}(|){"#",a2b5aac2-33a7-41ec-878c-7dd928ac85cf,184:9298001517d39cec11e606334fafb8d6}(|)Сарни, Рівненська, вул.Білгородська, 31(|)
{"#",47e6dd42-cd5c-4e3a-9bc4-14816ed53d38,66:9298001517d39cec11e6063219420a8f}(|){"#",a2b5aac2-33a7-41ec-878c-7dd928ac85cf,184:9298001517d39cec11e60633a412d458}(|)Авторинок Центральний, Вараш, Рівненська(|)
{"#",47e6dd42-cd5c-4e3a-9bc4-14816ed53d38,66:9298001517d39cec11e60790f5856929}(|){"#",a2b5aac2-33a7-41ec-878c-7dd928ac85cf,184:9298001517d39cec11e607918e420ec8}(|)Авторинок 5-й км, Херсон, Херсонська(|)
{"#",47e6dd42-cd5c-4e3a-9bc4-14816ed53d38,66:9298001517d39cec11e6086aa667d21a}(|){"#",a2b5aac2-33a7-41ec-878c-7dd928ac85cf,184:9298001517d39cec11e6086aef2dd936}(|)Конотоп, Сумська, вул.Великого Володимира (Свердлова), 7(|)
{"#",47e6dd42-cd5c-4e3a-9bc4-14816ed53d38,66:9298001517d39cec11e60b8290431bf0}(|){"#",a2b5aac2-33a7-41ec-878c-7dd928ac85cf,184:9298001517d39cec11e60b82d01ab3e6}(|)Авторинок Автодром, Харків, Харківська(|)
{"#",47e6dd42-cd5c-4e3a-9bc4-14816ed53d38,66:9298001517d39cec11e60b82f1177d23}(|){"#",a2b5aac2-33a7-41ec-878c-7dd928ac85cf,184:9298001517d39cec11e60b8349a453ca}(|)Андріївка (Балаклійський р-н), Харківська, вул.Фрунзе, 129(|)
{"#",47e6dd42-cd5c-4e3a-9bc4-14816ed53d38,66:9298001517d39cec11e60bb56684699f}(|){"#",a2b5aac2-33a7-41ec-878c-7dd928ac85cf,184:9298001517d39cec11e60bb5b9228654}(|)Зарічне(Рівненська обл.), Рівненська, вул.Аерофлотська, 9с(|)
{"#",47e6dd42-cd5c-4e3a-9bc4-14816ed53d38,66:ae9a001517d39cec11e3fca07fee4d23}(|){"#",a2b5aac2-33a7-41ec-878c-7dd928ac85cf,184:9298001517d39cec11e60d4acde8e6b4}(|)Київ, Київська, вул.Причальна, 11(|)
{"#",ec51e602-fd32-486f-ae9b-5439048ca1c6,171:ae9a001517d39cec11e3ff24bf02c18b}(|){"#",a2b5aac2-33a7-41ec-878c-7dd928ac85cf,184:9298001517d39cec11e60e458004a860}(|)Спец Упаковка на Одессу(|)
{"#",47e6dd42-cd5c-4e3a-9bc4-14816ed53d38,66:9298001517d39cec11e61125a81ab104}(|){"#",a2b5aac2-33a7-41ec-878c-7dd928ac85cf,184:9298001517d39cec11e6112616e03280}(|)Авторинок Центральний, Дніпро, Дніпропетровська(|)
{"#",47e6dd42-cd5c-4e3a-9bc4-14816ed53d38,66:9298001517d39cec11e61292f4723c52}(|){"#",a2b5aac2-33a7-41ec-878c-7dd928ac85cf,184:9298001517d39cec11e612959f485a88}(|)Конотоп, Сумська, площаКонотопської Дивізії, 30(|)
{"#",47e6dd42-cd5c-4e3a-9bc4-14816ed53d38,66:ae9a001517d39cec11e3fc9fd7103eab}(|){"#",a2b5aac2-33a7-41ec-878c-7dd928ac85cf,184:9298001517d39cec11e6135371c956d4}(|)м.Чернігів(|)
{"#",47e6dd42-cd5c-4e3a-9bc4-14816ed53d38,66:9298001517d39cec11e6137fb5cd8c21}(|){"#",a2b5aac2-33a7-41ec-878c-7dd928ac85cf,184:9298001517d39cec11e6137ffcaad12a}(|)Запоріжжя, Запорізька, вул.Новокузнецька, 4(|)
{"#",47e6dd42-cd5c-4e3a-9bc4-14816ed53d38,66:9298001517d39cec11e613824d101b5b}(|){"#",a2b5aac2-33a7-41ec-878c-7dd928ac85cf,184:9298001517d39cec11e613835f4f39d1}(|)Чернігів, Чернігівська, вул.Київська, 59(|)
{"#",47e6dd42-cd5c-4e3a-9bc4-14816ed53d38,66:aaac0025909438d711eb2418d55eaf0e}(|){"#",a2b5aac2-33a7-41ec-878c-7dd928ac85cf,184:9298001517d39cec11e613835f4f39d1}(|)Чернігів, Чернігівська, вул.Київська, 59(|)
{"#",47e6dd42-cd5c-4e3a-9bc4-14816ed53d38,66:9298001517d39cec11e6138d007e0d5a}(|){"#",a2b5aac2-33a7-41ec-878c-7dd928ac85cf,184:9298001517d39cec11e6138d461e39a2}(|)Київ, Київська, вул.Автопаркова, 7(|)
{"#",47e6dd42-cd5c-4e3a-9bc4-14816ed53d38,66:9298001517d39cec11e616b721e64386}(|){"#",a2b5aac2-33a7-41ec-878c-7dd928ac85cf,184:9298001517d39cec11e616b7bb40445a}(|)Подвірки, Харківська, пров.Акварельний, 1/3(|)
{"#",47e6dd42-cd5c-4e3a-9bc4-14816ed53d38,66:ae9a001517d39cec11e3fca38e4771cf}(|){"#",a2b5aac2-33a7-41ec-878c-7dd928ac85cf,184:9298001517d39cec11e6174bdcbe81fc}(|)Житомир, Житомирська, вул.Бульби-Боровця Тараса (Маршала Рибалка), 40-А(|)
{"#",47e6dd42-cd5c-4e3a-9bc4-14816ed53d38,66:9298001517d39cec11e61b4eb318fe5c}(|){"#",a2b5aac2-33a7-41ec-878c-7dd928ac85cf,184:9298001517d39cec11e61b4f1bc016e8}(|)Дніпро, Дніпропетровська, вул.Кірова, 25-В(|)
{"#",47e6dd42-cd5c-4e3a-9bc4-14816ed53d38,66:ae9a001517d39cec11e3fca1e240a651}(|){"#",a2b5aac2-33a7-41ec-878c-7dd928ac85cf,184:9298001517d39cec11e620bf2de616b8}(|)Суми, Сумська, вул.Білопільська, 30/3(|)
{"#",47e6dd42-cd5c-4e3a-9bc4-14816ed53d38,66:9298001517d39cec11e5e77f4932a7ac}(|){"#",a2b5aac2-33a7-41ec-878c-7dd928ac85cf,184:9298001517d39cec11e621b17e514684}(|)Дніпро, Дніпропетровська, просп.Хмельницького Богдана, 171(|)
{"#",47e6dd42-cd5c-4e3a-9bc4-14816ed53d38,66:9298001517d39cec11e621b31d981eb0}(|){"#",a2b5aac2-33a7-41ec-878c-7dd928ac85cf,184:9298001517d39cec11e621b3f8b9a09b}(|)Черкаси, Черкаська, вул.Смілянська, 149/20(|)
{"#",47e6dd42-cd5c-4e3a-9bc4-14816ed53d38,66:9298001517d39cec11e621b54ee6ff5c}(|){"#",a2b5aac2-33a7-41ec-878c-7dd928ac85cf,184:9298001517d39cec11e621b61433f936}(|)Авторинок Динамо, Рівне, Рівненська(|)
{"#",47e6dd42-cd5c-4e3a-9bc4-14816ed53d38,66:ae9a001517d39cec11e3fca39a7f7f0c}(|){"#",a2b5aac2-33a7-41ec-878c-7dd928ac85cf,184:9298001517d39cec11e621b7d913c6a4}(|)Вишневе, Київська, вул.Залізнична, 68(|)
{"#",47e6dd42-cd5c-4e3a-9bc4-14816ed53d38,66:9298001517d39cec11e6265b7df338b3}(|){"#",a2b5aac2-33a7-41ec-878c-7dd928ac85cf,184:9298001517d39cec11e6265c62759aa1}(|)Полтава, Полтавська, вул.Гетьмана, 1(|)
{"#",47e6dd42-cd5c-4e3a-9bc4-14816ed53d38,66:9298001517d39cec11e6273e4ab5fc38}(|){"#",a2b5aac2-33a7-41ec-878c-7dd928ac85cf,184:9298001517d39cec11e6273ec4124f6e}(|)Херсон, Херсонська, вул.Східна 28-а, 16(|)
{"#",47e6dd42-cd5c-4e3a-9bc4-14816ed53d38,66:9298001517d39cec11e6273f0218fcd6}(|){"#",a2b5aac2-33a7-41ec-878c-7dd928ac85cf,184:9298001517d39cec11e6273f82a849cf}(|)Авторинок Ринок, Великі Копані (Херсонська обл.), Херсонська(|)
{"#",47e6dd42-cd5c-4e3a-9bc4-14816ed53d38,66:ae9a001517d39cec11e3fca0a45ada1d}(|){"#",a2b5aac2-33a7-41ec-878c-7dd928ac85cf,184:9298001517d39cec11e6274179cdecf9}(|)Київ, Київська, пров.Моторний, 3(|)
{"#",47e6dd42-cd5c-4e3a-9bc4-14816ed53d38,66:9298001517d39cec11e627c8d3ef10c2}(|){"#",a2b5aac2-33a7-41ec-878c-7dd928ac85cf,184:9298001517d39cec11e627c9232e1a34}(|)Кременчук, Полтавська, вул.Чумацький Шлях (Сербиченка), 11-А(|)
{"#",47e6dd42-cd5c-4e3a-9bc4-14816ed53d38,66:9298001517d39cec11e62c7e1f7e7924}(|){"#",a2b5aac2-33a7-41ec-878c-7dd928ac85cf,184:9298001517d39cec11e62c7e9bbde556}(|)Зарічне(Рівненська обл.), Рівненська, вул.Центральна, 63(|)
{"#",47e6dd42-cd5c-4e3a-9bc4-14816ed53d38,66:9c80001517d39cec11e5037be500661c}(|){"#",a2b5aac2-33a7-41ec-878c-7dd928ac85cf,184:9298001517d39cec11e62c82f2c81bb1}(|)Дніпро, Дніпропетровська, вул.Криворізька, 10(|)
{"#",47e6dd42-cd5c-4e3a-9bc4-14816ed53d38,66:aa930025909438d611e904606f046ba4}(|){"#",a2b5aac2-33a7-41ec-878c-7dd928ac85cf,184:9298001517d39cec11e62c82f2c81bb1}(|)Дніпро, Дніпропетровська, вул.Криворізька, 10(|)
{"#",47e6dd42-cd5c-4e3a-9bc4-14816ed53d38,66:aa930025909438d611e90462d9786c31}(|){"#",a2b5aac2-33a7-41ec-878c-7dd928ac85cf,184:9298001517d39cec11e62c82f2c81bb1}(|)Дніпро, Дніпропетровська, вул.Криворізька, 10(|)
{"#",47e6dd42-cd5c-4e3a-9bc4-14816ed53d38,66:9298001517d39cec11e62caec882c9c8}(|){"#",a2b5aac2-33a7-41ec-878c-7dd928ac85cf,184:9298001517d39cec11e62caf67ef47d5}(|)Дніпро, Дніпропетровська, просп.Хмельницького Богдана, 40(|)
{"#",47e6dd42-cd5c-4e3a-9bc4-14816ed53d38,66:9298001517d39cec11e63397132aa43e}(|){"#",a2b5aac2-33a7-41ec-878c-7dd928ac85cf,184:9298001517d39cec11e63397b0778a22}(|)Авторинок Кірова Троицкая, Миколаїв, Миколаївська(|)
{"#",47e6dd42-cd5c-4e3a-9bc4-14816ed53d38,66:9298001517d39cec11e639e8981146a6}(|){"#",a2b5aac2-33a7-41ec-878c-7dd928ac85cf,184:9298001517d39cec11e639e90ba040d6}(|)Авторинок Жуляни, Київ, Київська(|)
{"#",47e6dd42-cd5c-4e3a-9bc4-14816ed53d38,66:ae9a001517d39cec11e3fca29f94c339}(|){"#",a2b5aac2-33a7-41ec-878c-7dd928ac85cf,184:9298001517d39cec11e63c33b272adbe}(|)Охтирка, Сумська, вул.Київська, 50(|)095-33-66-391
{"#",47e6dd42-cd5c-4e3a-9bc4-14816ed53d38,66:9298001517d39cec11e641cb0f403914}(|){"#",a2b5aac2-33a7-41ec-878c-7dd928ac85cf,184:9298001517d39cec11e641cb5b6c7a84}(|)Лубни, Полтавська, вул.Олександрівська (Слинька Петра), 149-А(|)
{"#",47e6dd42-cd5c-4e3a-9bc4-14816ed53d38,66:9298001517d39cec11e641cbae3ca89a}(|){"#",a2b5aac2-33a7-41ec-878c-7dd928ac85cf,184:9298001517d39cec11e641cc4ea5dfeb}(|)Кривий Ріг, Дніпропетровська, просп.Поштовий (Маркса Карла), 1(|)
{"#",47e6dd42-cd5c-4e3a-9bc4-14816ed53d38,66:9298001517d39cec11e6379d6c27fa32}(|){"#",a2b5aac2-33a7-41ec-878c-7dd928ac85cf,184:9298001517d39cec11e64284f43154ae}(|)Авторинок 12-Квартал, Дніпро, Дніпропетровська(|)
{"#",47e6dd42-cd5c-4e3a-9bc4-14816ed53d38,66:9298001517d39cec11e6429c3e8e9c66}(|){"#",a2b5aac2-33a7-41ec-878c-7dd928ac85cf,184:9298001517d39cec11e6429ca361ce6b}(|)Авторинок Центральний, Дніпро, Дніпропетровська(|)
{"#",47e6dd42-cd5c-4e3a-9bc4-14816ed53d38,66:9298001517d39cec11e642b293d0e3b2}(|){"#",a2b5aac2-33a7-41ec-878c-7dd928ac85cf,184:9298001517d39cec11e642b2fd096ba7}(|)Авторинок Спортек, Полтава, Полтавська(|)
{"#",47e6dd42-cd5c-4e3a-9bc4-14816ed53d38,66:aa990025909438d611eacbee6c178a63}(|){"#",a2b5aac2-33a7-41ec-878c-7dd928ac85cf,184:9298001517d39cec11e642b2fd096ba7}(|)Авторинок Спортек, Полтава, Полтавська(|)
{"#",47e6dd42-cd5c-4e3a-9bc4-14816ed53d38,66:9298001517d39cec11e6441cb56fa146}(|){"#",a2b5aac2-33a7-41ec-878c-7dd928ac85cf,184:9298001517d39cec11e6441d1eb67758}(|)Великі Копані (Херсонська обл.), Херсонська, вул.Леніна, 59(|)
{"#",47e6dd42-cd5c-4e3a-9bc4-14816ed53d38,66:ae9a001517d39cec11e3fca2812a030a}(|){"#",a2b5aac2-33a7-41ec-878c-7dd928ac85cf,184:9298001517d39cec11e64436ce49b0fd}(|)Раденськ, Херсонська, вул.Горького, 1(|)
{"#",47e6dd42-cd5c-4e3a-9bc4-14816ed53d38,66:9298001517d39cec11e648076c7b926c}(|){"#",a2b5aac2-33a7-41ec-878c-7dd928ac85cf,184:9298001517d39cec11e648081018f2ae}(|)Авторинок Центральний, Дніпро, Дніпропетровська(|)
{"#",47e6dd42-cd5c-4e3a-9bc4-14816ed53d38,66:9298001517d39cec11e649a28cc3e2da}(|){"#",a2b5aac2-33a7-41ec-878c-7dd928ac85cf,184:9298001517d39cec11e649a284942fd4}(|)Чаплинка (Херсонська обл.), Херсонська, вул.Асканійська, 44(|)
{"#",47e6dd42-cd5c-4e3a-9bc4-14816ed53d38,66:ae9a001517d39cec11e3fed038e360f3}(|){"#",a2b5aac2-33a7-41ec-878c-7dd928ac85cf,184:9298001517d39cec11e649ade21d4920}(|)Авторинок Центральний, Павлоград, Дніпропетровська(|)
{"#",47e6dd42-cd5c-4e3a-9bc4-14816ed53d38,66:9298001517d39cec11e649ae8516271c}(|){"#",a2b5aac2-33a7-41ec-878c-7dd928ac85cf,184:9298001517d39cec11e649aeb4ad5798}(|)Авторинок Центральний, Павлоград, Дніпропетровська(|)
{"#",47e6dd42-cd5c-4e3a-9bc4-14816ed53d38,66:9298001517d39cec11e64ce702b94453}(|){"#",a2b5aac2-33a7-41ec-878c-7dd928ac85cf,184:9298001517d39cec11e64ce7acb30ab0}(|)Авторинок Клинівський, Чернівці, Чернівецька(|)
{"#",47e6dd42-cd5c-4e3a-9bc4-14816ed53d38,66:9298001517d39cec11e64d8a6961f2d3}(|){"#",a2b5aac2-33a7-41ec-878c-7dd928ac85cf,184:9298001517d39cec11e64d8ad7addc61}(|)Авторинок 12-Квартал, Дніпро, Дніпропетровська(|)
{"#",47e6dd42-cd5c-4e3a-9bc4-14816ed53d38,66:9298001517d39cec11e64d8bd4d99140}(|){"#",a2b5aac2-33a7-41ec-878c-7dd928ac85cf,184:9298001517d39cec11e64d8ad7addc61}(|)Авторинок 12-Квартал, Дніпро, Дніпропетровська(|)
{"#",47e6dd42-cd5c-4e3a-9bc4-14816ed53d38,66:9298001517d39cec11e64e6a4ba7ec98}(|){"#",a2b5aac2-33a7-41ec-878c-7dd928ac85cf,184:9298001517d39cec11e64e6a7520b41a}(|)Київ, Київська, вул.Магнітогорська, 1-Е(|)
{"#",47e6dd42-cd5c-4e3a-9bc4-14816ed53d38,66:ae9a001517d39cec11e3fc9fdd310a0d}(|){"#",a2b5aac2-33a7-41ec-878c-7dd928ac85cf,184:9298001517d39cec11e64f240c44fda6}(|)Одеса, Одеська, вул.Хмельницького Богдана, 4(|)
{"#",47e6dd42-cd5c-4e3a-9bc4-14816ed53d38,66:ae9a001517d39cec11e3fc9fd7103e9c}(|){"#",a2b5aac2-33a7-41ec-878c-7dd928ac85cf,184:9298001517d39cec11e64f3d021a03bc}(|)Київ, Київська, вул.Булгакова, 18(|)
{"#",47e6dd42-cd5c-4e3a-9bc4-14816ed53d38,66:9298001517d39cec11e64ff43a666088}(|){"#",a2b5aac2-33a7-41ec-878c-7dd928ac85cf,184:9298001517d39cec11e64ffa27057f0e}(|)Чернігів, Чернігівська, просп.Миру, 243(|)
{"#",47e6dd42-cd5c-4e3a-9bc4-14816ed53d38,66:9298001517d39cec11e65256466b660c}(|){"#",a2b5aac2-33a7-41ec-878c-7dd928ac85cf,184:9298001517d39cec11e652566ec875b9}(|)Харків, Харківська, вул.Єнакіївська, 11(|)
{"#",47e6dd42-cd5c-4e3a-9bc4-14816ed53d38,66:ae9a001517d39cec11e3fecffcdaea87}(|){"#",a2b5aac2-33a7-41ec-878c-7dd928ac85cf,184:9298001517d39cec11e653eb1454fb74}(|)Хмельницький, Хмельницька, вул.Кам'янецька, 132/1(|)
{"#",47e6dd42-cd5c-4e3a-9bc4-14816ed53d38,66:9298001517d39cec11e657e05b41dc34}(|){"#",a2b5aac2-33a7-41ec-878c-7dd928ac85cf,184:9298001517d39cec11e657e14ff192cf}(|)Новомосковськ, Дніпропетровська, вул.Сучкова, 31-А(|)
{"#",47e6dd42-cd5c-4e3a-9bc4-14816ed53d38,66:9298001517d39cec11e6598ae56ba5d8}(|){"#",a2b5aac2-33a7-41ec-878c-7dd928ac85cf,184:9298001517d39cec11e6598b27a7fa29}(|)Київ, Київська, вул.Малевича Казимира, 86-Е(|)
{"#",47e6dd42-cd5c-4e3a-9bc4-14816ed53d38,66:9c80001517d39cec11e49bcb44faa1e0}(|){"#",a2b5aac2-33a7-41ec-878c-7dd928ac85cf,184:9298001517d39cec11e65d3519bb29c8}(|)Київ, Київська, просп.Бандери Степана (Московський), 14-Б(|)
{"#",47e6dd42-cd5c-4e3a-9bc4-14816ed53d38,66:9298001517d39cec11e65e35c7fe6256}(|){"#",a2b5aac2-33a7-41ec-878c-7dd928ac85cf,184:9298001517d39cec11e65e36b3b3be09}(|)Авторинок Центральний (республиканской), Кам'янське(Дніпропетровська обл), Дніпропетровська(|)
{"#",47e6dd42-cd5c-4e3a-9bc4-14816ed53d38,66:9298001517d39cec11e65e38ea329c86}(|){"#",a2b5aac2-33a7-41ec-878c-7dd928ac85cf,184:9298001517d39cec11e65e39c21d9326}(|)Авторинок 12-Квартал, Дніпро, Дніпропетровська(|)
{"#",47e6dd42-cd5c-4e3a-9bc4-14816ed53d38,66:9298001517d39cec11e65ee2153455b0}(|){"#",a2b5aac2-33a7-41ec-878c-7dd928ac85cf,184:9298001517d39cec11e65ee253363e64}(|)Охтирка, Сумська, вул.Сумська (Фрунзе), 5-А(|)
{"#",47e6dd42-cd5c-4e3a-9bc4-14816ed53d38,66:9298001517d39cec11e65fb1725fef5e}(|){"#",a2b5aac2-33a7-41ec-878c-7dd928ac85cf,184:9298001517d39cec11e65fb1bad2842c}(|)Липова Долина, Сумська, вул.Роменська, 62(|)
{"#",47e6dd42-cd5c-4e3a-9bc4-14816ed53d38,66:9298001517d39cec11e662c16b1efa42}(|){"#",a2b5aac2-33a7-41ec-878c-7dd928ac85cf,184:9298001517d39cec11e662c2ed7fb188}(|)Дніпро, Дніпропетровська, вул.Криворізька, 10(|)
{"#",47e6dd42-cd5c-4e3a-9bc4-14816ed53d38,66:9298001517d39cec11e663a3fe299b5c}(|){"#",a2b5aac2-33a7-41ec-878c-7dd928ac85cf,184:9298001517d39cec11e663a4f56dbd58}(|)Дніпро, Дніпропетровська, просп.Хмельницького Богдана, 47(|)
{"#",47e6dd42-cd5c-4e3a-9bc4-14816ed53d38,66:9298001517d39cec11e663afed39fe2a}(|){"#",a2b5aac2-33a7-41ec-878c-7dd928ac85cf,184:9298001517d39cec11e663b052d0b103}(|)Дніпро, Дніпропетровська, просп.Хмельницького Богдана, 112(|)
{"#",47e6dd42-cd5c-4e3a-9bc4-14816ed53d38,66:9298001517d39cec11e663b088f1944b}(|){"#",a2b5aac2-33a7-41ec-878c-7dd928ac85cf,184:9298001517d39cec11e663b0e6c8a2a4}(|)Павлоград, Дніпропетровська, вул.Центральна (Маркса Карла), 96/1(|)
{"#",47e6dd42-cd5c-4e3a-9bc4-14816ed53d38,66:ae9a001517d39cec11e3fca085fe6806}(|){"#",a2b5aac2-33a7-41ec-878c-7dd928ac85cf,184:92f7001517d39cec11e7027ab2ef3018}(|)Лохвиця, Полтавська, вул.Шевченка, 11(|)
{"#",47e6dd42-cd5c-4e3a-9bc4-14816ed53d38,66:ae9a001517d39cec11e3fc9fd7103ea9}(|){"#",a2b5aac2-33a7-41ec-878c-7dd928ac85cf,184:92f7001517d39cec11e70281f3653f28}(|)Київ, Київська, вул.Оноре де Бальзака, 12(|)
{"#",47e6dd42-cd5c-4e3a-9bc4-14816ed53d38,66:92f7001517d39cec11e708a0ab7e9f23}(|){"#",a2b5aac2-33a7-41ec-878c-7dd928ac85cf,184:92f7001517d39cec11e708a10c103e7d}(|)Новомосковськ, Дніпропетровська, вул.Гетьманська (Радянська), 141(|)
{"#",47e6dd42-cd5c-4e3a-9bc4-14816ed53d38,66:92f7001517d39cec11e708a13de605b2}(|){"#",a2b5aac2-33a7-41ec-878c-7dd928ac85cf,184:92f7001517d39cec11e708a19e9dcaac}(|)Павлоград, Дніпропетровська, вул.Степного Фронту, 1-Г(|)
{"#",47e6dd42-cd5c-4e3a-9bc4-14816ed53d38,66:9298001517d39cec11e663afed39fe2a}(|){"#",a2b5aac2-33a7-41ec-878c-7dd928ac85cf,184:92f7001517d39cec11e708ad5d1ca614}(|)Дніпро, Дніпропетровська, просп.Миру, 12(|)
{"#",47e6dd42-cd5c-4e3a-9bc4-14816ed53d38,66:92f7001517d39cec11e70959030fdcc2}(|){"#",a2b5aac2-33a7-41ec-878c-7dd928ac85cf,184:92f7001517d39cec11e70959591433c8}(|)Новотроїцьке (Херсонська обл.), Херсонська, вул.Соборна, 3(|)
{"#",47e6dd42-cd5c-4e3a-9bc4-14816ed53d38,66:92f7001517d39cec11e70959812e819f}(|){"#",a2b5aac2-33a7-41ec-878c-7dd928ac85cf,184:92f7001517d39cec11e70959d5ba2518}(|)Новотроїцьке (Херсонська обл.), Херсонська, вул.Соборна, 35(|)
{"#",47e6dd42-cd5c-4e3a-9bc4-14816ed53d38,66:92f7001517d39cec11e7095a11b911dc}(|){"#",a2b5aac2-33a7-41ec-878c-7dd928ac85cf,184:92f7001517d39cec11e7095a54d320de}(|)Новотроїцьке (Херсонська обл.), Херсонська, вул.Соборна, 106(|)
{"#",47e6dd42-cd5c-4e3a-9bc4-14816ed53d38,66:92f7001517d39cec11e7095abd8d4c30}(|){"#",a2b5aac2-33a7-41ec-878c-7dd928ac85cf,184:92f7001517d39cec11e7095b01792a22}(|)Новотроїцьке (Херсонська обл.), Херсонська, вул.Шевченка, 1(|)
{"#",47e6dd42-cd5c-4e3a-9bc4-14816ed53d38,66:92f7001517d39cec11e7095b2fa85788}(|){"#",a2b5aac2-33a7-41ec-878c-7dd928ac85cf,184:92f7001517d39cec11e7095b696b0fec}(|)Новотроїцьке (Херсонська обл.), Херсонська, вул.Соборна, 87(|)
{"#",47e6dd42-cd5c-4e3a-9bc4-14816ed53d38,66:92f7001517d39cec11e7095b942a7998}(|){"#",a2b5aac2-33a7-41ec-878c-7dd928ac85cf,184:92f7001517d39cec11e7095bd9ee6926}(|)Новотроїцьке (Херсонська обл.), Херсонська, вул.Соборна, 48(|)
{"#",47e6dd42-cd5c-4e3a-9bc4-14816ed53d38,66:ae9a001517d39cec11e3fca32085d0a4}(|){"#",a2b5aac2-33a7-41ec-878c-7dd928ac85cf,184:92f7001517d39cec11e7097100bbdf1a}(|)Дніпро, Дніпропетровська, вул.Знам'янська, 1(|)
{"#",47e6dd42-cd5c-4e3a-9bc4-14816ed53d38,66:9298001517d39cec11e663afed39fe2a}(|){"#",a2b5aac2-33a7-41ec-878c-7dd928ac85cf,184:92f7001517d39cec11e70b173289c032}(|)Дніпро, Дніпропетровська, вул.Писаржевського, 2(|)
{"#",47e6dd42-cd5c-4e3a-9bc4-14816ed53d38,66:9298001517d39cec11e663afed39fe2a}(|){"#",a2b5aac2-33a7-41ec-878c-7dd928ac85cf,184:92f7001517d39cec11e70b174d27c0f6}(|)Дніпро, Дніпропетровська, просп.Хмельницького Богдана, 27(|)
{"#",47e6dd42-cd5c-4e3a-9bc4-14816ed53d38,66:92f7001517d39cec11e70b17c5dd2f90}(|){"#",a2b5aac2-33a7-41ec-878c-7dd928ac85cf,184:92f7001517d39cec11e70b1822b9e701}(|)Білгород-Дністровський, Одеська, вул.Шкільна, 1(|)
{"#",47e6dd42-cd5c-4e3a-9bc4-14816ed53d38,66:92f7001517d39cec11e70b1912812652}(|){"#",a2b5aac2-33a7-41ec-878c-7dd928ac85cf,184:92f7001517d39cec11e70b197fac9356}(|)Дніпро, Дніпропетровська, просп.Героїв, 1-А(|)
{"#",47e6dd42-cd5c-4e3a-9bc4-14816ed53d38,66:92f7001517d39cec11e70b19b19ef6c5}(|){"#",a2b5aac2-33a7-41ec-878c-7dd928ac85cf,184:92f7001517d39cec11e70b1a07cbd5c6}(|)Дніпро, Дніпропетровська, просп.Хмельницького Богдана, 152(|)
{"#",47e6dd42-cd5c-4e3a-9bc4-14816ed53d38,66:92f7001517d39cec11e70d597640d420}(|){"#",a2b5aac2-33a7-41ec-878c-7dd928ac85cf,184:92f7001517d39cec11e70d5b1e4ff5d2}(|)Дніпро, Дніпропетровська, вул.Дніпросталівська (Винокурова), 1(|)
{"#",47e6dd42-cd5c-4e3a-9bc4-14816ed53d38,66:92f7001517d39cec11e70d5bde682d26}(|){"#",a2b5aac2-33a7-41ec-878c-7dd928ac85cf,184:92f7001517d39cec11e70d5c20700dba}(|)Одеса, Одеська, вул.Мельницька, 20(|)
{"#",47e6dd42-cd5c-4e3a-9bc4-14816ed53d38,66:92f7001517d39cec11e70d6d12ab2c76}(|){"#",a2b5aac2-33a7-41ec-878c-7dd928ac85cf,184:92f7001517d39cec11e70d6d646df0d4}(|)Вишневе, Київська, вул.Київська, 1-Б(|)
{"#",47e6dd42-cd5c-4e3a-9bc4-14816ed53d38,66:92f7001517d39cec11e70d6f2b89f2a2}(|){"#",a2b5aac2-33a7-41ec-878c-7dd928ac85cf,184:92f7001517d39cec11e70d6f72ac5bde}(|)Павлоград, Дніпропетровська, вул.Харківська, 74-А(|)
{"#",47e6dd42-cd5c-4e3a-9bc4-14816ed53d38,66:92f7001517d39cec11e70e11551b1c85}(|){"#",a2b5aac2-33a7-41ec-878c-7dd928ac85cf,184:92f7001517d39cec11e70e11a807e6d4}(|)Дубровиця (Рівненська обл.), Рівненська, вул.1000-ліття Дубровиці, 1(|)
{"#",47e6dd42-cd5c-4e3a-9bc4-14816ed53d38,66:92f7001517d39cec11e70e11f2207bdc}(|){"#",a2b5aac2-33a7-41ec-878c-7dd928ac85cf,184:92f7001517d39cec11e70e12467ed2aa}(|)Дніпро, Дніпропетровська, вул.Стартова, 5(|)
{"#",47e6dd42-cd5c-4e3a-9bc4-14816ed53d38,66:92f7001517d39cec11e70ede86d74d38}(|){"#",a2b5aac2-33a7-41ec-878c-7dd928ac85cf,184:92f7001517d39cec11e70eded5ca0b6a}(|)Авторинок Новоорловский, Дніпро, Дніпропетровська(|)
{"#",47e6dd42-cd5c-4e3a-9bc4-14816ed53d38,66:92f7001517d39cec11e70eefb9128be4}(|){"#",a2b5aac2-33a7-41ec-878c-7dd928ac85cf,184:92f7001517d39cec11e70ef8aa13baec}(|)Павлоград, Дніпропетровська, вул.Дніпровська, 198(|)
{"#",47e6dd42-cd5c-4e3a-9bc4-14816ed53d38,66:92f7001517d39cec11e70fa3db7c3248}(|){"#",a2b5aac2-33a7-41ec-878c-7dd928ac85cf,184:92f7001517d39cec11e70fa47ec3bde0}(|)Дніпро, Дніпропетровська, вул.Новоорловська, 34(|)
{"#",47e6dd42-cd5c-4e3a-9bc4-14816ed53d38,66:92f7001517d39cec11e70fc7e31232fe}(|){"#",a2b5aac2-33a7-41ec-878c-7dd928ac85cf,184:92f7001517d39cec11e70fc84825c480}(|)Авторинок 5-й км, Херсон, Херсонська(|)
{"#",47e6dd42-cd5c-4e3a-9bc4-14816ed53d38,66:92f7001517d39cec11e7109f160d3be0}(|){"#",a2b5aac2-33a7-41ec-878c-7dd928ac85cf,184:92f7001517d39cec11e7109f98db1f92}(|)Кропивницький, Кіровоградська, вул.Кропивницького, 174(|)
{"#",47e6dd42-cd5c-4e3a-9bc4-14816ed53d38,66:92f7001517d39cec11e7139600e452b8}(|){"#",a2b5aac2-33a7-41ec-878c-7dd928ac85cf,184:92f7001517d39cec11e713967298d8f2}(|)Павлоград, Дніпропетровська, вул.Харківська, 7(|)
{"#",47e6dd42-cd5c-4e3a-9bc4-14816ed53d38,66:92f7001517d39cec11e713a371eee7ae}(|){"#",a2b5aac2-33a7-41ec-878c-7dd928ac85cf,184:92f7001517d39cec11e713a3abf6c444}(|)Київ, Київська, просп.Правди, 108(|)
{"#",47e6dd42-cd5c-4e3a-9bc4-14816ed53d38,66:92f7001517d39cec11e7146f12dff222}(|){"#",a2b5aac2-33a7-41ec-878c-7dd928ac85cf,184:92f7001517d39cec11e7146f68258d0a}(|)Авторинок 5-й км, Херсон, Херсонська(|)
{"#",47e6dd42-cd5c-4e3a-9bc4-14816ed53d38,66:92f7001517d39cec11e71494252ea53e}(|){"#",a2b5aac2-33a7-41ec-878c-7dd928ac85cf,184:92f7001517d39cec11e7149464b9f1f5}(|)Кривий Ріг, Дніпропетровська, вул.Дмитрова, 62/45(|)
{"#",47e6dd42-cd5c-4e3a-9bc4-14816ed53d38,66:92f7001517d39cec11e715144bae7789}(|){"#",a2b5aac2-33a7-41ec-878c-7dd928ac85cf,184:92f7001517d39cec11e71514ab21fcb0}(|)Бровари, Київська, вул.Інтернаціоналістів, 14(|)
{"#",47e6dd42-cd5c-4e3a-9bc4-14816ed53d38,66:ae9a001517d39cec11e3fca3b29c273c}(|){"#",a2b5aac2-33a7-41ec-878c-7dd928ac85cf,184:92f7001517d39cec11e71529e975e6b0}(|)Київ, Київська, вул.Качалова, 5(|)
{"#",47e6dd42-cd5c-4e3a-9bc4-14816ed53d38,66:92f7001517d39cec11e715fefbebcaa0}(|){"#",a2b5aac2-33a7-41ec-878c-7dd928ac85cf,184:92f7001517d39cec11e715ff98241fbd}(|)Дніпро, Дніпропетровська, вул.Метробудівська, 21-А(|)
{"#",47e6dd42-cd5c-4e3a-9bc4-14816ed53d38,66:92f7001517d39cec11e71605ee4f388a}(|){"#",a2b5aac2-33a7-41ec-878c-7dd928ac85cf,184:92f7001517d39cec11e7160631cfccaa}(|)Білопілля, Сумська, вул.Сумська, 14-А(|)
{"#",47e6dd42-cd5c-4e3a-9bc4-14816ed53d38,66:ae9a001517d39cec11e3fca206c2a872}(|){"#",a2b5aac2-33a7-41ec-878c-7dd928ac85cf,184:92f7001517d39cec11e71608a585ebfa}(|)Площа-Ринок, м.Новгород-Сіверський,Чернігівська обл.(|)
{"#",47e6dd42-cd5c-4e3a-9bc4-14816ed53d38,66:aa980025909438d611ea88645cbbf979}(|){"#",a2b5aac2-33a7-41ec-878c-7dd928ac85cf,184:92f7001517d39cec11e7161f078a88ea}(|)Суми, Сумська, вул.Харківська, 21(|)
{"#",47e6dd42-cd5c-4e3a-9bc4-14816ed53d38,66:ae9a001517d39cec11e3fed038e360de}(|){"#",a2b5aac2-33a7-41ec-878c-7dd928ac85cf,184:92f7001517d39cec11e7161f078a88ea}(|)Суми, Сумська, вул.Харківська, 21(|)
{"#",47e6dd42-cd5c-4e3a-9bc4-14816ed53d38,66:b43b001517d39cec11e7f5f158fc81db}(|){"#",a2b5aac2-33a7-41ec-878c-7dd928ac85cf,184:92f7001517d39cec11e7161f078a88ea}(|)Суми, Сумська, вул.Харківська, 21(|)
{"#",47e6dd42-cd5c-4e3a-9bc4-14816ed53d38,66:92f7001517d39cec11e71854091b4f96}(|){"#",a2b5aac2-33a7-41ec-878c-7dd928ac85cf,184:92f7001517d39cec11e718548ec9e9eb}(|)Полтава, Полтавська, вул.Курчатова, 15(|)
{"#",47e6dd42-cd5c-4e3a-9bc4-14816ed53d38,66:92f7001517d39cec11e7185f2c9c8c4b}(|){"#",a2b5aac2-33a7-41ec-878c-7dd928ac85cf,184:92f7001517d39cec11e7186006e9dcea}(|)Кременчук, Полтавська, вул.Київська, 5-А(|)
{"#",47e6dd42-cd5c-4e3a-9bc4-14816ed53d38,66:92f7001517d39cec11e718668ab2b3ac}(|){"#",a2b5aac2-33a7-41ec-878c-7dd928ac85cf,184:92f7001517d39cec11e71866d5b02a74}(|)Теплодар, Одеська, вул.Енергетиків, 88-А(|)
{"#",47e6dd42-cd5c-4e3a-9bc4-14816ed53d38,66:92f7001517d39cec11e71867011b3d70}(|){"#",a2b5aac2-33a7-41ec-878c-7dd928ac85cf,184:92f7001517d39cec11e71867a96317d2}(|)Теплодар, Одеська, вул.Комунальна, 8(|)
{"#",47e6dd42-cd5c-4e3a-9bc4-14816ed53d38,66:ae9a001517d39cec11e3fca0d533e815}(|){"#",a2b5aac2-33a7-41ec-878c-7dd928ac85cf,184:92f7001517d39cec11e718687ade9584}(|)Авторинок Слов`янський, Запоріжжя, Запорізька(|)
{"#",47e6dd42-cd5c-4e3a-9bc4-14816ed53d38,66:ae9a001517d39cec11e3fca1808c2813}(|){"#",a2b5aac2-33a7-41ec-878c-7dd928ac85cf,184:92f7001517d39cec11e718687ade9584}(|)Авторинок Слов`янський, Запоріжжя, Запорізька(|)
{"#",47e6dd42-cd5c-4e3a-9bc4-14816ed53d38,66:92f7001517d39cec11e71868aa4adbad}(|){"#",a2b5aac2-33a7-41ec-878c-7dd928ac85cf,184:92f7001517d39cec11e71868f68308dc}(|)Теплодар, Одеська, вул.Комунальна, 16-Б(|)
{"#",47e6dd42-cd5c-4e3a-9bc4-14816ed53d38,66:92f7001517d39cec11e71869713b7366}(|){"#",a2b5aac2-33a7-41ec-878c-7dd928ac85cf,184:92f7001517d39cec11e71869b701c54e}(|)Біляївка, Одеська, вул.Комарова, 1(|)
{"#",47e6dd42-cd5c-4e3a-9bc4-14816ed53d38,66:92f7001517d39cec11e7192959c621c0}(|){"#",a2b5aac2-33a7-41ec-878c-7dd928ac85cf,184:92f7001517d39cec11e71929b2ad91c5}(|)Авторинок Средняя, Одеса, Одеська(|)
{"#",47e6dd42-cd5c-4e3a-9bc4-14816ed53d38,66:92f7001517d39cec11e7194921b6ff3d}(|){"#",a2b5aac2-33a7-41ec-878c-7dd928ac85cf,184:92f7001517d39cec11e71949d784b017}(|)Коцюбинське, Київська, вул.Пономарьова, 13(|)
{"#",47e6dd42-cd5c-4e3a-9bc4-14816ed53d38,66:92f7001517d39cec11e719dfeab4dd14}(|){"#",a2b5aac2-33a7-41ec-878c-7dd928ac85cf,184:92f7001517d39cec11e719e2a4e8e35e}(|)Чорноморськ, Одеська, вул.Перемоги, 18-В(|)
{"#",47e6dd42-cd5c-4e3a-9bc4-14816ed53d38,66:92f7001517d39cec11e719e3eacc513e}(|){"#",a2b5aac2-33a7-41ec-878c-7dd928ac85cf,184:92f7001517d39cec11e719e4335de49e}(|)Чорноморськ, Одеська, вул.Перемоги, 6(|)
{"#",47e6dd42-cd5c-4e3a-9bc4-14816ed53d38,66:92f7001517d39cec11e719e457be85d3}(|){"#",a2b5aac2-33a7-41ec-878c-7dd928ac85cf,184:92f7001517d39cec11e719e4d28ec7e0}(|)Чорноморськ, Одеська, вул.Героїв Сталінграда, 1/1(|)
{"#",47e6dd42-cd5c-4e3a-9bc4-14816ed53d38,66:92f7001517d39cec11e719e4fb4670e8}(|){"#",a2b5aac2-33a7-41ec-878c-7dd928ac85cf,184:92f7001517d39cec11e719e582322400}(|)Авангард, Одеська, дорога7-й км Овідіопольської, 1(|)
{"#",47e6dd42-cd5c-4e3a-9bc4-14816ed53d38,66:92f7001517d39cec11e719e5ac7f1cca}(|){"#",a2b5aac2-33a7-41ec-878c-7dd928ac85cf,184:92f7001517d39cec11e719e603828f70}(|)Чорноморськ, Одеська, вул.Перемоги, 18-Г(|)
{"#",47e6dd42-cd5c-4e3a-9bc4-14816ed53d38,66:92f7001517d39cec11e71a9a0b0388db}(|){"#",a2b5aac2-33a7-41ec-878c-7dd928ac85cf,184:92f7001517d39cec11e71a9a53846bc4}(|)Авторинок Ринок, Овідіополь, Одеська(|)
{"#",47e6dd42-cd5c-4e3a-9bc4-14816ed53d38,66:92f7001517d39cec11e71a9ac7e7973e}(|){"#",a2b5aac2-33a7-41ec-878c-7dd928ac85cf,184:92f7001517d39cec11e71a9b17b81022}(|)Авторинок Перемога, Одеса, Одеська(|)
{"#",47e6dd42-cd5c-4e3a-9bc4-14816ed53d38,66:92f7001517d39cec11e71ab0e19fc501}(|){"#",a2b5aac2-33a7-41ec-878c-7dd928ac85cf,184:92f7001517d39cec11e71ab180a82048}(|)Великодолинське, Одеська, вул.Маркса Карла, 13-Б(|)
{"#",47e6dd42-cd5c-4e3a-9bc4-14816ed53d38,66:ae9a001517d39cec11e3fca32695eb79}(|){"#",a2b5aac2-33a7-41ec-878c-7dd928ac85cf,184:92f7001517d39cec11e71ad0f7e3a321}(|)Васильків (Київська обл., Васильківський р-н), Київська, вул.Володимирська, 22-А(|)
{"#",47e6dd42-cd5c-4e3a-9bc4-14816ed53d38,66:92f7001517d39cec11e71b6fae1e1e7f}(|){"#",a2b5aac2-33a7-41ec-878c-7dd928ac85cf,184:92f7001517d39cec11e71b6ffc1685c6}(|)Бровари, Київська, вул.Броварської сотні (Чкалова), 13(|)
{"#",47e6dd42-cd5c-4e3a-9bc4-14816ed53d38,66:92f7001517d39cec11e71de704e96046}(|){"#",a2b5aac2-33a7-41ec-878c-7dd928ac85cf,184:92f7001517d39cec11e71de8afb7d7af}(|)Дніпро, Дніпропетровська, просп.Нігояна Сергія, 32-Б(|)
{"#",47e6dd42-cd5c-4e3a-9bc4-14816ed53d38,66:92f7001517d39cec11e71de93df7e572}(|){"#",a2b5aac2-33a7-41ec-878c-7dd928ac85cf,184:92f7001517d39cec11e71dea06be2c6f}(|)Дніпро, Дніпропетровська, вул.Кондратюка Юрія (Комунарівська), 1(|)
{"#",47e6dd42-cd5c-4e3a-9bc4-14816ed53d38,66:ae9a001517d39cec11e3fca2999558d6}(|){"#",a2b5aac2-33a7-41ec-878c-7dd928ac85cf,184:92f7001517d39cec11e71df1d616692a}(|)Талалаївка (Талалаївський р-н., Чернігівська обл.), Чернігівська, вул.Вокзальна, 1(|)
{"#",47e6dd42-cd5c-4e3a-9bc4-14816ed53d38,66:92f7001517d39cec11e71e9390e65c32}(|){"#",a2b5aac2-33a7-41ec-878c-7dd928ac85cf,184:92f7001517d39cec11e71e95521868c2}(|)Харків, Харківська, просп.Московський, 251(|)
{"#",47e6dd42-cd5c-4e3a-9bc4-14816ed53d38,66:ae9a001517d39cec11e3fca0e787fbf4}(|){"#",a2b5aac2-33a7-41ec-878c-7dd928ac85cf,184:92f7001517d39cec11e71e96c5aca767}(|)Нерубайське, Одеська, вул.Пастера, 29-Б(|)
{"#",47e6dd42-cd5c-4e3a-9bc4-14816ed53d38,66:92f7001517d39cec11e71e9723566910}(|){"#",a2b5aac2-33a7-41ec-878c-7dd928ac85cf,184:92f7001517d39cec11e71e97f664d42c}(|)Білгород-Дністровський, Одеська, вул.Портова (Лазо Сергія), 39-З(|)
{"#",47e6dd42-cd5c-4e3a-9bc4-14816ed53d38,66:92f7001517d39cec11e71f62d0d58640}(|){"#",a2b5aac2-33a7-41ec-878c-7dd928ac85cf,184:92f7001517d39cec11e71f6322db0c76}(|)Чорноморськ, Одеська, вул.Перемоги, 1(|)
{"#",47e6dd42-cd5c-4e3a-9bc4-14816ed53d38,66:92f7001517d39cec11e71f637a93b1d6}(|){"#",a2b5aac2-33a7-41ec-878c-7dd928ac85cf,184:92f7001517d39cec11e71f63bce57b4e}(|)Чорноморськ, Одеська, вул.Парусна (Героїв Сталінграду), 16-Г(|)
{"#",47e6dd42-cd5c-4e3a-9bc4-14816ed53d38,66:ae9a001517d39cec11e3fca31454ea7c}(|){"#",a2b5aac2-33a7-41ec-878c-7dd928ac85cf,184:92f7001517d39cec11e71f76e4b5d214}(|)Нова пошта, від.№1, м.Тячів,Закарпатська обл.(|)м.Тячів
{"#",47e6dd42-cd5c-4e3a-9bc4-14816ed53d38,66:92f7001517d39cec11e7201af8a7857a}(|){"#",a2b5aac2-33a7-41ec-878c-7dd928ac85cf,184:92f7001517d39cec11e7201b46d92534}(|)Дніпро, Дніпропетровська, вул.Трофимових Братів, 181(|)
{"#",47e6dd42-cd5c-4e3a-9bc4-14816ed53d38,66:92f7001517d39cec11e7201ba32b943d}(|){"#",a2b5aac2-33a7-41ec-878c-7dd928ac85cf,184:92f7001517d39cec11e7201bfadf74e6}(|)Дніпро, Дніпропетровська, вул.Гвардійська, 23-А(|)
{"#",47e6dd42-cd5c-4e3a-9bc4-14816ed53d38,66:92f7001517d39cec11e7201c27211b86}(|){"#",a2b5aac2-33a7-41ec-878c-7dd928ac85cf,184:92f7001517d39cec11e7201c68f4885e}(|)Дніпро, Дніпропетровська, вул.Набережна Перемоги, 2-К(|)
{"#",47e6dd42-cd5c-4e3a-9bc4-14816ed53d38,66:92f7001517d39cec11e720243d32da07}(|){"#",a2b5aac2-33a7-41ec-878c-7dd928ac85cf,184:92f7001517d39cec11e720248ce45458}(|)Трипілля (Київська обл.), Київська, вул.Івана Франка, 19(|)
{"#",47e6dd42-cd5c-4e3a-9bc4-14816ed53d38,66:92f7001517d39cec11e7204487059267}(|){"#",a2b5aac2-33a7-41ec-878c-7dd928ac85cf,184:92f7001517d39cec11e72044d695abcc}(|)Котельва, Полтавська, вул.Полтавський Шлях (Жовтнева), 230-А(|)
{"#",47e6dd42-cd5c-4e3a-9bc4-14816ed53d38,66:92f7001517d39cec11e720457fc4ca48}(|){"#",a2b5aac2-33a7-41ec-878c-7dd928ac85cf,184:92f7001517d39cec11e72045c1721181}(|)Котельва, Полтавська, вул.Полтавський Шлях (Жовтнева), 166(|)
{"#",47e6dd42-cd5c-4e3a-9bc4-14816ed53d38,66:92f7001517d39cec11e72045e6131232}(|){"#",a2b5aac2-33a7-41ec-878c-7dd928ac85cf,184:92f7001517d39cec11e7204625c6e6e2}(|)Суми, Сумська, вул.Вєтрова Юрія (Воровського), 13(|)
{"#",47e6dd42-cd5c-4e3a-9bc4-14816ed53d38,66:92f7001517d39cec11e724183432e93a}(|){"#",a2b5aac2-33a7-41ec-878c-7dd928ac85cf,184:92f7001517d39cec11e7241870b759ae}(|)Дніпро, Дніпропетровська, вул.Хмельницького Богдана, 29/43(|)
{"#",47e6dd42-cd5c-4e3a-9bc4-14816ed53d38,66:92f7001517d39cec11e72418c6316853}(|){"#",a2b5aac2-33a7-41ec-878c-7dd928ac85cf,184:92f7001517d39cec11e724194bb77aac}(|)Гадяч, Полтавська, вул.Лохвицька, 27-Б(|)
{"#",47e6dd42-cd5c-4e3a-9bc4-14816ed53d38,66:92f7001517d39cec11e7241981eb70c5}(|){"#",a2b5aac2-33a7-41ec-878c-7dd928ac85cf,184:92f7001517d39cec11e72419d03e7168}(|)Суми, Сумська, вул.Чернігівська, 12-А(|)
{"#",47e6dd42-cd5c-4e3a-9bc4-14816ed53d38,66:92f7001517d39cec11e72419f912b6a8}(|){"#",a2b5aac2-33a7-41ec-878c-7dd928ac85cf,184:92f7001517d39cec11e7241a47c9da10}(|)Суми, Сумська, вул.Чернігівська, 12(|)
{"#",47e6dd42-cd5c-4e3a-9bc4-14816ed53d38,66:92f7001517d39cec11e7241a71cf4c50}(|){"#",a2b5aac2-33a7-41ec-878c-7dd928ac85cf,184:92f7001517d39cec11e7241ab1a6e446}(|)Гадяч, Полтавська, вул.Полтавська, 44(|)
{"#",47e6dd42-cd5c-4e3a-9bc4-14816ed53d38,66:92f7001517d39cec11e7242c1b8a07e2}(|){"#",a2b5aac2-33a7-41ec-878c-7dd928ac85cf,184:92f7001517d39cec11e7242c7e3b3f64}(|)Суми, Сумська, просп.Курський, 103(|)
{"#",47e6dd42-cd5c-4e3a-9bc4-14816ed53d38,66:92f7001517d39cec11e724328a764b29}(|){"#",a2b5aac2-33a7-41ec-878c-7dd928ac85cf,184:92f7001517d39cec11e724330adf727c}(|)Хмельницький, Хмельницька, вул.Купріна, 3(|)
{"#",47e6dd42-cd5c-4e3a-9bc4-14816ed53d38,66:ae9a001517d39cec11e3fc9fe332d6cb}(|){"#",a2b5aac2-33a7-41ec-878c-7dd928ac85cf,184:92f7001517d39cec11e724e0cc2a7be0}(|)Ворзель, Київська, вул.Будівельна, 1(|)
{"#",47e6dd42-cd5c-4e3a-9bc4-14816ed53d38,66:92f7001517d39cec11e724f3e00caa4e}(|){"#",a2b5aac2-33a7-41ec-878c-7dd928ac85cf,184:92f7001517d39cec11e724f448ea98e6}(|)Зіньків, Полтавська, вул.Воздвиженська, 46(|)
{"#",47e6dd42-cd5c-4e3a-9bc4-14816ed53d38,66:92f7001517d39cec11e725b931e5ec3e}(|){"#",a2b5aac2-33a7-41ec-878c-7dd928ac85cf,184:92f7001517d39cec11e725b97095e09c}(|)Конотоп, Сумська, просп.Миру, 28(|)
{"#",47e6dd42-cd5c-4e3a-9bc4-14816ed53d38,66:92f7001517d39cec11e7266c479521ae}(|){"#",a2b5aac2-33a7-41ec-878c-7dd928ac85cf,184:92f7001517d39cec11e7266d17c9fd36}(|)Городище (Черкаська обл.), Черкаська, вул.Миру, 86(|)
{"#",47e6dd42-cd5c-4e3a-9bc4-14816ed53d38,66:92f7001517d39cec11e7266e3ae47c00}(|){"#",a2b5aac2-33a7-41ec-878c-7dd928ac85cf,184:92f7001517d39cec11e7266eac0792c8}(|)Черкаси, Черкаська, вул.Припортова (Героїв Сталінграду), 22-А(|)
{"#",47e6dd42-cd5c-4e3a-9bc4-14816ed53d38,66:92f7001517d39cec11e7266f11b61d24}(|){"#",a2b5aac2-33a7-41ec-878c-7dd928ac85cf,184:92f7001517d39cec11e7266f59901b72}(|)Авторинок Корольова, Черкаси, Черкаська(|)
{"#",47e6dd42-cd5c-4e3a-9bc4-14816ed53d38,66:92f7001517d39cec11e7269f486d510e}(|){"#",a2b5aac2-33a7-41ec-878c-7dd928ac85cf,184:92f7001517d39cec11e7269fb929e2b8}(|)Вишневе, Київська, вул.Київська, 36(|)
{"#",47e6dd42-cd5c-4e3a-9bc4-14816ed53d38,66:92f7001517d39cec11e728e767b6737b}(|){"#",a2b5aac2-33a7-41ec-878c-7dd928ac85cf,184:92f7001517d39cec11e728e925e6687c}(|)Решетилівка, Полтавська, вул.Фрунзе, 96(|)
{"#",47e6dd42-cd5c-4e3a-9bc4-14816ed53d38,66:92f7001517d39cec11e728fd8576fb76}(|){"#",a2b5aac2-33a7-41ec-878c-7dd928ac85cf,184:92f7001517d39cec11e728fdca560944}(|)Авторинок Слов`янський, Запоріжжя, Запорізька(|)
{"#",47e6dd42-cd5c-4e3a-9bc4-14816ed53d38,66:ae9a001517d39cec11e3fc9fe9324129}(|){"#",a2b5aac2-33a7-41ec-878c-7dd928ac85cf,184:92f7001517d39cec11e72987e4782ab6}(|)Київ, Київська, пров.Куренівський, 15-А(|)
{"#",47e6dd42-cd5c-4e3a-9bc4-14816ed53d38,66:92f7001517d39cec11e7298a3aeff21e}(|){"#",a2b5aac2-33a7-41ec-878c-7dd928ac85cf,184:92f7001517d39cec11e7298a834d11c2}(|)Підгородне (Дніпропетровська обл.), Дніпропетровська, вул.Тополина, 16-А(|)
{"#",47e6dd42-cd5c-4e3a-9bc4-14816ed53d38,66:92f7001517d39cec11e7298b13b8a372}(|){"#",a2b5aac2-33a7-41ec-878c-7dd928ac85cf,184:92f7001517d39cec11e7298b69d00d48}(|)Кривий Ріг, Дніпропетровська, с.Інгулець, ПР-т Перемоги30(|)
{"#",47e6dd42-cd5c-4e3a-9bc4-14816ed53d38,66:aa930025909438d611e8f8802d346d72}(|){"#",a2b5aac2-33a7-41ec-878c-7dd928ac85cf,184:92f7001517d39cec11e729951fc13a74}(|)Вінниця, Вінницька, с.Майдан-Чапельський, 2-й пров. Лісовий6(|)
{"#",47e6dd42-cd5c-4e3a-9bc4-14816ed53d38,66:aa970025909438d711ea05f973ac40ae}(|){"#",a2b5aac2-33a7-41ec-878c-7dd928ac85cf,184:92f7001517d39cec11e729951fc13a74}(|)Вінниця, Вінницька, с.Майдан-Чапельський, 2-й пров. Лісовий6(|)
{"#",47e6dd42-cd5c-4e3a-9bc4-14816ed53d38,66:ae9a001517d39cec11e3fca1310a5cc8}(|){"#",a2b5aac2-33a7-41ec-878c-7dd928ac85cf,184:92f7001517d39cec11e729951fc13a74}(|)Вінниця, Вінницька, с.Майдан-Чапельський, 2-й пров. Лісовий6(|)
{"#",47e6dd42-cd5c-4e3a-9bc4-14816ed53d38,66:92f7001517d39cec11e72997631f0ace}(|){"#",a2b5aac2-33a7-41ec-878c-7dd928ac85cf,184:92f7001517d39cec11e72997b5602bce}(|)Котельва, Полтавська, вул.Полтавський Шлях (Жовтнева), 3(|)
{"#",47e6dd42-cd5c-4e3a-9bc4-14816ed53d38,66:92f7001517d39cec11e729996aa1b1aa}(|){"#",a2b5aac2-33a7-41ec-878c-7dd928ac85cf,184:92f7001517d39cec11e72999b71579a6}(|)Київ, Київська, вул.Толстого Льва, 33(|)
{"#",47e6dd42-cd5c-4e3a-9bc4-14816ed53d38,66:92f7001517d39cec11e729b20b54e01e}(|){"#",a2b5aac2-33a7-41ec-878c-7dd928ac85cf,184:92f7001517d39cec11e729b24a7280a9}(|)Одеська обл., м.Татарбунари, вул.Василя Тура,78 (базар)(|)
{"#",47e6dd42-cd5c-4e3a-9bc4-14816ed53d38,66:92f7001517d39cec11e72a4c6aaa6f08}(|){"#",a2b5aac2-33a7-41ec-878c-7dd928ac85cf,184:92f7001517d39cec11e72a4cbc129a0a}(|)Покров (Дніпропетровська обл.), Дніпропетровська, вул.Північнопромислова, 24(|)
{"#",47e6dd42-cd5c-4e3a-9bc4-14816ed53d38,66:92f7001517d39cec11e72a58e3df7290}(|){"#",a2b5aac2-33a7-41ec-878c-7dd928ac85cf,184:92f7001517d39cec11e72a5954036dba}(|)Київ, Київська, пров.Щербакова, 45-А(|)
{"#",47e6dd42-cd5c-4e3a-9bc4-14816ed53d38,66:92f7001517d39cec11e72a822559a8fc}(|){"#",a2b5aac2-33a7-41ec-878c-7dd928ac85cf,184:92f7001517d39cec11e72a826ea533c8}(|)Нікополь (Дніпропетровська обл.), Дніпропетровська, вул.Електрометалургів, 108(|)
{"#",47e6dd42-cd5c-4e3a-9bc4-14816ed53d38,66:92f7001517d39cec11e72a83f555cbd4}(|){"#",a2b5aac2-33a7-41ec-878c-7dd928ac85cf,184:92f7001517d39cec11e72a843f863860}(|)Гадяч, Полтавська, вул.Українки Лесі, 21(|)
{"#",47e6dd42-cd5c-4e3a-9bc4-14816ed53d38,66:92f7001517d39cec11e72a7561357cc8}(|){"#",a2b5aac2-33a7-41ec-878c-7dd928ac85cf,184:92f7001517d39cec11e72bdd067d4cf3}(|)Київ, Київська, вул.Харченка Євгенія, 21(|)
{"#",47e6dd42-cd5c-4e3a-9bc4-14816ed53d38,66:92f7001517d39cec11e72bee6018e206}(|){"#",a2b5aac2-33a7-41ec-878c-7dd928ac85cf,184:92f7001517d39cec11e72bef037d09d6}(|)Миргород, Полтавська, вул.Незалежності, 16(|)
{"#",47e6dd42-cd5c-4e3a-9bc4-14816ed53d38,66:92f7001517d39cec11e72c13f75c380a}(|){"#",a2b5aac2-33a7-41ec-878c-7dd928ac85cf,184:92f7001517d39cec11e72c14526804eb}(|)Кременчук, Полтавська, вул.Київська, 65/2(|)
{"#",47e6dd42-cd5c-4e3a-9bc4-14816ed53d38,66:974f001517d39cec11e7b7bed3bc0b78}(|){"#",a2b5aac2-33a7-41ec-878c-7dd928ac85cf,184:974f001517d39cec11e7b7bf551d2760}(|)Львів, Львівська, вул.Городоцька, 355(|)
{"#",47e6dd42-cd5c-4e3a-9bc4-14816ed53d38,66:974f001517d39cec11e7b7c5a57884ce}(|){"#",a2b5aac2-33a7-41ec-878c-7dd928ac85cf,184:974f001517d39cec11e7b7c61a7b6dd6}(|)Борислав (Львівська обл.), Львівська, вул.Коваліва, 16-Б(|)
{"#",47e6dd42-cd5c-4e3a-9bc4-14816ed53d38,66:974f001517d39cec11e7b7c65e4d11ec}(|){"#",a2b5aac2-33a7-41ec-878c-7dd928ac85cf,184:974f001517d39cec11e7b7c6c5afea9c}(|)Пустомити, Львівська, вул.Грушевського, 82(|)
{"#",47e6dd42-cd5c-4e3a-9bc4-14816ed53d38,66:974f001517d39cec11e7b7c70f6de649}(|){"#",a2b5aac2-33a7-41ec-878c-7dd928ac85cf,184:974f001517d39cec11e7b7c744c421ae}(|)Щирець, Львівська, вул.Княжа, 1-Є(|)
{"#",47e6dd42-cd5c-4e3a-9bc4-14816ed53d38,66:974f001517d39cec11e7b7c79739b66a}(|){"#",a2b5aac2-33a7-41ec-878c-7dd928ac85cf,184:974f001517d39cec11e7b7c7dd262df2}(|)Авторинок Автобазар, Дрогобич, Львівська(|)
{"#",47e6dd42-cd5c-4e3a-9bc4-14816ed53d38,66:974f001517d39cec11e7b7c8b50ec238}(|){"#",a2b5aac2-33a7-41ec-878c-7dd928ac85cf,184:974f001517d39cec11e7b7c7dd262df2}(|)Авторинок Автобазар, Дрогобич, Львівська(|)
{"#",47e6dd42-cd5c-4e3a-9bc4-14816ed53d38,66:974f001517d39cec11e7b7e7ad871df3}(|){"#",a2b5aac2-33a7-41ec-878c-7dd928ac85cf,184:974f001517d39cec11e7b7c7dd262df2}(|)Авторинок Автобазар, Дрогобич, Львівська(|)
{"#",47e6dd42-cd5c-4e3a-9bc4-14816ed53d38,66:974f001517d39cec11e7b7c83239b778}(|){"#",a2b5aac2-33a7-41ec-878c-7dd928ac85cf,184:974f001517d39cec11e7b7c889f983e4}(|)Дрогобич, Львівська, вул.Трускавецька, 69(|)
{"#",47e6dd42-cd5c-4e3a-9bc4-14816ed53d38,66:974f001517d39cec11e7b7cbe531ba58}(|){"#",a2b5aac2-33a7-41ec-878c-7dd928ac85cf,184:974f001517d39cec11e7b7cc19f1c199}(|)Дніпро, Дніпропетровська, вул.Передова, 407(|)
{"#",47e6dd42-cd5c-4e3a-9bc4-14816ed53d38,66:974f001517d39cec11e7b7cf200a82c4}(|){"#",a2b5aac2-33a7-41ec-878c-7dd928ac85cf,184:974f001517d39cec11e7b7cf6fab4ca0}(|)Спаське (Дніпропетровська обл.), Дніпропетровська, вул.Козинця, 75(|)
{"#",47e6dd42-cd5c-4e3a-9bc4-14816ed53d38,66:974f001517d39cec11e7b7cfd67cb5e0}(|){"#",a2b5aac2-33a7-41ec-878c-7dd928ac85cf,184:974f001517d39cec11e7b7d0376429e3}(|)Магдалинівка, Дніпропетровська, вул.Центральна, 27(|)
{"#",47e6dd42-cd5c-4e3a-9bc4-14816ed53d38,66:974f001517d39cec11e7b7d1cb25c52c}(|){"#",a2b5aac2-33a7-41ec-878c-7dd928ac85cf,184:974f001517d39cec11e7b7d27bf58996}(|)Кам'янське(Дніпропетровська обл), Дніпропетровська, вул.Грушевського Михайла (Димитрова), 9(|)
{"#",47e6dd42-cd5c-4e3a-9bc4-14816ed53d38,66:974f001517d39cec11e7b7d2dcc06161}(|){"#",a2b5aac2-33a7-41ec-878c-7dd928ac85cf,184:974f001517d39cec11e7b7d3212cfe4e}(|)Кринички, Дніпропетровська, вул.Героїв Чорнобиля(Дзержинського), 7-А(|)
{"#",47e6dd42-cd5c-4e3a-9bc4-14816ed53d38,66:974f001517d39cec11e7b7d8bcebd7e2}(|){"#",a2b5aac2-33a7-41ec-878c-7dd928ac85cf,184:974f001517d39cec11e7b7d8f3d7630c}(|)Вишневе, Київська, вул.Київська, 4-Ж(|)
{"#",47e6dd42-cd5c-4e3a-9bc4-14816ed53d38,66:974f001517d39cec11e7b7d935d5ba38}(|){"#",a2b5aac2-33a7-41ec-878c-7dd928ac85cf,184:974f001517d39cec11e7b7d985610eea}(|)Кам'янське(Дніпропетровська обл), Дніпропетровська, вул.Київська, 11(|)
{"#",47e6dd42-cd5c-4e3a-9bc4-14816ed53d38,66:974f001517d39cec11e7b7d9c4ec5ba1}(|){"#",a2b5aac2-33a7-41ec-878c-7dd928ac85cf,184:974f001517d39cec11e7b7da142b6512}(|)Верхньодніпровськ, Дніпропетровська, вул.Яцковського, 1(|)
{"#",47e6dd42-cd5c-4e3a-9bc4-14816ed53d38,66:974f001517d39cec11e7b7dfb90135c9}(|){"#",a2b5aac2-33a7-41ec-878c-7dd928ac85cf,184:974f001517d39cec11e7b7e0e292548c}(|)Петриківка, Дніпропетровська, с.Іванівка, вул Першотравнева13(|)
{"#",47e6dd42-cd5c-4e3a-9bc4-14816ed53d38,66:974f001517d39cec11e7b7e11bd1eb9b}(|){"#",a2b5aac2-33a7-41ec-878c-7dd928ac85cf,184:974f001517d39cec11e7b7e178b367bd}(|)Царичанка, Дніпропетровська, вул.Кірова, 76-Б(|)
{"#",47e6dd42-cd5c-4e3a-9bc4-14816ed53d38,66:974f001517d39cec11e7b7e1b58685cb}(|){"#",a2b5aac2-33a7-41ec-878c-7dd928ac85cf,184:974f001517d39cec11e7b7e1f92fa1e5}(|)Царичанка, Дніпропетровська, вул.Центральна, 111--Б(|)
{"#",47e6dd42-cd5c-4e3a-9bc4-14816ed53d38,66:974f001517d39cec11e7b7e237b970a5}(|){"#",a2b5aac2-33a7-41ec-878c-7dd928ac85cf,184:974f001517d39cec11e7b7e2807ab30a}(|)Верхньодніпровськ, Дніпропетровська, вул.Титова, 206-А(|)
{"#",47e6dd42-cd5c-4e3a-9bc4-14816ed53d38,66:974f001517d39cec11e7b7e2b76d6542}(|){"#",a2b5aac2-33a7-41ec-878c-7dd928ac85cf,184:974f001517d39cec11e7b7e2f62480ae}(|)Магдалинівка, Дніпропетровська, вул.Центральна, 2-А(|)
{"#",47e6dd42-cd5c-4e3a-9bc4-14816ed53d38,66:974f001517d39cec11e7b7e3340c2f84}(|){"#",a2b5aac2-33a7-41ec-878c-7dd928ac85cf,184:974f001517d39cec11e7b7e3797a4a6a}(|)Магдалинівка, Дніпропетровська, вул.Центральна, 22-А(|)
{"#",47e6dd42-cd5c-4e3a-9bc4-14816ed53d38,66:974f001517d39cec11e7b7e473d5f91f}(|){"#",a2b5aac2-33a7-41ec-878c-7dd928ac85cf,184:974f001517d39cec11e7b7e4c08a2096}(|)Дніпровське, Дніпропетровська, вул.Терешкової, 1(|)
{"#",47e6dd42-cd5c-4e3a-9bc4-14816ed53d38,66:974f001517d39cec11e7b7e4ece39ebb}(|){"#",a2b5aac2-33a7-41ec-878c-7dd928ac85cf,184:974f001517d39cec11e7b7e539dcea67}(|)Верхньодніпровськ, Дніпропетровська, вул.Гагаріна, 27(|)
{"#",47e6dd42-cd5c-4e3a-9bc4-14816ed53d38,66:974f001517d39cec11e7b7e579cc59de}(|){"#",a2b5aac2-33a7-41ec-878c-7dd928ac85cf,184:974f001517d39cec11e7b7e5c1eb7c5f}(|)Аули, Дніпропетровська, вул.Івана Сірка, 36(|)
{"#",47e6dd42-cd5c-4e3a-9bc4-14816ed53d38,66:974f001517d39cec11e7b7e6168a32ae}(|){"#",a2b5aac2-33a7-41ec-878c-7dd928ac85cf,184:974f001517d39cec11e7b7e65727adce}(|)Дрогобич, Львівська, вул.Трускавецька, 94-А(|)
{"#",47e6dd42-cd5c-4e3a-9bc4-14816ed53d38,66:974f001517d39cec11e7b7e68fcc4c03}(|){"#",a2b5aac2-33a7-41ec-878c-7dd928ac85cf,184:974f001517d39cec11e7b7e6cd7d24c2}(|)Львів, Львівська, вул.Шухевича, 53(|)
{"#",47e6dd42-cd5c-4e3a-9bc4-14816ed53d38,66:974f001517d39cec11e7b7e70a65b7fb}(|){"#",a2b5aac2-33a7-41ec-878c-7dd928ac85cf,184:974f001517d39cec11e7b7e77ab6ffd2}(|)Дрогобич, Львівська, вул.Устияновичів, 1(|)
{"#",47e6dd42-cd5c-4e3a-9bc4-14816ed53d38,66:974f001517d39cec11e7b7e8483d361a}(|){"#",a2b5aac2-33a7-41ec-878c-7dd928ac85cf,184:974f001517d39cec11e7b7e8badb62c8}(|)Львів, Львівська, смт.Рудне, вул Гоголя1-А(|)
{"#",47e6dd42-cd5c-4e3a-9bc4-14816ed53d38,66:974f001517d39cec11e7b7f2ca1822bc}(|){"#",a2b5aac2-33a7-41ec-878c-7dd928ac85cf,184:974f001517d39cec11e7b7f31473799c}(|)Обухівка, Дніпропетровська, вул.Центральна, 44-А(|)
{"#",47e6dd42-cd5c-4e3a-9bc4-14816ed53d38,66:974f001517d39cec11e7b89022b9e8e0}(|){"#",a2b5aac2-33a7-41ec-878c-7dd928ac85cf,184:974f001517d39cec11e7b8908327c4f4}(|)Магдалинівка, Дніпропетровська, вул.Радянська, 62(|)
{"#",47e6dd42-cd5c-4e3a-9bc4-14816ed53d38,66:9c80001517d39cec11e49d6d7723e158}(|){"#",a2b5aac2-33a7-41ec-878c-7dd928ac85cf,184:9c80001517d39cec11e49d6f7e42656e}(|)Ніжин, Чернігівська, вул.Незалежності, 24(|)
{"#",47e6dd42-cd5c-4e3a-9bc4-14816ed53d38,66:9c80001517d39cec11e49d725fba25e8}(|){"#",a2b5aac2-33a7-41ec-878c-7dd928ac85cf,184:9c80001517d39cec11e49d74a82dba36}(|)Прилуки, Чернігівська, вул.Войкова, 4(|)
{"#",47e6dd42-cd5c-4e3a-9bc4-14816ed53d38,66:9c80001517d39cec11e4a2157fe478d0}(|){"#",a2b5aac2-33a7-41ec-878c-7dd928ac85cf,184:9c80001517d39cec11e4a216867834c4}(|)Київ, Київська, вул.Новокостянтинівська, 73(|)
{"#",47e6dd42-cd5c-4e3a-9bc4-14816ed53d38,66:ae9a001517d39cec11e3fca155ee1f5a}(|){"#",a2b5aac2-33a7-41ec-878c-7dd928ac85cf,184:9c80001517d39cec11e4a24f58eafcce}(|)Фастів, Київська, вул.Транспортна, 11(|)
{"#",47e6dd42-cd5c-4e3a-9bc4-14816ed53d38,66:9c80001517d39cec11e4a5323116acf8}(|){"#",a2b5aac2-33a7-41ec-878c-7dd928ac85cf,184:9c80001517d39cec11e4a53279716a42}(|)Рівне, Рівненська, вул.Млинівська, 1(|)
{"#",47e6dd42-cd5c-4e3a-9bc4-14816ed53d38,66:9c80001517d39cec11e4a6ffd375a4b2}(|){"#",a2b5aac2-33a7-41ec-878c-7dd928ac85cf,184:9c80001517d39cec11e4a53279716a42}(|)Рівне, Рівненська, вул.Млинівська, 1(|)
{"#",47e6dd42-cd5c-4e3a-9bc4-14816ed53d38,66:9c80001517d39cec11e4a53700bc180e}(|){"#",a2b5aac2-33a7-41ec-878c-7dd928ac85cf,184:9c80001517d39cec11e4a5375751de8a}(|)Авторинок Динамо, Рівне, Рівненська(|)2 ряд 40 кіоск
{"#",47e6dd42-cd5c-4e3a-9bc4-14816ed53d38,66:9c80001517d39cec11e4a85fe5b9b04e}(|){"#",a2b5aac2-33a7-41ec-878c-7dd928ac85cf,184:9c80001517d39cec11e4a5375751de8a}(|)Авторинок Динамо, Рівне, Рівненська(|)2 ряд,37 кіоск
{"#",47e6dd42-cd5c-4e3a-9bc4-14816ed53d38,66:9c80001517d39cec11e4a860e86672f6}(|){"#",a2b5aac2-33a7-41ec-878c-7dd928ac85cf,184:9c80001517d39cec11e4a5375751de8a}(|)Авторинок Динамо, Рівне, Рівненська(|)3 ряд,21 кіоск
{"#",47e6dd42-cd5c-4e3a-9bc4-14816ed53d38,66:9c80001517d39cec11e4b1ca19b9ce38}(|){"#",a2b5aac2-33a7-41ec-878c-7dd928ac85cf,184:9c80001517d39cec11e4a5375751de8a}(|)Авторинок Динамо, Рівне, Рівненська(|)2 ряд,9,30
{"#",47e6dd42-cd5c-4e3a-9bc4-14816ed53d38,66:9c80001517d39cec11e4a534a38aeed2}(|){"#",a2b5aac2-33a7-41ec-878c-7dd928ac85cf,184:9c80001517d39cec11e4a537fbc5d26c}(|)Рівне, Рівненська, вул.Руська, 11(|)
{"#",47e6dd42-cd5c-4e3a-9bc4-14816ed53d38,66:9c80001517d39cec11e4a5f8585e20d6}(|){"#",a2b5aac2-33a7-41ec-878c-7dd928ac85cf,184:9c80001517d39cec11e4a5f910823fee}(|)Рівне, Рівненська, вул.Київська, 46(|)
{"#",47e6dd42-cd5c-4e3a-9bc4-14816ed53d38,66:9c80001517d39cec11e4a634a9a8a20e}(|){"#",a2b5aac2-33a7-41ec-878c-7dd928ac85cf,184:9c80001517d39cec11e4a6352e55be6a}(|)Авторинок Гранд Базар, Рівне, Рівненська(|)кіоск №8
{"#",47e6dd42-cd5c-4e3a-9bc4-14816ed53d38,66:9c80001517d39cec11e4cc7e7dac27df}(|){"#",a2b5aac2-33a7-41ec-878c-7dd928ac85cf,184:9c80001517d39cec11e4a6352e55be6a}(|)Авторинок Гранд Базар, Рівне, Рівненська(|)ринок №17, гранд 6
{"#",47e6dd42-cd5c-4e3a-9bc4-14816ed53d38,66:9c80001517d39cec11e4a7a3f093f536}(|){"#",a2b5aac2-33a7-41ec-878c-7dd928ac85cf,184:9c80001517d39cec11e4a7a4581cf389}(|)Авторинок Жуляни, Київ, Київська(|)
{"#",47e6dd42-cd5c-4e3a-9bc4-14816ed53d38,66:9c80001517d39cec11e4a85c08e260d1}(|){"#",a2b5aac2-33a7-41ec-878c-7dd928ac85cf,184:9c80001517d39cec11e4a85c9a58f9dc}(|)Авторинок Слов`янський, Запоріжжя, Запорізька(|)місце 310
{"#",47e6dd42-cd5c-4e3a-9bc4-14816ed53d38,66:9c80001517d39cec11e4ac79e897a992}(|){"#",a2b5aac2-33a7-41ec-878c-7dd928ac85cf,184:9c80001517d39cec11e4ac7a8ae4de40}(|)Рівне, Рівненська, вул.Корольова, 6(|)
{"#",47e6dd42-cd5c-4e3a-9bc4-14816ed53d38,66:9c80001517d39cec11e4adda89de0664}(|){"#",a2b5aac2-33a7-41ec-878c-7dd928ac85cf,184:9c80001517d39cec11e4addaf39c1208}(|)Здолбунів, Рівненська, вул.Тиха, 4(|)
{"#",47e6dd42-cd5c-4e3a-9bc4-14816ed53d38,66:9c80001517d39cec11e4b12bf70936a8}(|){"#",a2b5aac2-33a7-41ec-878c-7dd928ac85cf,184:9c80001517d39cec11e4b12c58e63cde}(|)Дніпро, Дніпропетровська, вул.Караваєва, 39(|)
{"#",47e6dd42-cd5c-4e3a-9bc4-14816ed53d38,66:9c80001517d39cec11e4b374c60157b4}(|){"#",a2b5aac2-33a7-41ec-878c-7dd928ac85cf,184:9c80001517d39cec11e4b37559205356}(|)Авторинок Видний, Дніпро, Дніпропетровська(|)
{"#",47e6dd42-cd5c-4e3a-9bc4-14816ed53d38,66:9c80001517d39cec11e4b5e069a4eaf8}(|){"#",a2b5aac2-33a7-41ec-878c-7dd928ac85cf,184:9c80001517d39cec11e4b5e1622faf1e}(|)Авторинок Буковина-Авто, Чернівці, Чернівецька(|)
{"#",47e6dd42-cd5c-4e3a-9bc4-14816ed53d38,66:9c80001517d39cec11e4b5e7658a99d4}(|){"#",a2b5aac2-33a7-41ec-878c-7dd928ac85cf,184:9c80001517d39cec11e4b5e84828fe67}(|)Авторинок Клинівський, Чернівці, Чернівецька(|)
{"#",47e6dd42-cd5c-4e3a-9bc4-14816ed53d38,66:9c80001517d39cec11e4b5e9c3486dce}(|){"#",a2b5aac2-33a7-41ec-878c-7dd928ac85cf,184:9c80001517d39cec11e4b5ea79220a6a}(|)Авторинок Буковина-Авто, Чернівці, Чернівецька(|)
{"#",47e6dd42-cd5c-4e3a-9bc4-14816ed53d38,66:9c80001517d39cec11e4b5eb2fe2eb20}(|){"#",a2b5aac2-33a7-41ec-878c-7dd928ac85cf,184:9c80001517d39cec11e4b5eb9542c7e6}(|)Сміла, Черкаська, с.Костянтинівка, вул Леніна3(|)
{"#",47e6dd42-cd5c-4e3a-9bc4-14816ed53d38,66:9c80001517d39cec11e4b6972260fdfa}(|){"#",a2b5aac2-33a7-41ec-878c-7dd928ac85cf,184:9c80001517d39cec11e4b697a34fa902}(|)Дніпро, Дніпропетровська, просп.Слобожанський (Газети «Правда»), 95(|)
{"#",47e6dd42-cd5c-4e3a-9bc4-14816ed53d38,66:9c80001517d39cec11e4b780ea7fba76}(|){"#",a2b5aac2-33a7-41ec-878c-7dd928ac85cf,184:9c80001517d39cec11e4b781688b4c82}(|)Квасилів (Рівненська обл.), Рівненська, вул.Рівненська, 1(|)
{"#",47e6dd42-cd5c-4e3a-9bc4-14816ed53d38,66:9c80001517d39cec11e4b8515cae43c6}(|){"#",a2b5aac2-33a7-41ec-878c-7dd928ac85cf,184:9c80001517d39cec11e4b851cf55f9dc}(|)Сарни, Рівненська, вул.Варшавская, 4-А(|)
{"#",47e6dd42-cd5c-4e3a-9bc4-14816ed53d38,66:9c80001517d39cec11e4b925131e7850}(|){"#",a2b5aac2-33a7-41ec-878c-7dd928ac85cf,184:9c80001517d39cec11e4b925dd7c716a}(|)Авторинок Динамо, Рівне, Рівненська(|)2 ряд 32 кіоск
{"#",47e6dd42-cd5c-4e3a-9bc4-14816ed53d38,66:9c80001517d39cec11e4c73601349b46}(|){"#",a2b5aac2-33a7-41ec-878c-7dd928ac85cf,184:9c80001517d39cec11e4b925dd7c716a}(|)Авторинок Динамо, Рівне, Рівненська(|)6 ряд. 5,15 кіоск
{"#",47e6dd42-cd5c-4e3a-9bc4-14816ed53d38,66:9c80001517d39cec11e4b926fbec7612}(|){"#",a2b5aac2-33a7-41ec-878c-7dd928ac85cf,184:9c80001517d39cec11e4b927c7c0c05e}(|)Клесів, Рівненська, вул.Центральна, 30(|)
{"#",47e6dd42-cd5c-4e3a-9bc4-14816ed53d38,66:9c80001517d39cec11e4bd913009f8e8}(|){"#",a2b5aac2-33a7-41ec-878c-7dd928ac85cf,184:9c80001517d39cec11e4bd9194744374}(|)Одеса, Одеська, вул.Колонтаївська, 58(|)
{"#",47e6dd42-cd5c-4e3a-9bc4-14816ed53d38,66:9c80001517d39cec11e4be721009159f}(|){"#",a2b5aac2-33a7-41ec-878c-7dd928ac85cf,184:9c80001517d39cec11e4be72ee97f8e6}(|)Чернігів, Чернігівська, вул.П'ятницька, 43/2(|)
{"#",47e6dd42-cd5c-4e3a-9bc4-14816ed53d38,66:9c80001517d39cec11e4c0e85e4b42b8}(|){"#",a2b5aac2-33a7-41ec-878c-7dd928ac85cf,184:9c80001517d39cec11e4c0e92cdee2b8}(|)Дніпро, Дніпропетровська, вул.Філософська, 27(|)
{"#",47e6dd42-cd5c-4e3a-9bc4-14816ed53d38,66:9c80001517d39cec11e4c35de99237ea}(|){"#",a2b5aac2-33a7-41ec-878c-7dd928ac85cf,184:9c80001517d39cec11e4c35e96fbc202}(|)Авторинок Гранд Базар, Рівне, Рівненська(|)№ринок 19
{"#",47e6dd42-cd5c-4e3a-9bc4-14816ed53d38,66:9c80001517d39cec11e4c35fa59b6db6}(|){"#",a2b5aac2-33a7-41ec-878c-7dd928ac85cf,184:9c80001517d39cec11e4c35e96fbc202}(|)Авторинок Гранд Базар, Рівне, Рівненська(|)№ринок 28,ринок 5, гранд 4
{"#",47e6dd42-cd5c-4e3a-9bc4-14816ed53d38,66:9c80001517d39cec11e4c360d59019a8}(|){"#",a2b5aac2-33a7-41ec-878c-7dd928ac85cf,184:9c80001517d39cec11e4c35e96fbc202}(|)Авторинок Гранд Базар, Рівне, Рівненська(|)№ ринок 20,гранд 32
{"#",47e6dd42-cd5c-4e3a-9bc4-14816ed53d38,66:911f001517d39cec11e453b198fb1f92}(|){"#",a2b5aac2-33a7-41ec-878c-7dd928ac85cf,184:9c80001517d39cec11e4c3dde076a77e}(|)Київ, Київська, вул.Автозаводська, 83(|)
{"#",47e6dd42-cd5c-4e3a-9bc4-14816ed53d38,66:9c80001517d39cec11e4c808d907cf3e}(|){"#",a2b5aac2-33a7-41ec-878c-7dd928ac85cf,184:9c80001517d39cec11e4c809adb9d83a}(|)Рокитне (Рівненська обл., Рокитнівський р-н), Рівненська, вул.Шевченка, 5(|)
{"#",47e6dd42-cd5c-4e3a-9bc4-14816ed53d38,66:ae9a001517d39cec11e3fca0bccd5701}(|){"#",a2b5aac2-33a7-41ec-878c-7dd928ac85cf,184:9c80001517d39cec11e4cbeb92eb3a40}(|)Зимна Вода, Львівська, вул.Галицька, 1(|)
{"#",47e6dd42-cd5c-4e3a-9bc4-14816ed53d38,66:9c80001517d39cec11e4cc7d02d903b4}(|){"#",a2b5aac2-33a7-41ec-878c-7dd928ac85cf,184:9c80001517d39cec11e4cc7dbb0b70e8}(|)Первомайський (Харківська обл.), Харківська, вул.Бугайченко, 17(|)
{"#",47e6dd42-cd5c-4e3a-9bc4-14816ed53d38,66:9c80001517d39cec11e4ccb2de745670}(|){"#",a2b5aac2-33a7-41ec-878c-7dd928ac85cf,184:9c80001517d39cec11e4ccb3568c69d4}(|)Первомайський (Харківська обл.), Харківська, вул.Комарова, 1(|)
{"#",47e6dd42-cd5c-4e3a-9bc4-14816ed53d38,66:9c80001517d39cec11e4ccb414280d4a}(|){"#",a2b5aac2-33a7-41ec-878c-7dd928ac85cf,184:9c80001517d39cec11e4ccb46f448aa0}(|)Харків, Харківська, вул.Гвардійців-Широнінців, 32(|)
{"#",47e6dd42-cd5c-4e3a-9bc4-14816ed53d38,66:9c80001517d39cec11e4ccb5d2a91241}(|){"#",a2b5aac2-33a7-41ec-878c-7dd928ac85cf,184:9c80001517d39cec11e4ccb6990f6197}(|)Авторинок Гранд Базар, Рівне, Рівненська(|)
{"#",47e6dd42-cd5c-4e3a-9bc4-14816ed53d38,66:9c80001517d39cec11e4ce1738a3a198}(|){"#",a2b5aac2-33a7-41ec-878c-7dd928ac85cf,184:9c80001517d39cec11e4ce17b648ae86}(|)Рокитне (Рівненська обл., Рокитнівський р-н), Рівненська, вул.Міцкевича, 1-Б(|)
{"#",47e6dd42-cd5c-4e3a-9bc4-14816ed53d38,66:9c80001517d39cec11e4ce180d17ad70}(|){"#",a2b5aac2-33a7-41ec-878c-7dd928ac85cf,184:9c80001517d39cec11e4ce189b0dd252}(|)Дубровиця (Рівненська обл.), Рівненська, вул.Колодязьна, 60(|)
{"#",47e6dd42-cd5c-4e3a-9bc4-14816ed53d38,66:9c80001517d39cec11e4ce18da40e802}(|){"#",a2b5aac2-33a7-41ec-878c-7dd928ac85cf,184:9c80001517d39cec11e4ce19478b5398}(|)Рокитне (Рівненська обл., Рокитнівський р-н), Рівненська, вул.Соборна, 4(|)
{"#",47e6dd42-cd5c-4e3a-9bc4-14816ed53d38,66:9c80001517d39cec11e4ce1975cff628}(|){"#",a2b5aac2-33a7-41ec-878c-7dd928ac85cf,184:9c80001517d39cec11e4ce1a29093ba0}(|)Дубровиця (Рівненська обл.), Рівненська, вул.Артеменка, 24(|)
{"#",47e6dd42-cd5c-4e3a-9bc4-14816ed53d38,66:9c80001517d39cec11e4ce503dad4f52}(|){"#",a2b5aac2-33a7-41ec-878c-7dd928ac85cf,184:9c80001517d39cec11e4ce50f2a46c88}(|)Авторинок Динамо, Рівне, Рівненська(|)
{"#",47e6dd42-cd5c-4e3a-9bc4-14816ed53d38,66:9298001517d39cec11e641f62196af65}(|){"#",a2b5aac2-33a7-41ec-878c-7dd928ac85cf,184:9c80001517d39cec11e4ce53a211f210}(|)Київ, Київська, вул.Автозаводська, 15-А(|)
{"#",47e6dd42-cd5c-4e3a-9bc4-14816ed53d38,66:ae9a001517d39cec11e3fca0fa0497d3}(|){"#",a2b5aac2-33a7-41ec-878c-7dd928ac85cf,184:9c80001517d39cec11e4ce53a211f210}(|)Київ, Київська, вул.Автозаводська, 15-А(|)
{"#",47e6dd42-cd5c-4e3a-9bc4-14816ed53d38,66:ae9a001517d39cec11e3fca106521a3f}(|){"#",a2b5aac2-33a7-41ec-878c-7dd928ac85cf,184:9c80001517d39cec11e4ce53a211f210}(|)Київ, Київська, вул.Автозаводська, 15-А(|)
{"#",47e6dd42-cd5c-4e3a-9bc4-14816ed53d38,66:ae9a001517d39cec11e3fca192cf8b7e}(|){"#",a2b5aac2-33a7-41ec-878c-7dd928ac85cf,184:9c80001517d39cec11e4ce53a211f210}(|)Київ, Київська, вул.Автозаводська, 15-А(|)
{"#",47e6dd42-cd5c-4e3a-9bc4-14816ed53d38,66:ae9a001517d39cec11e3fca1ee765147}(|){"#",a2b5aac2-33a7-41ec-878c-7dd928ac85cf,184:9c80001517d39cec11e4ce53a211f210}(|)Київ, Київська, вул.Автозаводська, 15-А(|)
{"#",47e6dd42-cd5c-4e3a-9bc4-14816ed53d38,66:ae9a001517d39cec11e3fca2b1eb3982}(|){"#",a2b5aac2-33a7-41ec-878c-7dd928ac85cf,184:9c80001517d39cec11e4ce53a211f210}(|)Київ, Київська, вул.Автозаводська, 15-А(|)
{"#",47e6dd42-cd5c-4e3a-9bc4-14816ed53d38,66:ae9a001517d39cec11e3fca38e4771c9}(|){"#",a2b5aac2-33a7-41ec-878c-7dd928ac85cf,184:9c80001517d39cec11e4ce53a211f210}(|)Київ, Київська, вул.Автозаводська, 15-А(|)
{"#",47e6dd42-cd5c-4e3a-9bc4-14816ed53d38,66:9c80001517d39cec11e4cee3aa8071c0}(|){"#",a2b5aac2-33a7-41ec-878c-7dd928ac85cf,184:9c80001517d39cec11e4cee562887460}(|)Стрий, Львівська, вул.Кравецька, 2/4(|)
{"#",47e6dd42-cd5c-4e3a-9bc4-14816ed53d38,66:9c80001517d39cec11e4d176e3b3614d}(|){"#",a2b5aac2-33a7-41ec-878c-7dd928ac85cf,184:9c80001517d39cec11e4d17768607da8}(|)Березне, Рівненська, вул.Андріївська, 32-А(|)
{"#",47e6dd42-cd5c-4e3a-9bc4-14816ed53d38,66:9c80001517d39cec11e4d177c0061036}(|){"#",a2b5aac2-33a7-41ec-878c-7dd928ac85cf,184:9c80001517d39cec11e4d1781b1dc8d8}(|)Рівне, Рівненська, вул.Білякова, 2(|)
{"#",47e6dd42-cd5c-4e3a-9bc4-14816ed53d38,66:9c80001517d39cec11e4d2be7122960e}(|){"#",a2b5aac2-33a7-41ec-878c-7dd928ac85cf,184:9c80001517d39cec11e4d2c030de516f}(|)Володимирець, Рівненська, вул.Соборна, 2(|)
{"#",47e6dd42-cd5c-4e3a-9bc4-14816ed53d38,66:9c80001517d39cec11e4d2c0a720b590}(|){"#",a2b5aac2-33a7-41ec-878c-7dd928ac85cf,184:9c80001517d39cec11e4d2c12271b69a}(|)Авторинок Центральний, Вараш, Рівненська(|)
{"#",47e6dd42-cd5c-4e3a-9bc4-14816ed53d38,66:9c80001517d39cec11e4d2c13fd8967c}(|){"#",a2b5aac2-33a7-41ec-878c-7dd928ac85cf,184:9c80001517d39cec11e4d2c1eb1dc3b8}(|)Володимирець, Рівненська, вул.Петлюри Симона, 3-А/1(|)
{"#",47e6dd42-cd5c-4e3a-9bc4-14816ed53d38,66:9c80001517d39cec11e4d2c21749f52e}(|){"#",a2b5aac2-33a7-41ec-878c-7dd928ac85cf,184:9c80001517d39cec11e4d2c290f75858}(|)Сарни, Рівненська, вул.Білгородська, автобусна зупинка ДАІ1(|)
{"#",47e6dd42-cd5c-4e3a-9bc4-14816ed53d38,66:9c80001517d39cec11e4d2c2d3dcf39e}(|){"#",a2b5aac2-33a7-41ec-878c-7dd928ac85cf,184:9c80001517d39cec11e4d2c30b5064d2}(|)Вараш, Рівненська, вул.Ринкова, 12(|)Виктор
{"#",47e6dd42-cd5c-4e3a-9bc4-14816ed53d38,66:9c80001517d39cec11e4d2c2d3dcf39e}(|){"#",a2b5aac2-33a7-41ec-878c-7dd928ac85cf,184:9c80001517d39cec11e4d2c3a0c36c5b}(|)Авторинок Центральний, Вараш, Рівненська(|)Коля 096-277-75-42
{"#",47e6dd42-cd5c-4e3a-9bc4-14816ed53d38,66:9c80001517d39cec11e4d2c2d3dcf39e}(|){"#",a2b5aac2-33a7-41ec-878c-7dd928ac85cf,184:9c80001517d39cec11e4d2c3c75ddf92}(|)Володимирець, Рівненська, вул.Стуса, 3(|)Андрей 096-515-72-52
{"#",47e6dd42-cd5c-4e3a-9bc4-14816ed53d38,66:9c80001517d39cec11e4d2ccfe22fe28}(|){"#",a2b5aac2-33a7-41ec-878c-7dd928ac85cf,184:9c80001517d39cec11e4d2cda015997a}(|)Димер, Київська, вул.Соборна (Леніна), 96(|)
{"#",47e6dd42-cd5c-4e3a-9bc4-14816ed53d38,66:9c80001517d39cec11e4d2f691a2baca}(|){"#",a2b5aac2-33a7-41ec-878c-7dd928ac85cf,184:9c80001517d39cec11e4d2f884f93c2a}(|)Сарни, Рівненська, вул.Бегми, 58(|)
{"#",47e6dd42-cd5c-4e3a-9bc4-14816ed53d38,66:9298001517d39cec11e58e0af64e36aa}(|){"#",a2b5aac2-33a7-41ec-878c-7dd928ac85cf,184:9c80001517d39cec11e4d6c63e13a120}(|)Авторинок Жуляни, Київ, Київська(|)
{"#",47e6dd42-cd5c-4e3a-9bc4-14816ed53d38,66:9298001517d39cec11e600ab5d40ad8b}(|){"#",a2b5aac2-33a7-41ec-878c-7dd928ac85cf,184:9c80001517d39cec11e4d6c63e13a120}(|)Авторинок Жуляни, Київ, Київська(|)
{"#",47e6dd42-cd5c-4e3a-9bc4-14816ed53d38,66:92f7001517d39cec11e71a95b8e68e7a}(|){"#",a2b5aac2-33a7-41ec-878c-7dd928ac85cf,184:9c80001517d39cec11e4d6c63e13a120}(|)Авторинок Жуляни, Київ, Київська(|)
{"#",47e6dd42-cd5c-4e3a-9bc4-14816ed53d38,66:aa930025909438d611e8ed61f6a931d3}(|){"#",a2b5aac2-33a7-41ec-878c-7dd928ac85cf,184:9c80001517d39cec11e4d6c63e13a120}(|)Авторинок Жуляни, Київ, Київська(|)
{"#",47e6dd42-cd5c-4e3a-9bc4-14816ed53d38,66:aa950025909438d711e9b917d40ed63a}(|){"#",a2b5aac2-33a7-41ec-878c-7dd928ac85cf,184:9c80001517d39cec11e4d6c63e13a120}(|)Авторинок Жуляни, Київ, Київська(|)
{"#",47e6dd42-cd5c-4e3a-9bc4-14816ed53d38,66:aa950025909438d711e9b9189ca90545}(|){"#",a2b5aac2-33a7-41ec-878c-7dd928ac85cf,184:9c80001517d39cec11e4d6c63e13a120}(|)Авторинок Жуляни, Київ, Київська(|)
{"#",47e6dd42-cd5c-4e3a-9bc4-14816ed53d38,66:aa970025909438d711ea12a48f747e40}(|){"#",a2b5aac2-33a7-41ec-878c-7dd928ac85cf,184:9c80001517d39cec11e4d6c63e13a120}(|)Авторинок Жуляни, Київ, Київська(|)
{"#",47e6dd42-cd5c-4e3a-9bc4-14816ed53d38,66:ae63001517d39cec11e6d9ae91dec914}(|){"#",a2b5aac2-33a7-41ec-878c-7dd928ac85cf,184:9c80001517d39cec11e4d6c63e13a120}(|)Авторинок Жуляни, Київ, Київська(|)
{"#",47e6dd42-cd5c-4e3a-9bc4-14816ed53d38,66:b7df001517d39cec11e72ff17570f3d0}(|){"#",a2b5aac2-33a7-41ec-878c-7dd928ac85cf,184:9c80001517d39cec11e4d6c63e13a120}(|)Авторинок Жуляни, Київ, Київська(|)
{"#",47e6dd42-cd5c-4e3a-9bc4-14816ed53d38,66:b7df001517d39cec11e736f0f9864d0e}(|){"#",a2b5aac2-33a7-41ec-878c-7dd928ac85cf,184:9c80001517d39cec11e4d6c63e13a120}(|)Авторинок Жуляни, Київ, Київська(|)
{"#",47e6dd42-cd5c-4e3a-9bc4-14816ed53d38,66:9c80001517d39cec11e4d7a31d8d3bd9}(|){"#",a2b5aac2-33a7-41ec-878c-7dd928ac85cf,184:9c80001517d39cec11e4d7a63dfed999}(|)Богодухів, Харківська, вул.Шевченка, 8(|)
{"#",47e6dd42-cd5c-4e3a-9bc4-14816ed53d38,66:9c80001517d39cec11e4d8403e09ccf6}(|){"#",a2b5aac2-33a7-41ec-878c-7dd928ac85cf,184:9c80001517d39cec11e4d842736cf39e}(|)Костопіль, Рівненська, вул.1-го Травня, 13(|)
{"#",47e6dd42-cd5c-4e3a-9bc4-14816ed53d38,66:9c80001517d39cec11e4d842c5d43a40}(|){"#",a2b5aac2-33a7-41ec-878c-7dd928ac85cf,184:9c80001517d39cec11e4d844b5ce0ab4}(|)Авторинок Динамо, Рівне, Рівненська(|)
{"#",47e6dd42-cd5c-4e3a-9bc4-14816ed53d38,66:ae9a001517d39cec11e3fc9fe332d6cf}(|){"#",a2b5aac2-33a7-41ec-878c-7dd928ac85cf,184:9c80001517d39cec11e4d906e1808f0c}(|)Бровари, Київська, вул.Героїв Небесної Сотні (Возз'єднання), 9/181(|)
{"#",47e6dd42-cd5c-4e3a-9bc4-14816ed53d38,66:92f7001517d39cec11e71de2eea06856}(|){"#",a2b5aac2-33a7-41ec-878c-7dd928ac85cf,184:9c80001517d39cec11e4dc62499a358b}(|)Кривий Ріг, Дніпропетровська, вул.Каховська, 23(|)
{"#",47e6dd42-cd5c-4e3a-9bc4-14816ed53d38,66:ae9a001517d39cec11e3fca27b105ed4}(|){"#",a2b5aac2-33a7-41ec-878c-7dd928ac85cf,184:9c80001517d39cec11e4dc63a0b39d1d}(|)Кривий Ріг, Дніпропетровська, вул.Каховська, 23(|)
{"#",47e6dd42-cd5c-4e3a-9bc4-14816ed53d38,66:9c80001517d39cec11e4dcfa7241802c}(|){"#",a2b5aac2-33a7-41ec-878c-7dd928ac85cf,184:9c80001517d39cec11e4dcfaf302de86}(|)Шевченкове (Харківська обл.), Харківська, с.Огурцівка, 13(|)
{"#",47e6dd42-cd5c-4e3a-9bc4-14816ed53d38,66:9c80001517d39cec11e4dd21fc6dab64}(|){"#",a2b5aac2-33a7-41ec-878c-7dd928ac85cf,184:9c80001517d39cec11e4dd23eb61392e}(|)Куп'янськ, Харківська, вул.Дзержинського, 14(|)
{"#",47e6dd42-cd5c-4e3a-9bc4-14816ed53d38,66:9c80001517d39cec11e4dd350529fb01}(|){"#",a2b5aac2-33a7-41ec-878c-7dd928ac85cf,184:9c80001517d39cec11e4dd36143c17d4}(|)Київ, Київська, вул.Пшенична, 9(|)
{"#",47e6dd42-cd5c-4e3a-9bc4-14816ed53d38,66:9c80001517d39cec11e4ddbd791e341c}(|){"#",a2b5aac2-33a7-41ec-878c-7dd928ac85cf,184:9c80001517d39cec11e4ddbe46771db6}(|)Авторинок Центральний, Вараш, Рівненська(|)
{"#",47e6dd42-cd5c-4e3a-9bc4-14816ed53d38,66:9c80001517d39cec11e4dd350529fb01}(|){"#",a2b5aac2-33a7-41ec-878c-7dd928ac85cf,184:9c80001517d39cec11e4ddbeeea982ee}(|)Бородянка, Київська, вул.Вокзальна, 88(|)
{"#",47e6dd42-cd5c-4e3a-9bc4-14816ed53d38,66:9c80001517d39cec11e4ddbf5c6b2418}(|){"#",a2b5aac2-33a7-41ec-878c-7dd928ac85cf,184:9c80001517d39cec11e4ddbff683e10c}(|)Вараш, Рівненська, вул.Теплична, 7(|)
{"#",47e6dd42-cd5c-4e3a-9bc4-14816ed53d38,66:9c80001517d39cec11e4ddc0bbc02a70}(|){"#",a2b5aac2-33a7-41ec-878c-7dd928ac85cf,184:9c80001517d39cec11e4ddc132a24c22}(|)Авторинок Центральний, Вараш, Рівненська(|)
{"#",47e6dd42-cd5c-4e3a-9bc4-14816ed53d38,66:9c80001517d39cec11e4deac3e9682f0}(|){"#",a2b5aac2-33a7-41ec-878c-7dd928ac85cf,184:9c80001517d39cec11e4deacf86c8e06}(|)"Автомаркет", пр-т Суворова буд.224, м. Ізмаїл, Одеська обл.(|)
{"#",47e6dd42-cd5c-4e3a-9bc4-14816ed53d38,66:9c80001517d39cec11e4e2a25fab82d8}(|){"#",a2b5aac2-33a7-41ec-878c-7dd928ac85cf,184:9c80001517d39cec11e4e2a34a5374cc}(|)Балаклія (Харківська обл.), Харківська, вул.Куйбишева, 1-А(|)
{"#",47e6dd42-cd5c-4e3a-9bc4-14816ed53d38,66:9298001517d39cec11e63f7955d60b64}(|){"#",a2b5aac2-33a7-41ec-878c-7dd928ac85cf,184:9c80001517d39cec11e4e2b4e97299f2}(|)Київ, Київська, вул.Булгакова, 16(|)Свиридовська Наталья Олександрівна
{"#",47e6dd42-cd5c-4e3a-9bc4-14816ed53d38,66:aa930025909438d611e8ff9f1e583bda}(|){"#",a2b5aac2-33a7-41ec-878c-7dd928ac85cf,184:9c80001517d39cec11e4e2b4e97299f2}(|)Київ, Київська, вул.Булгакова, 16(|)
{"#",47e6dd42-cd5c-4e3a-9bc4-14816ed53d38,66:aa930025909438d611e976f8c9ef5451}(|){"#",a2b5aac2-33a7-41ec-878c-7dd928ac85cf,184:9c80001517d39cec11e4e2b4e97299f2}(|)Київ, Київська, вул.Булгакова, 16(|)
{"#",47e6dd42-cd5c-4e3a-9bc4-14816ed53d38,66:ae9a001517d39cec11e3fca0db67c632}(|){"#",a2b5aac2-33a7-41ec-878c-7dd928ac85cf,184:9c80001517d39cec11e4e2b4e97299f2}(|)Київ, Київська, вул.Булгакова, 16(|)
{"#",47e6dd42-cd5c-4e3a-9bc4-14816ed53d38,66:ae9a001517d39cec11e3fca0b6bd3c0e}(|){"#",a2b5aac2-33a7-41ec-878c-7dd928ac85cf,184:9c80001517d39cec11e4e2b5b7071e54}(|)Киев, Выяснить(|)
{"#",47e6dd42-cd5c-4e3a-9bc4-14816ed53d38,66:ae9a001517d39cec11e3fca17a61d356}(|){"#",a2b5aac2-33a7-41ec-878c-7dd928ac85cf,184:9c80001517d39cec11e4e4d90902d818}(|)Шостка, Сумська, вул.Героїв Хасана, 9(|)
{"#",47e6dd42-cd5c-4e3a-9bc4-14816ed53d38,66:ae9a001517d39cec11e3fca0e17f081c}(|){"#",a2b5aac2-33a7-41ec-878c-7dd928ac85cf,184:9c80001517d39cec11e4e4fe9450e2b6}(|)Бровари, Київська, вул.Київська, 112(|)
{"#",47e6dd42-cd5c-4e3a-9bc4-14816ed53d38,66:9c80001517d39cec11e4e73e5e0c23c0}(|){"#",a2b5aac2-33a7-41ec-878c-7dd928ac85cf,184:9c80001517d39cec11e4e73eeba08837}(|)Куп'янськ, Харківська, вул.Студентська (Комсомольська), 16(|)
{"#",47e6dd42-cd5c-4e3a-9bc4-14816ed53d38,66:9c80001517d39cec11e4e74080175636}(|){"#",a2b5aac2-33a7-41ec-878c-7dd928ac85cf,184:9c80001517d39cec11e4e740c9f6b2d0}(|)Куп'янськ, Харківська, вул.Садова, 3(|)
{"#",47e6dd42-cd5c-4e3a-9bc4-14816ed53d38,66:ae9a001517d39cec11e3fca32085d0a2}(|){"#",a2b5aac2-33a7-41ec-878c-7dd928ac85cf,184:9c80001517d39cec11e4e8029403b1ea}(|)Кропивницький, Кіровоградська, вул.Автолюбителів, 2(|)0522-55-53-11,066-921-74-11,066-921-74-11
{"#",47e6dd42-cd5c-4e3a-9bc4-14816ed53d38,66:9c80001517d39cec11e4e804f6ac5f86}(|){"#",a2b5aac2-33a7-41ec-878c-7dd928ac85cf,184:9c80001517d39cec11e4e80803454a17}(|)Богодухів, Харківська, вул.Шевченка, 3(|)
{"#",47e6dd42-cd5c-4e3a-9bc4-14816ed53d38,66:9c80001517d39cec11e4e820b93207be}(|){"#",a2b5aac2-33a7-41ec-878c-7dd928ac85cf,184:9c80001517d39cec11e4e82107c567e4}(|)Куп'янськ, Харківська, вул.Студентська (Комсомольська), 10(|)
{"#",47e6dd42-cd5c-4e3a-9bc4-14816ed53d38,66:9c80001517d39cec11e4e9885948cd88}(|){"#",a2b5aac2-33a7-41ec-878c-7dd928ac85cf,184:9c80001517d39cec11e4e98919197e50}(|)Валки, Харківська, смт.Старий Мерчик, вул Таетральна80(|)
{"#",47e6dd42-cd5c-4e3a-9bc4-14816ed53d38,66:9c80001517d39cec11e4e99c5c6a5540}(|){"#",a2b5aac2-33a7-41ec-878c-7dd928ac85cf,184:9c80001517d39cec11e4e99d30567b13}(|)Київ, Київська, вул.Качури Якова, 62(|)
{"#",47e6dd42-cd5c-4e3a-9bc4-14816ed53d38,66:9c80001517d39cec11e4ea53867d78b4}(|){"#",a2b5aac2-33a7-41ec-878c-7dd928ac85cf,184:9c80001517d39cec11e4ea54663feb5d}(|)Київ, Київська, вул.Марка Вовчка, 5(|)
{"#",47e6dd42-cd5c-4e3a-9bc4-14816ed53d38,66:9c80001517d39cec11e4ea5c70f4f4f2}(|){"#",a2b5aac2-33a7-41ec-878c-7dd928ac85cf,184:9c80001517d39cec11e4ea5dd56baafe}(|)Сарни, Рівненська, вул.17-го вересня, 4(|)
{"#",47e6dd42-cd5c-4e3a-9bc4-14816ed53d38,66:9c80001517d39cec11e4d2c13fd8967c}(|){"#",a2b5aac2-33a7-41ec-878c-7dd928ac85cf,184:9c80001517d39cec11e4ea6164f3da30}(|)Авторинок Центральний, Вараш, Рівненська(|)
{"#",47e6dd42-cd5c-4e3a-9bc4-14816ed53d38,66:9c80001517d39cec11e4ea603fdfe8da}(|){"#",a2b5aac2-33a7-41ec-878c-7dd928ac85cf,184:9c80001517d39cec11e4ecc06d3e4652}(|)Сарни, Рівненська, с.Ремчиці, СТО1(|)
{"#",47e6dd42-cd5c-4e3a-9bc4-14816ed53d38,66:9c80001517d39cec11e4ecc114da7765}(|){"#",a2b5aac2-33a7-41ec-878c-7dd928ac85cf,184:9c80001517d39cec11e4ecc21438d73c}(|)Острог, Рівненська, вул.Мануїльського, 35(|)
{"#",47e6dd42-cd5c-4e3a-9bc4-14816ed53d38,66:9c80001517d39cec11e4ecc349d2543c}(|){"#",a2b5aac2-33a7-41ec-878c-7dd928ac85cf,184:9c80001517d39cec11e4ecc3d261a534}(|)Авторинок Динамо, Рівне, Рівненська(|)
{"#",47e6dd42-cd5c-4e3a-9bc4-14816ed53d38,66:ae9a001517d39cec11e3fc9fdd310a0f}(|){"#",a2b5aac2-33a7-41ec-878c-7dd928ac85cf,184:9c80001517d39cec11e4f22cdc1c78b6}(|)Київ(|)
{"#",47e6dd42-cd5c-4e3a-9bc4-14816ed53d38,66:9c80001517d39cec11e4f22e98dd4394}(|){"#",a2b5aac2-33a7-41ec-878c-7dd928ac85cf,184:9c80001517d39cec11e4f22ed01519ff}(|)Млинів, Рівненська, вул.Рівненська, 57(|)
{"#",47e6dd42-cd5c-4e3a-9bc4-14816ed53d38,66:9c80001517d39cec11e4f22ff8a25872}(|){"#",a2b5aac2-33a7-41ec-878c-7dd928ac85cf,184:9c80001517d39cec11e4f232ec69681b}(|)Авторинок Ринок Млинівський, Млинів, Рівненська(|)
{"#",47e6dd42-cd5c-4e3a-9bc4-14816ed53d38,66:9c80001517d39cec11e4f25c0eee95ec}(|){"#",a2b5aac2-33a7-41ec-878c-7dd928ac85cf,184:9c80001517d39cec11e4f25cae8ac301}(|)Хорол, Полтавська, вул.Героїв Небесної Сотні (Леніна), 116(|)
{"#",47e6dd42-cd5c-4e3a-9bc4-14816ed53d38,66:9c80001517d39cec11e4f4814b539f4c}(|){"#",a2b5aac2-33a7-41ec-878c-7dd928ac85cf,184:9c80001517d39cec11e4f483952f36b0}(|)Київ, Київська, вул.Новокостянтинівська, 4-А(|)
{"#",47e6dd42-cd5c-4e3a-9bc4-14816ed53d38,66:9c80001517d39cec11e4f4b44abf06e4}(|){"#",a2b5aac2-33a7-41ec-878c-7dd928ac85cf,184:9c80001517d39cec11e4f4b54526a158}(|)Овідіополь, Одеська, вул.Вертелецького, 1-Б(|)
{"#",47e6dd42-cd5c-4e3a-9bc4-14816ed53d38,66:9c80001517d39cec11e4f7e20cf9ff5c}(|){"#",a2b5aac2-33a7-41ec-878c-7dd928ac85cf,184:9c80001517d39cec11e4f7e32e75a4ff}(|)Київ, Київська, вул.Каунаська, 13(|)
{"#",47e6dd42-cd5c-4e3a-9bc4-14816ed53d38,66:9c80001517d39cec11e4f87bb2932a94}(|){"#",a2b5aac2-33a7-41ec-878c-7dd928ac85cf,184:9c80001517d39cec11e4f87c4d4e0770}(|)Сарни, Рівненська, вул.Варшавская, 1-А(|)
{"#",47e6dd42-cd5c-4e3a-9bc4-14816ed53d38,66:9c80001517d39cec11e4f8a4e36b391f}(|){"#",a2b5aac2-33a7-41ec-878c-7dd928ac85cf,184:9c80001517d39cec11e4f8a594fc1c00}(|)Луцьк, Волинська, просп.Перемоги, 20(|)
{"#",47e6dd42-cd5c-4e3a-9bc4-14816ed53d38,66:9c80001517d39cec11e4f8a5f34338de}(|){"#",a2b5aac2-33a7-41ec-878c-7dd928ac85cf,184:9c80001517d39cec11e4f8a594fc1c00}(|)Луцьк, Волинська, просп.Перемоги, 20(|)
{"#",47e6dd42-cd5c-4e3a-9bc4-14816ed53d38,66:9c80001517d39cec11e4fd4f63e8496e}(|){"#",a2b5aac2-33a7-41ec-878c-7dd928ac85cf,184:9c80001517d39cec11e4fd5162cb2ebe}(|)Киев - уточнить(|)
{"#",47e6dd42-cd5c-4e3a-9bc4-14816ed53d38,66:ae9a001517d39cec11e3fca32085d0a2}(|){"#",a2b5aac2-33a7-41ec-878c-7dd928ac85cf,184:9c80001517d39cec11e4fd5bd06480ba}(|)Полтава, Полтавська, вул.Серьогіна, 1(|)
{"#",47e6dd42-cd5c-4e3a-9bc4-14816ed53d38,66:9c80001517d39cec11e4fd5e6ea333a0}(|){"#",a2b5aac2-33a7-41ec-878c-7dd928ac85cf,184:9c80001517d39cec11e4fd5ee7622ba2}(|)Нові Санжари, Полтавська, пров.Жовтневий, 1(|)
{"#",47e6dd42-cd5c-4e3a-9bc4-14816ed53d38,66:9c80001517d39cec11e4fdff462c6f44}(|){"#",a2b5aac2-33a7-41ec-878c-7dd928ac85cf,184:9c80001517d39cec11e4fe009af1caf0}(|)Костопіль, Рівненська, вул.Рівненська, 8(|)
{"#",47e6dd42-cd5c-4e3a-9bc4-14816ed53d38,66:9c80001517d39cec11e4fe011623cd68}(|){"#",a2b5aac2-33a7-41ec-878c-7dd928ac85cf,184:9c80001517d39cec11e4fe01cdaa914f}(|)Млинів, Рівненська, вул.Обїзна, 5-А(|)
{"#",47e6dd42-cd5c-4e3a-9bc4-14816ed53d38,66:9c80001517d39cec11e4fe1ec6303ba5}(|){"#",a2b5aac2-33a7-41ec-878c-7dd928ac85cf,184:9c80001517d39cec11e4fe1f22935b22}(|)Балаклія (Харківська обл.), Харківська, вул.Леніна, 90(|)
{"#",47e6dd42-cd5c-4e3a-9bc4-14816ed53d38,66:9c80001517d39cec11e4fe1f9a749872}(|){"#",a2b5aac2-33a7-41ec-878c-7dd928ac85cf,184:9c80001517d39cec11e4fe2178a96220}(|)Куп'янськ, Харківська, вул.Студентська (Комсомольська), 10/13(|)
{"#",47e6dd42-cd5c-4e3a-9bc4-14816ed53d38,66:9c80001517d39cec11e4fe2a36017d0a}(|){"#",a2b5aac2-33a7-41ec-878c-7dd928ac85cf,184:9c80001517d39cec11e4fe2a72b0d7d2}(|)Киев(|)Киев
{"#",47e6dd42-cd5c-4e3a-9bc4-14816ed53d38,66:9c80001517d39cec11e4fec2bf233a68}(|){"#",a2b5aac2-33a7-41ec-878c-7dd928ac85cf,184:9c80001517d39cec11e4fec3a873d9c0}(|)Полтава, Полтавська, вул.Зіньківська, 21/11(|)
{"#",47e6dd42-cd5c-4e3a-9bc4-14816ed53d38,66:9c80001517d39cec11e4ff86543c5c60}(|){"#",a2b5aac2-33a7-41ec-878c-7dd928ac85cf,184:9c80001517d39cec11e4ff86ef6c0c76}(|)Київ, Київська, вул.Новокостянтинівська, 8(|)
{"#",47e6dd42-cd5c-4e3a-9bc4-14816ed53d38,66:9c80001517d39cec11e502a7690722dc}(|){"#",a2b5aac2-33a7-41ec-878c-7dd928ac85cf,184:9c80001517d39cec11e502a7e15ad10c}(|)Киев(|)
{"#",47e6dd42-cd5c-4e3a-9bc4-14816ed53d38,66:ae9a001517d39cec11e3fca2ef9c1243}(|){"#",a2b5aac2-33a7-41ec-878c-7dd928ac85cf,184:9c80001517d39cec11e502c02da881a4}(|)Київ, Київська, бульварВацлава Гавели (Лепсе Івана), 16(|)
{"#",47e6dd42-cd5c-4e3a-9bc4-14816ed53d38,66:9c80001517d39cec11e5037be500661c}(|){"#",a2b5aac2-33a7-41ec-878c-7dd928ac85cf,184:9c80001517d39cec11e5037c8faf5f32}(|)Дніпро, Дніпропетровська, вул.Ударників, 27(|)
{"#",47e6dd42-cd5c-4e3a-9bc4-14816ed53d38,66:aa900025909438d711e8b0ed330b2da1}(|){"#",a2b5aac2-33a7-41ec-878c-7dd928ac85cf,184:9c80001517d39cec11e5037c8faf5f32}(|)Дніпро, Дніпропетровська, вул.Ударників, 27(|)
{"#",47e6dd42-cd5c-4e3a-9bc4-14816ed53d38,66:9c80001517d39cec11e504548d9f0f66}(|){"#",a2b5aac2-33a7-41ec-878c-7dd928ac85cf,184:9c80001517d39cec11e504558e73c070}(|)Чернігів, Чернігівська, вул.Бєлова Генерала, 5(|)
{"#",47e6dd42-cd5c-4e3a-9bc4-14816ed53d38,66:9c80001517d39cec11e509e80a8bdbd1}(|){"#",a2b5aac2-33a7-41ec-878c-7dd928ac85cf,184:9c80001517d39cec11e509e875312b8e}(|)Бориспіль, Київська, вул.Привокзальна, 50(|)
{"#",47e6dd42-cd5c-4e3a-9bc4-14816ed53d38,66:9c80001517d39cec11e50b5230642944}(|){"#",a2b5aac2-33a7-41ec-878c-7dd928ac85cf,184:9c80001517d39cec11e50b53388d34fc}(|)Суми, Сумська, вул.Ковпака, 18(|)
{"#",47e6dd42-cd5c-4e3a-9bc4-14816ed53d38,66:9c80001517d39cec11e50dddf6f0c198}(|){"#",a2b5aac2-33a7-41ec-878c-7dd928ac85cf,184:9c80001517d39cec11e50dde4412953c}(|)Сарни, Рівненська, вул.Стефаника, 27(|)
{"#",47e6dd42-cd5c-4e3a-9bc4-14816ed53d38,66:9c80001517d39cec11e502b1e5f2712b}(|){"#",a2b5aac2-33a7-41ec-878c-7dd928ac85cf,184:9c80001517d39cec11e50deaf4aa599a}(|)Хмельницький, Хмельницька, вул.Київська, 4(|)
{"#",47e6dd42-cd5c-4e3a-9bc4-14816ed53d38,66:9c80001517d39cec11e50e78a3fd94fc}(|){"#",a2b5aac2-33a7-41ec-878c-7dd928ac85cf,184:9c80001517d39cec11e50e78f3c48478}(|)Валки, Харківська, вул.Коваля Івана, 102(|)
{"#",47e6dd42-cd5c-4e3a-9bc4-14816ed53d38,66:9c80001517d39cec11e50ea94fe039e8}(|){"#",a2b5aac2-33a7-41ec-878c-7dd928ac85cf,184:9c80001517d39cec11e50ea9c9bae9c4}(|)Зміїв, Харківська, вул.50 р. Комсомолу, 1(|)
{"#",47e6dd42-cd5c-4e3a-9bc4-14816ed53d38,66:9c80001517d39cec11e513fc9c32a31e}(|){"#",a2b5aac2-33a7-41ec-878c-7dd928ac85cf,184:9c80001517d39cec11e513fdac738a58}(|)Костопіль, Рівненська, вул.1-го Травня, 31(|)
{"#",47e6dd42-cd5c-4e3a-9bc4-14816ed53d38,66:9c80001517d39cec11e5140312970454}(|){"#",a2b5aac2-33a7-41ec-878c-7dd928ac85cf,184:9c80001517d39cec11e51403651fabe0}(|)Царичанка, Дніпропетровська, вул.Будьоного, 17(|)
{"#",47e6dd42-cd5c-4e3a-9bc4-14816ed53d38,66:ae63001517d39cec11e695ce43255320}(|){"#",a2b5aac2-33a7-41ec-878c-7dd928ac85cf,184:9c80001517d39cec11e5142c5abeb0d6}(|)Київ, Київська, вул.Симиренка, 36(|)
{"#",47e6dd42-cd5c-4e3a-9bc4-14816ed53d38,66:9c80001517d39cec11e515acdd5ffae2}(|){"#",a2b5aac2-33a7-41ec-878c-7dd928ac85cf,184:9c80001517d39cec11e515ad75e5ca6f}(|)Львів, Львівська, смт.Рудне, 1(|)
{"#",47e6dd42-cd5c-4e3a-9bc4-14816ed53d38,66:ae9a001517d39cec11e3fca32085d0a2}(|){"#",a2b5aac2-33a7-41ec-878c-7dd928ac85cf,184:9c80001517d39cec11e5165a62f8c46a}(|)Харків, Харківська, вул.Клочківська, 140(|)
{"#",47e6dd42-cd5c-4e3a-9bc4-14816ed53d38,66:ae9a001517d39cec11e3fca32085d0a2}(|){"#",a2b5aac2-33a7-41ec-878c-7dd928ac85cf,184:9c80001517d39cec11e5165ae193638e}(|)Івано-Франківськ, Івано-Франківська, вул.Сахарова Академіка, 38-А(|)
{"#",47e6dd42-cd5c-4e3a-9bc4-14816ed53d38,66:92f7001517d39cec11e7203a68b4d344}(|){"#",a2b5aac2-33a7-41ec-878c-7dd928ac85cf,184:9c80001517d39cec11e518d7a91cc19c}(|)Київ, Київська, вул.Булгакова, 18(|)
{"#",47e6dd42-cd5c-4e3a-9bc4-14816ed53d38,66:aa8f0025909438d711e86d8823452c93}(|){"#",a2b5aac2-33a7-41ec-878c-7dd928ac85cf,184:9c80001517d39cec11e518d7a91cc19c}(|)Київ, Київська, вул.Булгакова, 18(|)
{"#",47e6dd42-cd5c-4e3a-9bc4-14816ed53d38,66:aa900025909438d711e895b2affd5fb6}(|){"#",a2b5aac2-33a7-41ec-878c-7dd928ac85cf,184:9c80001517d39cec11e518d7a91cc19c}(|)Київ, Київська, вул.Булгакова, 18(|)
{"#",47e6dd42-cd5c-4e3a-9bc4-14816ed53d38,66:aa930025909438d611e94954be5ecb87}(|){"#",a2b5aac2-33a7-41ec-878c-7dd928ac85cf,184:9c80001517d39cec11e518d7a91cc19c}(|)Київ, Київська, вул.Булгакова, 18(|)
{"#",47e6dd42-cd5c-4e3a-9bc4-14816ed53d38,66:aa990025909438d611eab9e267ce06be}(|){"#",a2b5aac2-33a7-41ec-878c-7dd928ac85cf,184:9c80001517d39cec11e518d7a91cc19c}(|)Київ, Київська, вул.Булгакова, 18(|)
{"#",47e6dd42-cd5c-4e3a-9bc4-14816ed53d38,66:aa990025909438d611eac10843104457}(|){"#",a2b5aac2-33a7-41ec-878c-7dd928ac85cf,184:9c80001517d39cec11e518d7a91cc19c}(|)Київ, Київська, вул.Булгакова, 18(|)
{"#",47e6dd42-cd5c-4e3a-9bc4-14816ed53d38,66:ae63001517d39cec11e6734b91403728}(|){"#",a2b5aac2-33a7-41ec-878c-7dd928ac85cf,184:9c80001517d39cec11e518d7a91cc19c}(|)Київ, Київська, вул.Булгакова, 18(|)
{"#",47e6dd42-cd5c-4e3a-9bc4-14816ed53d38,66:ae9a001517d39cec11e3fc9fe332d6c2}(|){"#",a2b5aac2-33a7-41ec-878c-7dd928ac85cf,184:9c80001517d39cec11e518d7a91cc19c}(|)Київ, Київська, вул.Булгакова, 18(|)
{"#",47e6dd42-cd5c-4e3a-9bc4-14816ed53d38,66:ae9a001517d39cec11e3fca192cf8b85}(|){"#",a2b5aac2-33a7-41ec-878c-7dd928ac85cf,184:9c80001517d39cec11e518d7a91cc19c}(|)Київ, Київська, вул.Булгакова, 18(|)
{"#",47e6dd42-cd5c-4e3a-9bc4-14816ed53d38,66:ae9a001517d39cec11e3fca24a53ed18}(|){"#",a2b5aac2-33a7-41ec-878c-7dd928ac85cf,184:9c80001517d39cec11e518d7a91cc19c}(|)Київ, Київська, вул.Булгакова, 18(|)
{"#",47e6dd42-cd5c-4e3a-9bc4-14816ed53d38,66:ae9a001517d39cec11e3fecfd8d4e2ad}(|){"#",a2b5aac2-33a7-41ec-878c-7dd928ac85cf,184:9c80001517d39cec11e518d7a91cc19c}(|)Київ, Київська, вул.Булгакова, 18(|)
{"#",47e6dd42-cd5c-4e3a-9bc4-14816ed53d38,66:b7df001517d39cec11e750102b59b48c}(|){"#",a2b5aac2-33a7-41ec-878c-7dd928ac85cf,184:9c80001517d39cec11e518d7a91cc19c}(|)Київ, Київська, вул.Булгакова, 18(|)
{"#",47e6dd42-cd5c-4e3a-9bc4-14816ed53d38,66:9c80001517d39cec11e5198dc718268d}(|){"#",a2b5aac2-33a7-41ec-878c-7dd928ac85cf,184:9c80001517d39cec11e51992f3b6e53c}(|)Одеса, Одеська, вул.Чорноморського Козацтва, 123(|)
{"#",47e6dd42-cd5c-4e3a-9bc4-14816ed53d38,66:9c80001517d39cec11e51997afac251e}(|){"#",a2b5aac2-33a7-41ec-878c-7dd928ac85cf,184:9c80001517d39cec11e51998b22211af}(|)Лубни, Полтавська, вул.Олександрівська (Слинька Петра), 196(|)
{"#",47e6dd42-cd5c-4e3a-9bc4-14816ed53d38,66:9c80001517d39cec11e51a5b4deb98e0}(|){"#",a2b5aac2-33a7-41ec-878c-7dd928ac85cf,184:9c80001517d39cec11e51a5bf692d152}(|)Одеса, Одеська, вул.Балківська, 97(|)
{"#",47e6dd42-cd5c-4e3a-9bc4-14816ed53d38,66:aa930025909438d611e908ecd530cdb3}(|){"#",a2b5aac2-33a7-41ec-878c-7dd928ac85cf,184:9c80001517d39cec11e51a5bf692d152}(|)Одеса, Одеська, вул.Балківська, 97(|)
{"#",47e6dd42-cd5c-4e3a-9bc4-14816ed53d38,66:aa930025909438d611e908ee0c75c2d6}(|){"#",a2b5aac2-33a7-41ec-878c-7dd928ac85cf,184:9c80001517d39cec11e51a5bf692d152}(|)Одеса, Одеська, вул.Балківська, 97(|)
{"#",47e6dd42-cd5c-4e3a-9bc4-14816ed53d38,66:aa930025909438d611e908fb920deaaa}(|){"#",a2b5aac2-33a7-41ec-878c-7dd928ac85cf,184:9c80001517d39cec11e51a5bf692d152}(|)Одеса, Одеська, вул.Балківська, 97(|)
{"#",47e6dd42-cd5c-4e3a-9bc4-14816ed53d38,66:aa930025909438d611e9197c042711e8}(|){"#",a2b5aac2-33a7-41ec-878c-7dd928ac85cf,184:9c80001517d39cec11e51a5bf692d152}(|)Одеса, Одеська, вул.Балківська, 97(|)
{"#",47e6dd42-cd5c-4e3a-9bc4-14816ed53d38,66:aa930025909438d611e9197d03e897b0}(|){"#",a2b5aac2-33a7-41ec-878c-7dd928ac85cf,184:9c80001517d39cec11e51a5bf692d152}(|)Одеса, Одеська, вул.Балківська, 97(|)
{"#",47e6dd42-cd5c-4e3a-9bc4-14816ed53d38,66:ae9a001517d39cec11e3fca369ad9829}(|){"#",a2b5aac2-33a7-41ec-878c-7dd928ac85cf,184:9c80001517d39cec11e51a5bf692d152}(|)Одеса, Одеська, вул.Балківська, 97(|)
{"#",47e6dd42-cd5c-4e3a-9bc4-14816ed53d38,66:9c80001517d39cec11e51a5c88f5732e}(|){"#",a2b5aac2-33a7-41ec-878c-7dd928ac85cf,184:9c80001517d39cec11e51a61fa2956d2}(|)Одеса, Одеська, вул.Балківська, 97(|)
{"#",47e6dd42-cd5c-4e3a-9bc4-14816ed53d38,66:9c80001517d39cec11e51a7d1b385e05}(|){"#",a2b5aac2-33a7-41ec-878c-7dd928ac85cf,184:9c80001517d39cec11e51a85293bca69}(|)Київ, Київська, просп.Науки, 42(|)
{"#",47e6dd42-cd5c-4e3a-9bc4-14816ed53d38,66:9c80001517d39cec11e51c03eb77b07c}(|){"#",a2b5aac2-33a7-41ec-878c-7dd928ac85cf,184:9c80001517d39cec11e51c04448ecf8a}(|)Киев(|)
{"#",47e6dd42-cd5c-4e3a-9bc4-14816ed53d38,66:9c80001517d39cec11e51e4a736cd596}(|){"#",a2b5aac2-33a7-41ec-878c-7dd928ac85cf,184:9c80001517d39cec11e51e4b19892c0e}(|)Кобеляки, Полтавська, вул.Калініна, 67(|)
{"#",47e6dd42-cd5c-4e3a-9bc4-14816ed53d38,66:9c80001517d39cec11e51e5797dfdf4c}(|){"#",a2b5aac2-33a7-41ec-878c-7dd928ac85cf,184:9c80001517d39cec11e51e58bc0a2a2a}(|)Рокитне (Рівненська обл., Рокитнівський р-н), Рівненська, вул.Міцкевича, 1-Б(|)
{"#",47e6dd42-cd5c-4e3a-9bc4-14816ed53d38,66:9c80001517d39cec11e51e599eceb462}(|){"#",a2b5aac2-33a7-41ec-878c-7dd928ac85cf,184:9c80001517d39cec11e51e5a423a033a}(|)Дубровиця (Рівненська обл.), Рівненська, вул.Поштова, 9(|)
{"#",47e6dd42-cd5c-4e3a-9bc4-14816ed53d38,66:9c80001517d39cec11e51f2339aaec4c}(|){"#",a2b5aac2-33a7-41ec-878c-7dd928ac85cf,184:9c80001517d39cec11e51f23b95c7eda}(|)Кропивницький, Кіровоградська, вул.Кропивницького, 189(|)
{"#",47e6dd42-cd5c-4e3a-9bc4-14816ed53d38,66:9c80001517d39cec11e523df8a8ff4fc}(|){"#",a2b5aac2-33a7-41ec-878c-7dd928ac85cf,184:9c80001517d39cec11e523e0eb1d4f62}(|)Львів, Львівська, вул.Зелена, 238(|)
{"#",47e6dd42-cd5c-4e3a-9bc4-14816ed53d38,66:9c80001517d39cec11e52489f9e0d8d3}(|){"#",a2b5aac2-33a7-41ec-878c-7dd928ac85cf,184:9c80001517d39cec11e5248abddda718}(|)Красноград (Харківська обл), Харківська, вул.Бєльовська (Леніна), 58(|)
{"#",47e6dd42-cd5c-4e3a-9bc4-14816ed53d38,66:9c80001517d39cec11e524a122364fec}(|){"#",a2b5aac2-33a7-41ec-878c-7dd928ac85cf,184:9c80001517d39cec11e524a1e669f453}(|)Авторинок Центральний (республиканской), Кам'янське(Дніпропетровська обл), Дніпропетровська(|)
{"#",47e6dd42-cd5c-4e3a-9bc4-14816ed53d38,66:9c80001517d39cec11e5255eed9fc9b6}(|){"#",a2b5aac2-33a7-41ec-878c-7dd928ac85cf,184:9c80001517d39cec11e525609c82871a}(|)Вінниця, Вінницька, пров.Індустріальний 2-й, 3(|)Вінниця,2-й пров.Індустіальний,3
{"#",47e6dd42-cd5c-4e3a-9bc4-14816ed53d38,66:9c80001517d39cec11e5260ffb07b281}(|){"#",a2b5aac2-33a7-41ec-878c-7dd928ac85cf,184:9c80001517d39cec11e526103f934dfe}(|)Луганск(|)
{"#",47e6dd42-cd5c-4e3a-9bc4-14816ed53d38,66:9c80001517d39cec11e526217d1f55d3}(|){"#",a2b5aac2-33a7-41ec-878c-7dd928ac85cf,184:9c80001517d39cec11e526225490b485}(|)Первомайськ(Микол.обл.Первомайс.р-н), Миколаївська, вул.Вознесенська, 75(|)
{"#",47e6dd42-cd5c-4e3a-9bc4-14816ed53d38,66:9c80001517d39cec11e52647b8c12a8f}(|){"#",a2b5aac2-33a7-41ec-878c-7dd928ac85cf,184:9c80001517d39cec11e52647ad5d4e98}(|)Новомиргород(|)
{"#",47e6dd42-cd5c-4e3a-9bc4-14816ed53d38,66:9c80001517d39cec11e52650a5bec410}(|){"#",a2b5aac2-33a7-41ec-878c-7dd928ac85cf,184:9c80001517d39cec11e5265124f45c0e}(|)Миколаїв, Миколаївська, вул.Погранична (Чигрина), 158(|)
{"#",47e6dd42-cd5c-4e3a-9bc4-14816ed53d38,66:ae9a001517d39cec11e3fca118d37ac3}(|){"#",a2b5aac2-33a7-41ec-878c-7dd928ac85cf,184:9c80001517d39cec11e5294f69a1efe8}(|)Київ, Київська, вул.Туполєва Академіка, 18(|)
{"#",47e6dd42-cd5c-4e3a-9bc4-14816ed53d38,66:9c80001517d39cec11e52952c47f8d01}(|){"#",a2b5aac2-33a7-41ec-878c-7dd928ac85cf,184:9c80001517d39cec11e5295483bcebba}(|)Авторинок Буковина-Авто, Чернівці, Чернівецька(|)
{"#",47e6dd42-cd5c-4e3a-9bc4-14816ed53d38,66:9c80001517d39cec11e52a0ef21fbf46}(|){"#",a2b5aac2-33a7-41ec-878c-7dd928ac85cf,184:9c80001517d39cec11e52a105640a0ac}(|)вул. Графа фон Шенборна, будинок № 167Закарпатська обл., Мукачівський район, м. Мукачево,(|)
{"#",47e6dd42-cd5c-4e3a-9bc4-14816ed53d38,66:9c80001517d39cec11e52a235ca8e464}(|){"#",a2b5aac2-33a7-41ec-878c-7dd928ac85cf,184:9c80001517d39cec11e52a24b0d0e4dc}(|)Авторинок Клинівський, Чернівці, Чернівецька(|)
{"#",47e6dd42-cd5c-4e3a-9bc4-14816ed53d38,66:9c80001517d39cec11e52bb6f5a56970}(|){"#",a2b5aac2-33a7-41ec-878c-7dd928ac85cf,184:9c80001517d39cec11e52bb7f749870e}(|)Миргород, Полтавська, вул.Гоголя, 179-А(|)
{"#",47e6dd42-cd5c-4e3a-9bc4-14816ed53d38,66:9c80001517d39cec11e5313b6bc56c00}(|){"#",a2b5aac2-33a7-41ec-878c-7dd928ac85cf,184:9c80001517d39cec11e5313c273f14f5}(|)Авторинок Динамо, Рівне, Рівненська(|)
{"#",47e6dd42-cd5c-4e3a-9bc4-14816ed53d38,66:9c80001517d39cec11e5313d12c98652}(|){"#",a2b5aac2-33a7-41ec-878c-7dd928ac85cf,184:9c80001517d39cec11e5313dcb32c99c}(|)Авторинок Динамо, Рівне, Рівненська(|)
{"#",47e6dd42-cd5c-4e3a-9bc4-14816ed53d38,66:9c80001517d39cec11e5351e5f1f8d67}(|){"#",a2b5aac2-33a7-41ec-878c-7dd928ac85cf,184:9c80001517d39cec11e5351f1d4ca052}(|)Авторинок Гранд Базар, Рівне, Рівненська(|)
{"#",47e6dd42-cd5c-4e3a-9bc4-14816ed53d38,66:9c80001517d39cec11e535279314a5ce}(|){"#",a2b5aac2-33a7-41ec-878c-7dd928ac85cf,184:9c80001517d39cec11e53528f0cf97ae}(|)Авторинок Динамо, Рівне, Рівненська(|)
{"#",47e6dd42-cd5c-4e3a-9bc4-14816ed53d38,66:9c80001517d39cec11e53697536b7602}(|){"#",a2b5aac2-33a7-41ec-878c-7dd928ac85cf,184:9c80001517d39cec11e5369719423883}(|)Володимирець, Рівненська, вул.Стуса, 3(|)
{"#",47e6dd42-cd5c-4e3a-9bc4-14816ed53d38,66:9c80001517d39cec11e53a8e447860da}(|){"#",a2b5aac2-33a7-41ec-878c-7dd928ac85cf,184:9c80001517d39cec11e53a8ec2780722}(|)Полтава, Полтавська, вул.Половка, 92(|)
{"#",47e6dd42-cd5c-4e3a-9bc4-14816ed53d38,66:9c80001517d39cec11e53a915f832ab0}(|){"#",a2b5aac2-33a7-41ec-878c-7dd928ac85cf,184:9c80001517d39cec11e53a93685d242b}(|)Бровари, Київська, вул.Бандери Степана (Димитрова), 71-А(|)
{"#",47e6dd42-cd5c-4e3a-9bc4-14816ed53d38,66:9c80001517d39cec11e53aace6e2dc2c}(|){"#",a2b5aac2-33a7-41ec-878c-7dd928ac85cf,184:9c80001517d39cec11e53aad3e51989d}(|)Дубно, Рівненська, вул.Грушевського, 117-А(|)
{"#",47e6dd42-cd5c-4e3a-9bc4-14816ed53d38,66:9c80001517d39cec11e53c1583eab033}(|){"#",a2b5aac2-33a7-41ec-878c-7dd928ac85cf,184:9c80001517d39cec11e53c06e7a4377c}(|)Теофіполь, Хмельницька, вул.Берегова, 1(|)Теофіполь
{"#",47e6dd42-cd5c-4e3a-9bc4-14816ed53d38,66:9c80001517d39cec11e53f39afb1e428}(|){"#",a2b5aac2-33a7-41ec-878c-7dd928ac85cf,184:9c80001517d39cec11e53f3afe18775c}(|)Сарни, Рівненська, вул.Білгородська, 31(|)
{"#",47e6dd42-cd5c-4e3a-9bc4-14816ed53d38,66:9c80001517d39cec11e53ff3293752c4}(|){"#",a2b5aac2-33a7-41ec-878c-7dd928ac85cf,184:9c80001517d39cec11e53ff8c962a959}(|)Рокитне (Рівненська обл., Рокитнівський р-н), Рівненська, вул.Міцкевича, 98(|)
{"#",47e6dd42-cd5c-4e3a-9bc4-14816ed53d38,66:9c80001517d39cec11e540efb84555c2}(|){"#",a2b5aac2-33a7-41ec-878c-7dd928ac85cf,184:9c80001517d39cec11e540efb1c78eb8}(|)Тальянки, Черкаська, вул.Радгоспна, 1(|)
{"#",47e6dd42-cd5c-4e3a-9bc4-14816ed53d38,66:9c80001517d39cec11e5458bb9228a8c}(|){"#",a2b5aac2-33a7-41ec-878c-7dd928ac85cf,184:9c80001517d39cec11e5458e8477155c}(|)Авторинок Козацький, Дубно, Рівненська(|)
{"#",47e6dd42-cd5c-4e3a-9bc4-14816ed53d38,66:9c80001517d39cec11e5458eae671273}(|){"#",a2b5aac2-33a7-41ec-878c-7dd928ac85cf,184:9c80001517d39cec11e5458f21ec833a}(|)Сарни, Рівненська, вул.Подольська, 18(|)
{"#",47e6dd42-cd5c-4e3a-9bc4-14816ed53d38,66:9c80001517d39cec11e54fdddb8e5c98}(|){"#",a2b5aac2-33a7-41ec-878c-7dd928ac85cf,184:9c80001517d39cec11e54fdefb9f9cc9}(|)Попільня, Житомирська, вул.Якіра, 30(|)
{"#",47e6dd42-cd5c-4e3a-9bc4-14816ed53d38,66:9c80001517d39cec11e5553c781ec7b0}(|){"#",a2b5aac2-33a7-41ec-878c-7dd928ac85cf,184:9c80001517d39cec11e5553d873cd006}(|)Гоща, Рівненська, вул.Незалежності, 7-А(|)
{"#",47e6dd42-cd5c-4e3a-9bc4-14816ed53d38,66:9c80001517d39cec11e55540f4c455a6}(|){"#",a2b5aac2-33a7-41ec-878c-7dd928ac85cf,184:9c80001517d39cec11e5554203b2aef4}(|)Корець, Рівненська, вул.Київська, 3(|)
{"#",47e6dd42-cd5c-4e3a-9bc4-14816ed53d38,66:9c80001517d39cec11e55ac0ac771859}(|){"#",a2b5aac2-33a7-41ec-878c-7dd928ac85cf,184:9c80001517d39cec11e55ac08f6ad1d2}(|)Суми, Сумська, вул.Харківська, 22(|)
{"#",47e6dd42-cd5c-4e3a-9bc4-14816ed53d38,66:ae9a001517d39cec11e3fecff6d6bb53}(|){"#",a2b5aac2-33a7-41ec-878c-7dd928ac85cf,184:9c80001517d39cec11e55ac1e1d035dd}(|)Киев(|)
{"#",47e6dd42-cd5c-4e3a-9bc4-14816ed53d38,66:9c80001517d39cec11e55d27d01f014e}(|){"#",a2b5aac2-33a7-41ec-878c-7dd928ac85cf,184:9c80001517d39cec11e55d2d0d58c0e0}(|)Київ, Київська, вул.Колекторна, 17(|)
{"#",47e6dd42-cd5c-4e3a-9bc4-14816ed53d38,66:9c80001517d39cec11e56080642820e3}(|){"#",a2b5aac2-33a7-41ec-878c-7dd928ac85cf,184:9c80001517d39cec11e56080ac1ebb66}(|)Черкассы(|)
{"#",47e6dd42-cd5c-4e3a-9bc4-14816ed53d38,66:9c80001517d39cec11e5635610e91f1e}(|){"#",a2b5aac2-33a7-41ec-878c-7dd928ac85cf,184:9c80001517d39cec11e56356a57744e4}(|)Чернігів, Чернігівська, вул.Любецька, 155(|)
{"#",6896b257-d719-4862-b17d-45711cc3c5d0,118:9c80001517d39cec11e4aba48e91b044}(|){"#",a2b5aac2-33a7-41ec-878c-7dd928ac85cf,184:9c80001517d39cec11e56356a57744e4}(|)Чернігів, Чернігівська, вул.Любецька, 155(|)
{"#",47e6dd42-cd5c-4e3a-9bc4-14816ed53d38,66:9c80001517d39cec11e563794719174c}(|){"#",a2b5aac2-33a7-41ec-878c-7dd928ac85cf,184:9c80001517d39cec11e56379b74b6093}(|)Марковка(|)
{"#",47e6dd42-cd5c-4e3a-9bc4-14816ed53d38,66:9c80001517d39cec11e565d20252876e}(|){"#",a2b5aac2-33a7-41ec-878c-7dd928ac85cf,184:9c80001517d39cec11e565d2e734476e}(|)Вінниця, Вінницька, вул.Ватутіна, 16-Б(|)
{"#",47e6dd42-cd5c-4e3a-9bc4-14816ed53d38,66:9c80001517d39cec11e5667bade206f0}(|){"#",a2b5aac2-33a7-41ec-878c-7dd928ac85cf,184:9c80001517d39cec11e5667bf833d468}(|)Дніпро, Дніпропетровська, просп.Хмельницького Богдана, 152(|)
{"#",47e6dd42-cd5c-4e3a-9bc4-14816ed53d38,66:9c80001517d39cec11e5690414fc2e0e}(|){"#",a2b5aac2-33a7-41ec-878c-7dd928ac85cf,184:9c80001517d39cec11e56904ca90a675}(|)Чернігів, Чернігівська, просп.Миру, 149(|)
{"#",47e6dd42-cd5c-4e3a-9bc4-14816ed53d38,66:911f001517d39cec11e431a949d5aaf2}(|){"#",a2b5aac2-33a7-41ec-878c-7dd928ac85cf,184:9c80001517d39cec11e56b4fb9f79b8e}(|)Миргород, Полтавська, вул.Незалежності, 16(|)
{"#",47e6dd42-cd5c-4e3a-9bc4-14816ed53d38,66:9c80001517d39cec11e56c02711368e3}(|){"#",a2b5aac2-33a7-41ec-878c-7dd928ac85cf,184:9c80001517d39cec11e56c02c77be2ac}(|)Київ, Київська, вул.Шамрила Тимофія, 1(|)
{"#",47e6dd42-cd5c-4e3a-9bc4-14816ed53d38,66:9c80001517d39cec11e56c0340df5cf1}(|){"#",a2b5aac2-33a7-41ec-878c-7dd928ac85cf,184:9c80001517d39cec11e56c032ba5cdbb}(|)Кировоград(|)
{"#",47e6dd42-cd5c-4e3a-9bc4-14816ed53d38,66:911f001517d39cec11e46a6fdb9217ba}(|){"#",a2b5aac2-33a7-41ec-878c-7dd928ac85cf,184:9c80001517d39cec11e56c0494e137c8}(|)Березань(|)
{"#",47e6dd42-cd5c-4e3a-9bc4-14816ed53d38,66:9c80001517d39cec11e4b37bc0541926}(|){"#",a2b5aac2-33a7-41ec-878c-7dd928ac85cf,184:9c80001517d39cec11e56c0b30b60646}(|)Харків, Харківська, вул.Барабашова, 213(|)
{"#",47e6dd42-cd5c-4e3a-9bc4-14816ed53d38,66:9c80001517d39cec11e56c0a89bbf51c}(|){"#",a2b5aac2-33a7-41ec-878c-7dd928ac85cf,184:9c80001517d39cec11e56c0b30b60646}(|)Харків, Харківська, вул.Барабашова, 213(|)
{"#",47e6dd42-cd5c-4e3a-9bc4-14816ed53d38,66:9cb8001517d39cec11e7c936bccb299d}(|){"#",a2b5aac2-33a7-41ec-878c-7dd928ac85cf,184:9cb8001517d39cec11e7c93709f1c1f4}(|)Авторинок Брестська, Ковель, Волинська(|)
{"#",47e6dd42-cd5c-4e3a-9bc4-14816ed53d38,66:9cb8001517d39cec11e7c943edd800fd}(|){"#",a2b5aac2-33a7-41ec-878c-7dd928ac85cf,184:9cb8001517d39cec11e7c94470906f86}(|)Орлівщина, Дніпропетровська, вул.Покровська, 1-Г(|)
{"#",47e6dd42-cd5c-4e3a-9bc4-14816ed53d38,66:9cb8001517d39cec11e7c9e1ca971314}(|){"#",a2b5aac2-33a7-41ec-878c-7dd928ac85cf,184:9cb8001517d39cec11e7c9e32cd194c2}(|)Київ, Київська, просп.Повітрофлотський, 64(|)
{"#",47e6dd42-cd5c-4e3a-9bc4-14816ed53d38,66:ae9a001517d39cec11e3fca36fc4da0c}(|){"#",a2b5aac2-33a7-41ec-878c-7dd928ac85cf,184:9cb8001517d39cec11e7c9ebf0cb39fc}(|)Полтава, Полтавська, вул.Зіньківська, 35(|)
{"#",47e6dd42-cd5c-4e3a-9bc4-14816ed53d38,66:9cb8001517d39cec11e7cabd511ea222}(|){"#",a2b5aac2-33a7-41ec-878c-7dd928ac85cf,184:9cb8001517d39cec11e7cabde7388e44}(|)Чернігів, Чернігівська, вул.Березовського Максима, 50(|)
{"#",47e6dd42-cd5c-4e3a-9bc4-14816ed53d38,66:9cb8001517d39cec11e7cdc9a713914d}(|){"#",a2b5aac2-33a7-41ec-878c-7dd928ac85cf,184:9cb8001517d39cec11e7cdd20df4e44e}(|)Авторинок Хабарівський, Львів, Львівська(|)
{"#",47e6dd42-cd5c-4e3a-9bc4-14816ed53d38,66:9cb8001517d39cec11e7cdd24395089b}(|){"#",a2b5aac2-33a7-41ec-878c-7dd928ac85cf,184:9cb8001517d39cec11e7cdd27be16fcd}(|)Авторинок Зелене Коло, Львів, Львівська(|)
{"#",47e6dd42-cd5c-4e3a-9bc4-14816ed53d38,66:9cb8001517d39cec11e7cddd5fd9c225}(|){"#",a2b5aac2-33a7-41ec-878c-7dd928ac85cf,184:9cb8001517d39cec11e7cddd9bd3ea34}(|)Авторинок Центральний (республиканской), Кам'янське(Дніпропетровська обл), Дніпропетровська(|)
{"#",47e6dd42-cd5c-4e3a-9bc4-14816ed53d38,66:a0ef001517d39cec11e7b4a65734c95c}(|){"#",a2b5aac2-33a7-41ec-878c-7dd928ac85cf,184:9cb8001517d39cec11e7cdea87cfa264}(|)Дніпровське, Дніпропетровська, вул.Набережна, 1(|)
{"#",47e6dd42-cd5c-4e3a-9bc4-14816ed53d38,66:9cb8001517d39cec11e7cdfca8d7c97a}(|){"#",a2b5aac2-33a7-41ec-878c-7dd928ac85cf,184:9cb8001517d39cec11e7cdfde1ac967a}(|)Авторинок Хабарівський, Львів, Львівська(|)
{"#",47e6dd42-cd5c-4e3a-9bc4-14816ed53d38,66:ae9a001517d39cec11e3fca24435840a}(|){"#",a2b5aac2-33a7-41ec-878c-7dd928ac85cf,184:9cb8001517d39cec11e7cdfe86a14957}(|)Дніпро, Дніпропетровська, вул.Байкальська, 37(|)
{"#",47e6dd42-cd5c-4e3a-9bc4-14816ed53d38,66:92f7001517d39cec11e71945d77200a0}(|){"#",a2b5aac2-33a7-41ec-878c-7dd928ac85cf,184:9cb8001517d39cec11e7ce9343b4af9e}(|)Вінниця, Вінницька, вул.Пирогова, 197(|)
{"#",47e6dd42-cd5c-4e3a-9bc4-14816ed53d38,66:9cb8001517d39cec11e7cf892eaea59a}(|){"#",a2b5aac2-33a7-41ec-878c-7dd928ac85cf,184:9cb8001517d39cec11e7cf89e546fe56}(|)Авторинок Жуляни, Київ, Київська(|)
{"#",47e6dd42-cd5c-4e3a-9bc4-14816ed53d38,66:9cb8001517d39cec11e7d02d5bc69a5c}(|){"#",a2b5aac2-33a7-41ec-878c-7dd928ac85cf,184:9cb8001517d39cec11e7d02da92ff48c}(|)Конотоп, Сумська, площаКонотопської Дивізії, 29(|)
{"#",47e6dd42-cd5c-4e3a-9bc4-14816ed53d38,66:9cb8001517d39cec11e7d02df84d9d13}(|){"#",a2b5aac2-33a7-41ec-878c-7dd928ac85cf,184:9cb8001517d39cec11e7d02e3d97f4b2}(|)Новомосковськ, Дніпропетровська, площаПеремоги, 32(|)
{"#",47e6dd42-cd5c-4e3a-9bc4-14816ed53d38,66:9cb8001517d39cec11e7d03b1c79203c}(|){"#",a2b5aac2-33a7-41ec-878c-7dd928ac85cf,184:9cb8001517d39cec11e7d03b6784e520}(|)Одеса, Одеська, вул.М'ясоїдівська, 23(|)
{"#",47e6dd42-cd5c-4e3a-9bc4-14816ed53d38,66:9cb8001517d39cec11e7d03be24e0020}(|){"#",a2b5aac2-33a7-41ec-878c-7dd928ac85cf,184:9cb8001517d39cec11e7d03c39694a4b}(|)Хлібодарське, Одеська, шосеТираспольське, 14(|)
{"#",47e6dd42-cd5c-4e3a-9bc4-14816ed53d38,66:9cb8001517d39cec11e7d03c743e311e}(|){"#",a2b5aac2-33a7-41ec-878c-7dd928ac85cf,184:9cb8001517d39cec11e7d03cc1f17432}(|)Одеса, Одеська, дорогаДніпропетровська (Палія Семенавулиця), 134(|)
{"#",47e6dd42-cd5c-4e3a-9bc4-14816ed53d38,66:9cb8001517d39cec11e7d0e9c364be2a}(|){"#",a2b5aac2-33a7-41ec-878c-7dd928ac85cf,184:9cb8001517d39cec11e7d0ea0fc310fa}(|)Немішаєве, Київська, вул.Біохімічна, 1(|)
{"#",47e6dd42-cd5c-4e3a-9bc4-14816ed53d38,66:9cb8001517d39cec11e7d100edcb7f52}(|){"#",a2b5aac2-33a7-41ec-878c-7dd928ac85cf,184:9cb8001517d39cec11e7d1015fc529be}(|)Іларіонове, Дніпропетровська, вул.Центральна, 2(|)
{"#",47e6dd42-cd5c-4e3a-9bc4-14816ed53d38,66:9cb8001517d39cec11e7d10f3e74c3a7}(|){"#",a2b5aac2-33a7-41ec-878c-7dd928ac85cf,184:9cb8001517d39cec11e7d110060518ee}(|)Авторинок Ореховський, Запоріжжя, Запорізька(|)
{"#",47e6dd42-cd5c-4e3a-9bc4-14816ed53d38,66:9cb8001517d39cec11e7d508820446e4}(|){"#",a2b5aac2-33a7-41ec-878c-7dd928ac85cf,184:9cb8001517d39cec11e7d508c95d8636}(|)Кременчук, Полтавська, вул.Київська, 65(|)
{"#",47e6dd42-cd5c-4e3a-9bc4-14816ed53d38,66:9cb8001517d39cec11e7d510e5783887}(|){"#",a2b5aac2-33a7-41ec-878c-7dd928ac85cf,184:9cb8001517d39cec11e7d51133ea37bc}(|)Шишаки, Полтавська, вул.Корнелича, 1(|)
{"#",47e6dd42-cd5c-4e3a-9bc4-14816ed53d38,66:9cb8001517d39cec11e7d8fa6194eae4}(|){"#",a2b5aac2-33a7-41ec-878c-7dd928ac85cf,184:9cb8001517d39cec11e7d8faac6514ff}(|)Золочів (Львівська обл.), Львівська, с.Глиняни, вул Міцькевича1(|)
{"#",47e6dd42-cd5c-4e3a-9bc4-14816ed53d38,66:9cb8001517d39cec11e7da8b3fed7388}(|){"#",a2b5aac2-33a7-41ec-878c-7dd928ac85cf,184:9cb8001517d39cec11e7da8c6afc0a8e}(|)Чернігів, Чернігівська, вул.Героїв Чорнобиля, 3(|)
{"#",47e6dd42-cd5c-4e3a-9bc4-14816ed53d38,66:ae9a001517d39cec11e3fca37bdde8c3}(|){"#",a2b5aac2-33a7-41ec-878c-7dd928ac85cf,184:9cb8001517d39cec11e7da90000ed0eb}(|)Авторинок Лепсе (Гавела), Київ, Київська(|)097-445-46-57
{"#",47e6dd42-cd5c-4e3a-9bc4-14816ed53d38,66:9cb8001517d39cec11e7db57137055ba}(|){"#",a2b5aac2-33a7-41ec-878c-7dd928ac85cf,184:9cb8001517d39cec11e7db57a1c5d8a8}(|)Обухів, Київська, вул.Чумацький шлях (Жовтнева), 55(|)
{"#",47e6dd42-cd5c-4e3a-9bc4-14816ed53d38,66:ae9a001517d39cec11e3fca0aa852edc}(|){"#",a2b5aac2-33a7-41ec-878c-7dd928ac85cf,184:9cb8001517d39cec11e7db69b89db322}(|)Авторинок Автомобільний, Суми, Сумська(|)
{"#",47e6dd42-cd5c-4e3a-9bc4-14816ed53d38,66:ae9a001517d39cec11e3fca06dcead06}(|){"#",a2b5aac2-33a7-41ec-878c-7dd928ac85cf,184:9cb8001517d39cec11e7db69ea30b880}(|)Лебедин (Сумська обл.), Сумська, вул.Леси Українки, 5(|)
{"#",47e6dd42-cd5c-4e3a-9bc4-14816ed53d38,66:ae9a001517d39cec11e3fca198c7ceea}(|){"#",a2b5aac2-33a7-41ec-878c-7dd928ac85cf,184:9cb8001517d39cec11e7db6a09104bee}(|)Лебедин (Сумська обл.), Сумська, вул.Леси Українки, 5(|)
{"#",47e6dd42-cd5c-4e3a-9bc4-14816ed53d38,66:ae9a001517d39cec11e3fca198c7cee5}(|){"#",a2b5aac2-33a7-41ec-878c-7dd928ac85cf,184:9cb8001517d39cec11e7db6a42d0a1f8}(|)Срібне (Чернігівська обл.), Чернігівська, вул.Миру, 86(|)
{"#",47e6dd42-cd5c-4e3a-9bc4-14816ed53d38,66:ae9a001517d39cec11e3fca106521a2d}(|){"#",a2b5aac2-33a7-41ec-878c-7dd928ac85cf,184:9cb8001517d39cec11e7db6a78e0d4ca}(|)Ромни, Сумська, вул.Калнишевського, 51(|)
{"#",47e6dd42-cd5c-4e3a-9bc4-14816ed53d38,66:9cb8001517d39cec11e7dc030e725138}(|){"#",a2b5aac2-33a7-41ec-878c-7dd928ac85cf,184:9cb8001517d39cec11e7dc035b588a12}(|)Васильківка (Дніпропетровська обл.), Дніпропетровська, вул.Лесі Українки, 13(|)
{"#",47e6dd42-cd5c-4e3a-9bc4-14816ed53d38,66:9cb8001517d39cec11e7de4d23e1070c}(|){"#",a2b5aac2-33a7-41ec-878c-7dd928ac85cf,184:9cb8001517d39cec11e7de4d5c9d7cc5}(|)Суми, Сумська, вул.Харківська, 22(|)
{"#",47e6dd42-cd5c-4e3a-9bc4-14816ed53d38,66:9cb8001517d39cec11e7de68d1390bd2}(|){"#",a2b5aac2-33a7-41ec-878c-7dd928ac85cf,184:9cb8001517d39cec11e7de690f421b95}(|)Красне (Львівська обл.), Львівська, вул.Франка Івана, 83(|)
{"#",47e6dd42-cd5c-4e3a-9bc4-14816ed53d38,66:9cb8001517d39cec11e7df22f04bab64}(|){"#",a2b5aac2-33a7-41ec-878c-7dd928ac85cf,184:9cb8001517d39cec11e7df2333a3b78a}(|)Васильківка (Дніпропетровська обл.), Дніпропетровська, вул.Лесі Українки, 3(|)
{"#",47e6dd42-cd5c-4e3a-9bc4-14816ed53d38,66:92f7001517d39cec11e72c13f75c380a}(|){"#",a2b5aac2-33a7-41ec-878c-7dd928ac85cf,184:9cb8001517d39cec11e7dfdc8618a251}(|)Піщане (Полтавська обл.), Полтавська, вул.Київська, 2-А(|)
{"#",47e6dd42-cd5c-4e3a-9bc4-14816ed53d38,66:9cb8001517d39cec11e7dfec17f87808}(|){"#",a2b5aac2-33a7-41ec-878c-7dd928ac85cf,184:9cb8001517d39cec11e7dfecabd3cd70}(|)Чорноморське, Одеська, вул.Сонячна, 1(|)
{"#",47e6dd42-cd5c-4e3a-9bc4-14816ed53d38,66:9cb8001517d39cec11e7e0ae8bd5167f}(|){"#",a2b5aac2-33a7-41ec-878c-7dd928ac85cf,184:9cb8001517d39cec11e7e0aeee032caa}(|)Закарпатська обл., Ужгородський р-н, с.Розівка, вул.Свободи, будинок № 42(|)
{"#",47e6dd42-cd5c-4e3a-9bc4-14816ed53d38,66:9cb8001517d39cec11e7e0b32fb999f0}(|){"#",a2b5aac2-33a7-41ec-878c-7dd928ac85cf,184:9cb8001517d39cec11e7e0b3f65921b6}(|)Київ, Київська, просп.Палладіна Академіка, 32-Б(|)
{"#",47e6dd42-cd5c-4e3a-9bc4-14816ed53d38,66:9cb8001517d39cec11e7e0e5df7aae42}(|){"#",a2b5aac2-33a7-41ec-878c-7dd928ac85cf,184:9cb8001517d39cec11e7e0e62fa35e28}(|)Васильків (Київська обл., Васильківський р-н), Київська, вул.Декабристів, 83-А(|)
{"#",47e6dd42-cd5c-4e3a-9bc4-14816ed53d38,66:9cb8001517d39cec11e7e17dd7f41a31}(|){"#",a2b5aac2-33a7-41ec-878c-7dd928ac85cf,184:9cb8001517d39cec11e7e17e23fefab2}(|)Синельникове, Дніпропетровська, вул.Залізнична, 3(|)
{"#",47e6dd42-cd5c-4e3a-9bc4-14816ed53d38,66:9cb8001517d39cec11e7e3c913b949b2}(|){"#",a2b5aac2-33a7-41ec-878c-7dd928ac85cf,184:9cb8001517d39cec11e7e3ca099c8fa6}(|)Київ, Київська, просп.Гонгадзе Георгія, 5-А(|)
{"#",47e6dd42-cd5c-4e3a-9bc4-14816ed53d38,66:9298001517d39cec11e657e05b41dc34}(|){"#",a2b5aac2-33a7-41ec-878c-7dd928ac85cf,184:9cb8001517d39cec11e7e3e64a7ed9e0}(|)Новомосковськ, Дніпропетровська, вул.Гетьманська (Радянська), 155-А(|)
{"#",47e6dd42-cd5c-4e3a-9bc4-14816ed53d38,66:9ce9001517d39cec11e46f3189475d98}(|){"#",a2b5aac2-33a7-41ec-878c-7dd928ac85cf,184:9ce9001517d39cec11e46fc846db8e37}(|)Авторинок Автобазар, Білгород-Дністровський, Одеська(|)
{"#",47e6dd42-cd5c-4e3a-9bc4-14816ed53d38,66:9ce9001517d39cec11e46f14ab1f5486}(|){"#",a2b5aac2-33a7-41ec-878c-7dd928ac85cf,184:9ce9001517d39cec11e470a559337cbe}(|)Київ, Київська, вул.Качалова, 5(|)
{"#",47e6dd42-cd5c-4e3a-9bc4-14816ed53d38,66:9ce9001517d39cec11e473c5e23f44cc}(|){"#",a2b5aac2-33a7-41ec-878c-7dd928ac85cf,184:9ce9001517d39cec11e473c7ca986f52}(|)Хмельницький, Хмельницька, вул.Вокзальна, 177/1(|)
{"#",47e6dd42-cd5c-4e3a-9bc4-14816ed53d38,66:9ce9001517d39cec11e473c89d36cbe8}(|){"#",a2b5aac2-33a7-41ec-878c-7dd928ac85cf,184:9ce9001517d39cec11e473c9b0396b32}(|)Хмельницький, Хмельницька, вул.Пілотська, 77/3-В(|)
{"#",47e6dd42-cd5c-4e3a-9bc4-14816ed53d38,66:9ce9001517d39cec11e473cba0fde38a}(|){"#",a2b5aac2-33a7-41ec-878c-7dd928ac85cf,184:9ce9001517d39cec11e473cc86711304}(|)Чернівці, Чернівецька, вул.Фастівська, 30-Б(|)
{"#",47e6dd42-cd5c-4e3a-9bc4-14816ed53d38,66:9ce9001517d39cec11e473ca29be4662}(|){"#",a2b5aac2-33a7-41ec-878c-7dd928ac85cf,184:9ce9001517d39cec11e473cda4999118}(|)Чернівці, Чернівецька, вул.Фрунзе, 9(|)
{"#",47e6dd42-cd5c-4e3a-9bc4-14816ed53d38,66:9ce9001517d39cec11e4748710490d6c}(|){"#",a2b5aac2-33a7-41ec-878c-7dd928ac85cf,184:9ce9001517d39cec11e474881d798eff}(|)Черкаси, Черкаська, пров.Хіміків (20-го Партз'їзду), 39(|)
{"#",47e6dd42-cd5c-4e3a-9bc4-14816ed53d38,66:9ce9001517d39cec11e4760e7585b878}(|){"#",a2b5aac2-33a7-41ec-878c-7dd928ac85cf,184:9ce9001517d39cec11e4761118def406}(|)м.Київ, перехрестя вул.Шолем Алейхема та Мілютенка(|)
{"#",47e6dd42-cd5c-4e3a-9bc4-14816ed53d38,66:9ce9001517d39cec11e476ef8d3e464c}(|){"#",a2b5aac2-33a7-41ec-878c-7dd928ac85cf,184:9ce9001517d39cec11e476f19b378d24}(|)Київ, Київська, вул.Костянтинівська, 73(|)
{"#",47e6dd42-cd5c-4e3a-9bc4-14816ed53d38,66:9ce9001517d39cec11e4796398d31110}(|){"#",a2b5aac2-33a7-41ec-878c-7dd928ac85cf,184:9ce9001517d39cec11e47964853b3d20}(|)Луцьк, Волинська, вул.Кондзелевича Йова, 1(|)
{"#",47e6dd42-cd5c-4e3a-9bc4-14816ed53d38,66:ae9a001517d39cec11e3fc9fe332d6b4}(|){"#",a2b5aac2-33a7-41ec-878c-7dd928ac85cf,184:9ce9001517d39cec11e47a25ddfc543f}(|)м.Харків(|)
{"#",47e6dd42-cd5c-4e3a-9bc4-14816ed53d38,66:ae9a001517d39cec11e3fca2008eca4b}(|){"#",a2b5aac2-33a7-41ec-878c-7dd928ac85cf,184:9ce9001517d39cec11e47a25ddfc543f}(|)м.Харків(|)
{"#",47e6dd42-cd5c-4e3a-9bc4-14816ed53d38,66:9ce9001517d39cec11e47ed745042348}(|){"#",a2b5aac2-33a7-41ec-878c-7dd928ac85cf,184:9ce9001517d39cec11e47ed7e52371b2}(|)Суми, Сумська, вул.Володимирська (Чапаєва), 77(|)
{"#",47e6dd42-cd5c-4e3a-9bc4-14816ed53d38,66:9ce9001517d39cec11e47fb97915b2e0}(|){"#",a2b5aac2-33a7-41ec-878c-7dd928ac85cf,184:9ce9001517d39cec11e47fbab30d5ec0}(|)Авторинок Жуляни, Київ, Київська(|)
{"#",47e6dd42-cd5c-4e3a-9bc4-14816ed53d38,66:9ce9001517d39cec11e48109119b06bf}(|){"#",a2b5aac2-33a7-41ec-878c-7dd928ac85cf,184:9ce9001517d39cec11e48109d3d53895}(|)Рівне, Рівненська, вул.Енергетиків, 4(|)
{"#",47e6dd42-cd5c-4e3a-9bc4-14816ed53d38,66:9ce9001517d39cec11e4845fc0bb08c2}(|){"#",a2b5aac2-33a7-41ec-878c-7dd928ac85cf,184:9ce9001517d39cec11e4846090ed81ee}(|)Авторинок Динамо, Рівне, Рівненська(|)
{"#",47e6dd42-cd5c-4e3a-9bc4-14816ed53d38,66:9ce9001517d39cec11e48505093babd6}(|){"#",a2b5aac2-33a7-41ec-878c-7dd928ac85cf,184:9ce9001517d39cec11e4850615b6faae}(|)Авторинок Динамо, Рівне, Рівненська(|)1 ряд 18 місце
{"#",47e6dd42-cd5c-4e3a-9bc4-14816ed53d38,66:9ce9001517d39cec11e48795c0ba944c}(|){"#",a2b5aac2-33a7-41ec-878c-7dd928ac85cf,184:9ce9001517d39cec11e487978068018e}(|)Авторинок Динамо, Рівне, Рівненська(|)
{"#",47e6dd42-cd5c-4e3a-9bc4-14816ed53d38,66:9ce9001517d39cec11e489f922eadf7c}(|){"#",a2b5aac2-33a7-41ec-878c-7dd928ac85cf,184:9ce9001517d39cec11e489f9a6e78dd4}(|)Київ, Київська, вул.Гродненська, 32-А(|)
{"#",47e6dd42-cd5c-4e3a-9bc4-14816ed53d38,66:9ce9001517d39cec11e48b442790c5d8}(|){"#",a2b5aac2-33a7-41ec-878c-7dd928ac85cf,184:9ce9001517d39cec11e48b44b204142a}(|)Рівне, Рівненська, вул.Соборна, 275(|)
{"#",47e6dd42-cd5c-4e3a-9bc4-14816ed53d38,66:9ce9001517d39cec11e48b8372adacde}(|){"#",a2b5aac2-33a7-41ec-878c-7dd928ac85cf,184:9ce9001517d39cec11e48b83eed07cd8}(|)Київ, Київська, вул.Ольжича, 31(|)
{"#",47e6dd42-cd5c-4e3a-9bc4-14816ed53d38,66:9ce9001517d39cec11e48c06ed5d8dc2}(|){"#",a2b5aac2-33a7-41ec-878c-7dd928ac85cf,184:9ce9001517d39cec11e48c07685d7ed8}(|)Рівне, Рівненська, вул.Відінська, 9-А(|)
{"#",47e6dd42-cd5c-4e3a-9bc4-14816ed53d38,66:a0ef001517d39cec11e7a74e653bf8aa}(|){"#",a2b5aac2-33a7-41ec-878c-7dd928ac85cf,184:a0ef001517d39cec11e7a74f8f60e93c}(|)Авторинок Перфецького, Львів, Львівська(|)
{"#",47e6dd42-cd5c-4e3a-9bc4-14816ed53d38,66:a0ef001517d39cec11e7a750f43238a6}(|){"#",a2b5aac2-33a7-41ec-878c-7dd928ac85cf,184:a0ef001517d39cec11e7a7513fa9475c}(|)Авторинок Перфецького, Львів, Львівська(|)
{"#",47e6dd42-cd5c-4e3a-9bc4-14816ed53d38,66:a0ef001517d39cec11e7a76dbc10e66c}(|){"#",a2b5aac2-33a7-41ec-878c-7dd928ac85cf,184:a0ef001517d39cec11e7a76ff30e218c}(|)Звенигородка, Черкаська, просп.Шевченка, 43(|)
{"#",47e6dd42-cd5c-4e3a-9bc4-14816ed53d38,66:80c7003048bfc5df11eb53fc1c1fb366}(|){"#",a2b5aac2-33a7-41ec-878c-7dd928ac85cf,184:a0ef001517d39cec11e7a8388d711d88}(|)Авторинок Лоск, Харків, Харківська(|)
{"#",47e6dd42-cd5c-4e3a-9bc4-14816ed53d38,66:80c7003048bfc5df11eb5a4db65267ee}(|){"#",a2b5aac2-33a7-41ec-878c-7dd928ac85cf,184:a0ef001517d39cec11e7a8388d711d88}(|)Авторинок Лоск, Харків, Харківська(|)
{"#",47e6dd42-cd5c-4e3a-9bc4-14816ed53d38,66:80c7003048bfc5df11eb6227da1ce1f3}(|){"#",a2b5aac2-33a7-41ec-878c-7dd928ac85cf,184:a0ef001517d39cec11e7a8388d711d88}(|)Авторинок Лоск, Харків, Харківська(|)
{"#",47e6dd42-cd5c-4e3a-9bc4-14816ed53d38,66:80c7003048bfc5df11eb646ecf4b6b0e}(|){"#",a2b5aac2-33a7-41ec-878c-7dd928ac85cf,184:a0ef001517d39cec11e7a8388d711d88}(|)Авторинок Лоск, Харків, Харківська(|)
{"#",47e6dd42-cd5c-4e3a-9bc4-14816ed53d38,66:80c7003048bfc5df11eb662527f306b6}(|){"#",a2b5aac2-33a7-41ec-878c-7dd928ac85cf,184:a0ef001517d39cec11e7a8388d711d88}(|)Авторинок Лоск, Харків, Харківська(|)
{"#",47e6dd42-cd5c-4e3a-9bc4-14816ed53d38,66:a0ef001517d39cec11e7a83816320020}(|){"#",a2b5aac2-33a7-41ec-878c-7dd928ac85cf,184:a0ef001517d39cec11e7a8388d711d88}(|)Авторинок Лоск, Харків, Харківська(|)
{"#",47e6dd42-cd5c-4e3a-9bc4-14816ed53d38,66:a0ef001517d39cec11e7a901e4a8532c}(|){"#",a2b5aac2-33a7-41ec-878c-7dd928ac85cf,184:a0ef001517d39cec11e7a90912ebaf48}(|)Авторинок Центральний, Павлоград, Дніпропетровська(|)
{"#",47e6dd42-cd5c-4e3a-9bc4-14816ed53d38,66:a0ef001517d39cec11e7a90938149604}(|){"#",a2b5aac2-33a7-41ec-878c-7dd928ac85cf,184:a0ef001517d39cec11e7a90912ebaf48}(|)Авторинок Центральний, Павлоград, Дніпропетровська(|)
{"#",47e6dd42-cd5c-4e3a-9bc4-14816ed53d38,66:a0ef001517d39cec11e7a9099a61aac3}(|){"#",a2b5aac2-33a7-41ec-878c-7dd928ac85cf,184:a0ef001517d39cec11e7a90912ebaf48}(|)Авторинок Центральний, Павлоград, Дніпропетровська(|)
{"#",47e6dd42-cd5c-4e3a-9bc4-14816ed53d38,66:a0ef001517d39cec11e7a9a4a5248d3b}(|){"#",a2b5aac2-33a7-41ec-878c-7dd928ac85cf,184:a0ef001517d39cec11e7a9a4f18c6974}(|)Первомайськ(Микол.обл.Первомайс.р-н), Миколаївська, вул.Київська, 27-А(|)
{"#",47e6dd42-cd5c-4e3a-9bc4-14816ed53d38,66:a0ef001517d39cec11e7a9a5a9fa7170}(|){"#",a2b5aac2-33a7-41ec-878c-7dd928ac85cf,184:a0ef001517d39cec11e7a9a61356bcaa}(|)Львів, Львівська, вул.Личаківська, 41(|)
{"#",47e6dd42-cd5c-4e3a-9bc4-14816ed53d38,66:a0ef001517d39cec11e7a9a67f36c2d0}(|){"#",a2b5aac2-33a7-41ec-878c-7dd928ac85cf,184:a0ef001517d39cec11e7a9a7168dc7b4}(|)Переяслав, Київська, вул.Шкільна, 42/3(|)
{"#",47e6dd42-cd5c-4e3a-9bc4-14816ed53d38,66:92f7001517d39cec11e7185111f9f160}(|){"#",a2b5aac2-33a7-41ec-878c-7dd928ac85cf,184:a0ef001517d39cec11e7a9b76a62ab10}(|)Умань, Черкаська, вул.Залізняка, 1-А(|)
{"#",47e6dd42-cd5c-4e3a-9bc4-14816ed53d38,66:a0ef001517d39cec11e7a9c81b9e8e3f}(|){"#",a2b5aac2-33a7-41ec-878c-7dd928ac85cf,184:a0ef001517d39cec11e7a9c88a74c030}(|)Первомайськ(Микол.обл.Первомайс.р-н), Миколаївська, вул.Одеська, 78-А(|)
{"#",47e6dd42-cd5c-4e3a-9bc4-14816ed53d38,66:a0ef001517d39cec11e7a76d48c972c8}(|){"#",a2b5aac2-33a7-41ec-878c-7dd928ac85cf,184:a0ef001517d39cec11e7aa69e7729a69}(|)Біла Церква, Київська, вул.Леваневського, 85(|)
{"#",47e6dd42-cd5c-4e3a-9bc4-14816ed53d38,66:aaa6001517d39cec11e7ba4732581b2e}(|){"#",a2b5aac2-33a7-41ec-878c-7dd928ac85cf,184:a0ef001517d39cec11e7acd8106c531c}(|)Миколаїв, Миколаївська, вул.Соборна (Радянська), 12-Б(|)
{"#",47e6dd42-cd5c-4e3a-9bc4-14816ed53d38,66:ae9a001517d39cec11e3fecfead5843d}(|){"#",a2b5aac2-33a7-41ec-878c-7dd928ac85cf,184:a0ef001517d39cec11e7acd8106c531c}(|)Миколаїв, Миколаївська, вул.Соборна (Радянська), 12-Б(|)
{"#",47e6dd42-cd5c-4e3a-9bc4-14816ed53d38,66:a0ef001517d39cec11e7ace9043cc19c}(|){"#",a2b5aac2-33a7-41ec-878c-7dd928ac85cf,184:a0ef001517d39cec11e7ace9ef2e9c7b}(|)Кам'янське(Дніпропетровська обл), Дніпропетровська, проїздСтрімкий (Жовтневий), 18(|)
{"#",47e6dd42-cd5c-4e3a-9bc4-14816ed53d38,66:a0ef001517d39cec11e7acf611f3ff29}(|){"#",a2b5aac2-33a7-41ec-878c-7dd928ac85cf,184:a0ef001517d39cec11e7acf68eed62c6}(|)Кам'янське(Дніпропетровська обл), Дніпропетровська, вул.Грушевського Михайла (Димитрова), 9(|)
{"#",47e6dd42-cd5c-4e3a-9bc4-14816ed53d38,66:a0ef001517d39cec11e7acf6f279f2a0}(|){"#",a2b5aac2-33a7-41ec-878c-7dd928ac85cf,184:a0ef001517d39cec11e7acf743d16d2e}(|)Кам'янське(Дніпропетровська обл), Дніпропетровська, просп.Героїв, 42(|)
{"#",47e6dd42-cd5c-4e3a-9bc4-14816ed53d38,66:a0ef001517d39cec11e7adbfe4a34f9a}(|){"#",a2b5aac2-33a7-41ec-878c-7dd928ac85cf,184:a0ef001517d39cec11e7adc01ff1ce5b}(|)Яготин, Київська, вул.Поштова, 59(|)
{"#",47e6dd42-cd5c-4e3a-9bc4-14816ed53d38,66:a0ef001517d39cec11e7adc5cf338674}(|){"#",a2b5aac2-33a7-41ec-878c-7dd928ac85cf,184:a0ef001517d39cec11e7adc6c22a2a04}(|)Авторинок Кірова Троицкая, Миколаїв, Миколаївська(|)
{"#",47e6dd42-cd5c-4e3a-9bc4-14816ed53d38,66:a0ef001517d39cec11e7ae633ad8f2c4}(|){"#",a2b5aac2-33a7-41ec-878c-7dd928ac85cf,184:a0ef001517d39cec11e7ae6379bd5adc}(|)Лубни, Полтавська, просп.Володимирський (Радянська вул), 138(|)
{"#",47e6dd42-cd5c-4e3a-9bc4-14816ed53d38,66:a0ef001517d39cec11e7ae7389555052}(|){"#",a2b5aac2-33a7-41ec-878c-7dd928ac85cf,184:a0ef001517d39cec11e7ae74288af848}(|)Кам'янське(Дніпропетровська обл), Дніпропетровська, просп.Гімназичний (Пеліна), 32-А(|)
{"#",47e6dd42-cd5c-4e3a-9bc4-14816ed53d38,66:a0ef001517d39cec11e7af4dba37afe7}(|){"#",a2b5aac2-33a7-41ec-878c-7dd928ac85cf,184:a0ef001517d39cec11e7af4e039b1236}(|)Фастів, Київська, вул.Брандта, 65(|)
{"#",47e6dd42-cd5c-4e3a-9bc4-14816ed53d38,66:a0ef001517d39cec11e7aff80b0db58c}(|){"#",a2b5aac2-33a7-41ec-878c-7dd928ac85cf,184:a0ef001517d39cec11e7aff87528bce6}(|)Львів, Львівська, вул.Кукурудзяна, 4(|)
{"#",47e6dd42-cd5c-4e3a-9bc4-14816ed53d38,66:a0ef001517d39cec11e7aff99f4dad78}(|){"#",a2b5aac2-33a7-41ec-878c-7dd928ac85cf,184:a0ef001517d39cec11e7affac5bdb61e}(|)Дрогобич, Львівська, вул.Стрийська, 293(|)
{"#",47e6dd42-cd5c-4e3a-9bc4-14816ed53d38,66:a0ef001517d39cec11e7b0004aebaddc}(|){"#",a2b5aac2-33a7-41ec-878c-7dd928ac85cf,184:a0ef001517d39cec11e7b000856398f8}(|)Авторинок Зелене Коло, Львів, Львівська(|)
{"#",47e6dd42-cd5c-4e3a-9bc4-14816ed53d38,66:a0ef001517d39cec11e7b000b1b5f00e}(|){"#",a2b5aac2-33a7-41ec-878c-7dd928ac85cf,184:a0ef001517d39cec11e7b000e932eaaa}(|)Львів, Львівська, вул.Польова, 46(|)
{"#",47e6dd42-cd5c-4e3a-9bc4-14816ed53d38,66:a0ef001517d39cec11e7b244461647b8}(|){"#",a2b5aac2-33a7-41ec-878c-7dd928ac85cf,184:a0ef001517d39cec11e7b2448900a7b3}(|)Макарів, Київська, вул.Набережна, 1(|)
{"#",47e6dd42-cd5c-4e3a-9bc4-14816ed53d38,66:a0ef001517d39cec11e7b25cddb27f0c}(|){"#",a2b5aac2-33a7-41ec-878c-7dd928ac85cf,184:a0ef001517d39cec11e7b25e1cd301b1}(|)Дрогобич, Львівська, вул.Горишня Брама, 1(|)
{"#",47e6dd42-cd5c-4e3a-9bc4-14816ed53d38,66:a0ef001517d39cec11e7b25e43b9c02a}(|){"#",a2b5aac2-33a7-41ec-878c-7dd928ac85cf,184:a0ef001517d39cec11e7b25eb6ab5f27}(|)Львів, Львівська, вул.Хмельницького Богдана, 183(|)
{"#",47e6dd42-cd5c-4e3a-9bc4-14816ed53d38,66:a0ef001517d39cec11e7b25ee157b602}(|){"#",a2b5aac2-33a7-41ec-878c-7dd928ac85cf,184:a0ef001517d39cec11e7b25f0b8cd74a}(|)Львів, Львівська, вул.Хмельницького Богдана, 120(|)
{"#",47e6dd42-cd5c-4e3a-9bc4-14816ed53d38,66:a0ef001517d39cec11e7b260fed2a834}(|){"#",a2b5aac2-33a7-41ec-878c-7dd928ac85cf,184:a0ef001517d39cec11e7b26161de7913}(|)Кам'янське(Дніпропетровська обл), Дніпропетровська, вул.Васильєвська, 119(|)
{"#",47e6dd42-cd5c-4e3a-9bc4-14816ed53d38,66:a0ef001517d39cec11e7b32f5de9a9df}(|){"#",a2b5aac2-33a7-41ec-878c-7dd928ac85cf,184:a0ef001517d39cec11e7b32fb72950e5}(|)Запоріжжя, Запорізька, просп.Соборний (Леніна), 11(|)
{"#",47e6dd42-cd5c-4e3a-9bc4-14816ed53d38,66:a0ef001517d39cec11e7b33103324ecc}(|){"#",a2b5aac2-33a7-41ec-878c-7dd928ac85cf,184:a0ef001517d39cec11e7b3323109c4f0}(|)Згурівка, Київська, вул.Українська, 2(|)
{"#",47e6dd42-cd5c-4e3a-9bc4-14816ed53d38,66:a0ef001517d39cec11e7b33cb06f44c2}(|){"#",a2b5aac2-33a7-41ec-878c-7dd928ac85cf,184:a0ef001517d39cec11e7b33d05806bef}(|)Лебедин (Сумська обл.), Сумська, вул.Будильська, 21/25(|)
{"#",47e6dd42-cd5c-4e3a-9bc4-14816ed53d38,66:a0ef001517d39cec11e7b33d947f35d2}(|){"#",a2b5aac2-33a7-41ec-878c-7dd928ac85cf,184:a0ef001517d39cec11e7b33dd684b40d}(|)Авторинок Лоск, Харків, Харківська(|)
{"#",47e6dd42-cd5c-4e3a-9bc4-14816ed53d38,66:a0ef001517d39cec11e7b33e4da27088}(|){"#",a2b5aac2-33a7-41ec-878c-7dd928ac85cf,184:a0ef001517d39cec11e7b33eac5274de}(|)Суми, Сумська, просп.Лушпи Михайла, 8(|)
{"#",47e6dd42-cd5c-4e3a-9bc4-14816ed53d38,66:a0ef001517d39cec11e7b4062c4fdf89}(|){"#",a2b5aac2-33a7-41ec-878c-7dd928ac85cf,184:a0ef001517d39cec11e7b406a6793cfa}(|)Полтава, Полтавська, вул.Бірюзова Маршала, 26-А(|)
{"#",47e6dd42-cd5c-4e3a-9bc4-14816ed53d38,66:a0ef001517d39cec11e7b4b69ce8dd68}(|){"#",a2b5aac2-33a7-41ec-878c-7dd928ac85cf,184:a0ef001517d39cec11e7b4b6e93da6ce}(|)Обухівка, Дніпропетровська, вул.Центральна, 79-Б(|)
{"#",47e6dd42-cd5c-4e3a-9bc4-14816ed53d38,66:ae9a001517d39cec11e3fc9fe9324127}(|){"#",a2b5aac2-33a7-41ec-878c-7dd928ac85cf,184:a0ef001517d39cec11e7b567346fd936}(|)Миколаїв, Миколаївська, лінія1-а, 1(|)
{"#",47e6dd42-cd5c-4e3a-9bc4-14816ed53d38,66:ae9a001517d39cec11e3fca29f94c342}(|){"#",a2b5aac2-33a7-41ec-878c-7dd928ac85cf,184:a0ef001517d39cec11e7b57f7f3b4cda}(|)Дніпро, Дніпропетровська, просп.Слобожанський (Газети «Правда»), 115(|)
{"#",47e6dd42-cd5c-4e3a-9bc4-14816ed53d38,66:ae9a001517d39cec11e3fca3a07a24cc}(|){"#",a2b5aac2-33a7-41ec-878c-7dd928ac85cf,184:a0ef001517d39cec11e7b57fc584c018}(|)Павлоград, Дніпропетровська, вул.Дніпровська, 565(|)
{"#",47e6dd42-cd5c-4e3a-9bc4-14816ed53d38,66:a0ef001517d39cec11e7b584a0bdb62c}(|){"#",a2b5aac2-33a7-41ec-878c-7dd928ac85cf,184:a0ef001517d39cec11e7b5852d6611d2}(|)Львів, Львівська, вул.Липинського, 36(|)
{"#",47e6dd42-cd5c-4e3a-9bc4-14816ed53d38,66:a34f001517d39cec11e56e94c235c6ad}(|){"#",a2b5aac2-33a7-41ec-878c-7dd928ac85cf,184:a34f001517d39cec11e56e991d2958ae}(|)Зіньків, Полтавська, вул.Полтавська, 100(|)
{"#",47e6dd42-cd5c-4e3a-9bc4-14816ed53d38,66:aaa10025909438d711eaf692edc5e2ff}(|){"#",a2b5aac2-33a7-41ec-878c-7dd928ac85cf,184:a34f001517d39cec11e570af236cc7ec}(|)Київ, Київська, вул.Булгакова, 18(|)
{"#",47e6dd42-cd5c-4e3a-9bc4-14816ed53d38,66:a34f001517d39cec11e570b606e98356}(|){"#",a2b5aac2-33a7-41ec-878c-7dd928ac85cf,184:a34f001517d39cec11e570b67c66044c}(|)Авторинок Лоск, Харків, Харківська(|)
{"#",47e6dd42-cd5c-4e3a-9bc4-14816ed53d38,66:ae9a001517d39cec11e3fca1bd74bb49}(|){"#",a2b5aac2-33a7-41ec-878c-7dd928ac85cf,184:a34f001517d39cec11e570be3c3ef808}(|)Кропивницький, Кіровоградська, вул.Попова Космонавта, 26(|)
{"#",47e6dd42-cd5c-4e3a-9bc4-14816ed53d38,66:a34f001517d39cec11e5718dd136525a}(|){"#",a2b5aac2-33a7-41ec-878c-7dd928ac85cf,184:a34f001517d39cec11e5718e69618884}(|)Авторинок Лоск, Харків, Харківська(|)
{"#",47e6dd42-cd5c-4e3a-9bc4-14816ed53d38,66:a34f001517d39cec11e571a0708343e8}(|){"#",a2b5aac2-33a7-41ec-878c-7dd928ac85cf,184:a34f001517d39cec11e571a07d1d1195}(|)Киев(|)
{"#",47e6dd42-cd5c-4e3a-9bc4-14816ed53d38,66:a34f001517d39cec11e5718dd136525a}(|){"#",a2b5aac2-33a7-41ec-878c-7dd928ac85cf,184:a34f001517d39cec11e571af61ad9713}(|)вул Калужська буд 48 м Словянськ(|)
{"#",47e6dd42-cd5c-4e3a-9bc4-14816ed53d38,66:a34f001517d39cec11e571ae8d40b24a}(|){"#",a2b5aac2-33a7-41ec-878c-7dd928ac85cf,184:a34f001517d39cec11e571afa7895e23}(|)Полтава, Полтавська, вул.Визволення, 19-Б(|)
{"#",47e6dd42-cd5c-4e3a-9bc4-14816ed53d38,66:a34f001517d39cec11e5731b766bcf1a}(|){"#",a2b5aac2-33a7-41ec-878c-7dd928ac85cf,184:a34f001517d39cec11e5731bc7559d7d}(|)Авторинок Ринок, Великі Копані (Херсонська обл.), Херсонська(|)
{"#",47e6dd42-cd5c-4e3a-9bc4-14816ed53d38,66:a34f001517d39cec11e57647b3b9a7b4}(|){"#",a2b5aac2-33a7-41ec-878c-7dd928ac85cf,184:a34f001517d39cec11e576483b4c3f66}(|)Донецька обл, м, Слов"янськ, Центральний ринок(|)
{"#",47e6dd42-cd5c-4e3a-9bc4-14816ed53d38,66:a34f001517d39cec11e5764992c9c9c0}(|){"#",a2b5aac2-33a7-41ec-878c-7dd928ac85cf,184:a34f001517d39cec11e5764aeb6a32f5}(|)Донецька обл,, м, Слов"янськ, вул, Свободи, будинок № 41(|)
{"#",47e6dd42-cd5c-4e3a-9bc4-14816ed53d38,66:a34f001517d39cec11e5770261fa154c}(|){"#",a2b5aac2-33a7-41ec-878c-7dd928ac85cf,184:a34f001517d39cec11e57702cf0683c1}(|)Зіньків, Полтавська, вул.Леніна, 51(|)
{"#",47e6dd42-cd5c-4e3a-9bc4-14816ed53d38,66:9c80001517d39cec11e4b02f05ec7db6}(|){"#",a2b5aac2-33a7-41ec-878c-7dd928ac85cf,184:a34f001517d39cec11e5795921898dc5}(|)Коцюбинське, Київська, вул.Пономарьова, 13(|)
{"#",47e6dd42-cd5c-4e3a-9bc4-14816ed53d38,66:ae9a001517d39cec11e3fca3085150ed}(|){"#",a2b5aac2-33a7-41ec-878c-7dd928ac85cf,184:a34f001517d39cec11e5795921898dc5}(|)Коцюбинське, Київська, вул.Пономарьова, 13(|)
{"#",47e6dd42-cd5c-4e3a-9bc4-14816ed53d38,66:a34f001517d39cec11e5799c3e76e40a}(|){"#",a2b5aac2-33a7-41ec-878c-7dd928ac85cf,184:a34f001517d39cec11e5799c7349fe1a}(|)Київ(|)
{"#",47e6dd42-cd5c-4e3a-9bc4-14816ed53d38,66:a34f001517d39cec11e57bd138ccf76a}(|){"#",a2b5aac2-33a7-41ec-878c-7dd928ac85cf,184:a34f001517d39cec11e57bd1a02d6dc2}(|)Сміла, Черкаська, вул.Героїв Холодноярців (60 років СРСР), 30(|)
{"#",47e6dd42-cd5c-4e3a-9bc4-14816ed53d38,66:a34f001517d39cec11e57bd2883043e2}(|){"#",a2b5aac2-33a7-41ec-878c-7dd928ac85cf,184:a34f001517d39cec11e57bd30e2b2977}(|)Жашків, Черкаська, вул.Одеська, 6(|)
{"#",47e6dd42-cd5c-4e3a-9bc4-14816ed53d38,66:ae9a001517d39cec11e3fecfc6ba073d}(|){"#",a2b5aac2-33a7-41ec-878c-7dd928ac85cf,184:a34f001517d39cec11e57bf0e8d802ce}(|)Гадяч, Полтавська, вул.Лохвицька, 2-А(|)
{"#",47e6dd42-cd5c-4e3a-9bc4-14816ed53d38,66:a34f001517d39cec11e57c8fa177ccfe}(|){"#",a2b5aac2-33a7-41ec-878c-7dd928ac85cf,184:a34f001517d39cec11e57c90380db36b}(|)Березань, Київська, вул.Войкова, 30(|)
{"#",47e6dd42-cd5c-4e3a-9bc4-14816ed53d38,66:a34f001517d39cec11e57cb1f0dd431a}(|){"#",a2b5aac2-33a7-41ec-878c-7dd928ac85cf,184:a34f001517d39cec11e57cb25aa4d82b}(|)Луцьк, Волинська, с.Голишів, Наливайко2(|)
{"#",47e6dd42-cd5c-4e3a-9bc4-14816ed53d38,66:a34f001517d39cec11e57e4e24f59eb8}(|){"#",a2b5aac2-33a7-41ec-878c-7dd928ac85cf,184:a34f001517d39cec11e57e4e8a4268a8}(|)Нежин(|)
{"#",47e6dd42-cd5c-4e3a-9bc4-14816ed53d38,66:a79d001517d39cec11e7f78b9c2cba43}(|){"#",a2b5aac2-33a7-41ec-878c-7dd928ac85cf,184:a79d001517d39cec11e7f78bdb0ec002}(|)Глухів (Сумська обл.), Сумська, вул.Пушкіна, 85-Б(|)
{"#",47e6dd42-cd5c-4e3a-9bc4-14816ed53d38,66:a79d001517d39cec11e7f9ca2d5dda88}(|){"#",a2b5aac2-33a7-41ec-878c-7dd928ac85cf,184:a79d001517d39cec11e7f9d50915c965}(|)Київ, Київська, вул.Юрківська, 34-А(|)
{"#",47e6dd42-cd5c-4e3a-9bc4-14816ed53d38,66:a79d001517d39cec11e7f9ebb5b61cb2}(|){"#",a2b5aac2-33a7-41ec-878c-7dd928ac85cf,184:a79d001517d39cec11e7f9ec0302daaa}(|)Українка, Київська, вул.Промислова, 19(|)
{"#",47e6dd42-cd5c-4e3a-9bc4-14816ed53d38,66:a79d001517d39cec11e7fab32540ddac}(|){"#",a2b5aac2-33a7-41ec-878c-7dd928ac85cf,184:a79d001517d39cec11e7fab3785af4aa}(|)Авторинок Ринок Поштова, Яготин, Київська(|)
{"#",47e6dd42-cd5c-4e3a-9bc4-14816ed53d38,66:ae63001517d39cec11e68f8732a56b7c}(|){"#",a2b5aac2-33a7-41ec-878c-7dd928ac85cf,184:a79d001517d39cec11e7fabd386e2057}(|)Кривий Ріг, Дніпропетровська, вул.Криворіжсталі (Орджонікідзе), 84/2(|)
{"#",47e6dd42-cd5c-4e3a-9bc4-14816ed53d38,66:a79d001517d39cec11e7ff52039d96b0}(|){"#",a2b5aac2-33a7-41ec-878c-7dd928ac85cf,184:a79d001517d39cec11e7ff5224258cb3}(|)Авторинок Терминал, Кривий Ріг, Дніпропетровська(|)
{"#",47e6dd42-cd5c-4e3a-9bc4-14816ed53d38,66:a79d001517d39cec11e8003f6f5ad104}(|){"#",a2b5aac2-33a7-41ec-878c-7dd928ac85cf,184:a79d001517d39cec11e800404ddb6632}(|)Донецька обл., м.Марыуполь, вул.Волгодонська, будинок № 2(|)
{"#",47e6dd42-cd5c-4e3a-9bc4-14816ed53d38,66:a79d001517d39cec11e800ec931b89dc}(|){"#",a2b5aac2-33a7-41ec-878c-7dd928ac85cf,184:a79d001517d39cec11e800ecedf080a6}(|)Київ, Київська, вул.Наумова Генерала, 1(|)
{"#",47e6dd42-cd5c-4e3a-9bc4-14816ed53d38,66:a79d001517d39cec11e801ca1204afde}(|){"#",a2b5aac2-33a7-41ec-878c-7dd928ac85cf,184:a79d001517d39cec11e801ca64d01943}(|)Харків, Харківська, шосеСалтівське, 155/93(|)
{"#",47e6dd42-cd5c-4e3a-9bc4-14816ed53d38,66:a79d001517d39cec11e8029ea0d57192}(|){"#",a2b5aac2-33a7-41ec-878c-7dd928ac85cf,184:a79d001517d39cec11e8029ee7f3161b}(|)Бровари, Київська, бульварНезалежності, 31(|)
{"#",47e6dd42-cd5c-4e3a-9bc4-14816ed53d38,66:a79d001517d39cec11e8029f38eb3298}(|){"#",a2b5aac2-33a7-41ec-878c-7dd928ac85cf,184:a79d001517d39cec11e8029ee7f3161b}(|)Бровари, Київська, бульварНезалежності, 31(|)
{"#",47e6dd42-cd5c-4e3a-9bc4-14816ed53d38,66:a79d001517d39cec11e804dd24bdc460}(|){"#",a2b5aac2-33a7-41ec-878c-7dd928ac85cf,184:a79d001517d39cec11e804dd64a3aa72}(|)Івано-Франківськ, Івано-Франківська, вул.Галицька, 203(|)
{"#",47e6dd42-cd5c-4e3a-9bc4-14816ed53d38,66:a79d001517d39cec11e804e2055b2c03}(|){"#",a2b5aac2-33a7-41ec-878c-7dd928ac85cf,184:a79d001517d39cec11e804e23f0ad196}(|)Чернівці, Чернівецька, вул.Шухевича, 8-А(|)
{"#",47e6dd42-cd5c-4e3a-9bc4-14816ed53d38,66:a79d001517d39cec11e804ef598464c6}(|){"#",a2b5aac2-33a7-41ec-878c-7dd928ac85cf,184:a79d001517d39cec11e804efb6fe7769}(|)Чернівці, Чернівецька, вул.Руська, 250(|)
{"#",47e6dd42-cd5c-4e3a-9bc4-14816ed53d38,66:a79d001517d39cec11e805bf61fa2138}(|){"#",a2b5aac2-33a7-41ec-878c-7dd928ac85cf,184:a79d001517d39cec11e805bfaa7d667c}(|)Авторинок Ярославський, Черкаси, Черкаська(|)
{"#",47e6dd42-cd5c-4e3a-9bc4-14816ed53d38,66:a79d001517d39cec11e805c003f1813e}(|){"#",a2b5aac2-33a7-41ec-878c-7dd928ac85cf,184:a79d001517d39cec11e805c04a873fbc}(|)Авторинок Ярославський, Черкаси, Черкаська(|)
{"#",47e6dd42-cd5c-4e3a-9bc4-14816ed53d38,66:a79d001517d39cec11e805c0d5198ca2}(|){"#",a2b5aac2-33a7-41ec-878c-7dd928ac85cf,184:a79d001517d39cec11e805c0f18d3ca8}(|)Черкаси, Черкаська, вул.Нарбутівська (Петровського), 198/23(|)
{"#",47e6dd42-cd5c-4e3a-9bc4-14816ed53d38,66:a79d001517d39cec11e8074ef7179904}(|){"#",a2b5aac2-33a7-41ec-878c-7dd928ac85cf,184:a79d001517d39cec11e8074f5c2d8ce0}(|)Борзна, Чернігівська, вул.Незалежності, 8(|)
{"#",47e6dd42-cd5c-4e3a-9bc4-14816ed53d38,66:a79d001517d39cec11e80751c65f08e4}(|){"#",a2b5aac2-33a7-41ec-878c-7dd928ac85cf,184:a79d001517d39cec11e8075209470684}(|)Біла Церква, Київська, вул.Кожедуба Івана (Запорожця Петра), 30-А(|)
{"#",47e6dd42-cd5c-4e3a-9bc4-14816ed53d38,66:a79d001517d39cec11e80a4fb8c0534a}(|){"#",a2b5aac2-33a7-41ec-878c-7dd928ac85cf,184:a79d001517d39cec11e80a505346bc6a}(|)Авторинок Рейтинг, Чернівці, Чернівецька(|)
{"#",47e6dd42-cd5c-4e3a-9bc4-14816ed53d38,66:a79d001517d39cec11e80a513bfa008e}(|){"#",a2b5aac2-33a7-41ec-878c-7dd928ac85cf,184:a79d001517d39cec11e80a5228753f6e}(|)Нікополь (Дніпропетровська обл.), Дніпропетровська, вул.Херсонська, 190(|)
{"#",47e6dd42-cd5c-4e3a-9bc4-14816ed53d38,66:a79d001517d39cec11e80a52519f5956}(|){"#",a2b5aac2-33a7-41ec-878c-7dd928ac85cf,184:a79d001517d39cec11e80a52de15a39a}(|)Кривий Ріг, Дніпропетровська, вул.Дорошенка Петра (Блюхера), 15(|)
{"#",47e6dd42-cd5c-4e3a-9bc4-14816ed53d38,66:a79d001517d39cec11e80a532dcbe2a0}(|){"#",a2b5aac2-33a7-41ec-878c-7dd928ac85cf,184:a79d001517d39cec11e80a54266e7e4a}(|)Нікополь (Дніпропетровська обл.), Дніпропетровська, вул.Світла (Головко), 4-А(|)
{"#",47e6dd42-cd5c-4e3a-9bc4-14816ed53d38,66:a79d001517d39cec11e80a550e86c994}(|){"#",a2b5aac2-33a7-41ec-878c-7dd928ac85cf,184:a79d001517d39cec11e80a556a2405e6}(|)Авторинок Автобазар, Хмельницький, Хмельницька(|)
{"#",47e6dd42-cd5c-4e3a-9bc4-14816ed53d38,66:a79d001517d39cec11e80a5a3e8bc2a2}(|){"#",a2b5aac2-33a7-41ec-878c-7dd928ac85cf,184:a79d001517d39cec11e80a5e17690604}(|)Київ, Київська, вул.Антона Цедіка, 14-А(|)
{"#",47e6dd42-cd5c-4e3a-9bc4-14816ed53d38,66:a79d001517d39cec11e80a756b488eaf}(|){"#",a2b5aac2-33a7-41ec-878c-7dd928ac85cf,184:a79d001517d39cec11e80a7619b5f918}(|)Вишгород, Київська, вул.Набережна, 32(|)
{"#",47e6dd42-cd5c-4e3a-9bc4-14816ed53d38,66:a79d001517d39cec11e80a7ff7ba4d0a}(|){"#",a2b5aac2-33a7-41ec-878c-7dd928ac85cf,184:a79d001517d39cec11e80a7f6ec2149e}(|)Авторинок Рейтинг, Чернівці, Чернівецька(|)м, Чернівці, вул. Шухевича,9 конт-139
{"#",47e6dd42-cd5c-4e3a-9bc4-14816ed53d38,66:aa8f0025909438d711e863157b65a245}(|){"#",a2b5aac2-33a7-41ec-878c-7dd928ac85cf,184:a79d001517d39cec11e80b265a04acde}(|)Київ, Київська, вул.Білецького Академіка, 9-В(|)
{"#",47e6dd42-cd5c-4e3a-9bc4-14816ed53d38,66:b7df001517d39cec11e771d9ae62723f}(|){"#",a2b5aac2-33a7-41ec-878c-7dd928ac85cf,184:a79d001517d39cec11e80b265a04acde}(|)Київ, Київська, вул.Білецького Академіка, 9-В(|)
{"#",47e6dd42-cd5c-4e3a-9bc4-14816ed53d38,66:a79d001517d39cec11e80b3ed4996260}(|){"#",a2b5aac2-33a7-41ec-878c-7dd928ac85cf,184:a79d001517d39cec11e80b3f3804914f}(|)Черкаси, Черкаська, вул.Добровольського, 106(|)
{"#",47e6dd42-cd5c-4e3a-9bc4-14816ed53d38,66:a79d001517d39cec11e80cafaaeb786e}(|){"#",a2b5aac2-33a7-41ec-878c-7dd928ac85cf,184:a79d001517d39cec11e80cb0069702dc}(|)Краснопілля (Сумська обл.), Сумська, вул.Пушкіна, 22(|)
{"#",47e6dd42-cd5c-4e3a-9bc4-14816ed53d38,66:a79d001517d39cec11e80cb03dafdab4}(|){"#",a2b5aac2-33a7-41ec-878c-7dd928ac85cf,184:a79d001517d39cec11e80cb324b2325c}(|)Гадяч, Полтавська, вул.Лохвицька, 23-Б(|)
{"#",47e6dd42-cd5c-4e3a-9bc4-14816ed53d38,66:a79d001517d39cec11e80cb35b40c1d0}(|){"#",a2b5aac2-33a7-41ec-878c-7dd928ac85cf,184:a79d001517d39cec11e80cb3a9e734c2}(|)Суми, Сумська, вул.Харківська, 111(|)
{"#",47e6dd42-cd5c-4e3a-9bc4-14816ed53d38,66:a79d001517d39cec11e80cdcc98babf4}(|){"#",a2b5aac2-33a7-41ec-878c-7dd928ac85cf,184:a79d001517d39cec11e80cdd19df462e}(|)Конотоп, Сумська, вул.Тхора Генерала, 3(|)
{"#",47e6dd42-cd5c-4e3a-9bc4-14816ed53d38,66:a79d001517d39cec11e80dad6400aad0}(|){"#",a2b5aac2-33a7-41ec-878c-7dd928ac85cf,184:a79d001517d39cec11e80dadcc118f2a}(|)Одеса, Одеська, вул.Радісна, 118(|)
{"#",47e6dd42-cd5c-4e3a-9bc4-14816ed53d38,66:a79d001517d39cec11e80fdc17dfc3c4}(|){"#",a2b5aac2-33a7-41ec-878c-7dd928ac85cf,184:a79d001517d39cec11e80fdc676d7ad0}(|)Київ, Київська, просп.Корольова Академіка, 1(|)
{"#",47e6dd42-cd5c-4e3a-9bc4-14816ed53d38,66:a79d001517d39cec11e80fff91acec4b}(|){"#",a2b5aac2-33a7-41ec-878c-7dd928ac85cf,184:a79d001517d39cec11e80fffee46e1e0}(|)Авторинок Буковина-Авто, Чернівці, Чернівецька(|)
{"#",47e6dd42-cd5c-4e3a-9bc4-14816ed53d38,66:a79d001517d39cec11e810979575fc66}(|){"#",a2b5aac2-33a7-41ec-878c-7dd928ac85cf,184:a79d001517d39cec11e81097e5905e30}(|)Київ, Київська, вул.Григоровича-Барського, 2-А(|)
{"#",47e6dd42-cd5c-4e3a-9bc4-14816ed53d38,66:a79d001517d39cec11e810a6b9f5f15f}(|){"#",a2b5aac2-33a7-41ec-878c-7dd928ac85cf,184:a79d001517d39cec11e810a70aa8e9a8}(|)Київ, Київська, вул.Зодчих, 5-А(|)
{"#",47e6dd42-cd5c-4e3a-9bc4-14816ed53d38,66:a79d001517d39cec11e810b393704900}(|){"#",a2b5aac2-33a7-41ec-878c-7dd928ac85cf,184:a79d001517d39cec11e810b3d62fbea6}(|)Київ, Київська, вул.Постова, 64(|)
{"#",47e6dd42-cd5c-4e3a-9bc4-14816ed53d38,66:a79d001517d39cec11e810b42f3af1f1}(|){"#",a2b5aac2-33a7-41ec-878c-7dd928ac85cf,184:a79d001517d39cec11e810b475f2115c}(|)Авторинок На Зеленій, Черкаси, Черкаська(|)
{"#",47e6dd42-cd5c-4e3a-9bc4-14816ed53d38,66:a79d001517d39cec11e810bd4f9eddb8}(|){"#",a2b5aac2-33a7-41ec-878c-7dd928ac85cf,184:a79d001517d39cec11e810bdd6bf048a}(|)Авторинок Корольова, Черкаси, Черкаська(|)
{"#",47e6dd42-cd5c-4e3a-9bc4-14816ed53d38,66:a79d001517d39cec11e810be4b7cc961}(|){"#",a2b5aac2-33a7-41ec-878c-7dd928ac85cf,184:a79d001517d39cec11e810bebc8a6afe}(|)Київ, Київська, пров.Орловський, 6(|)
{"#",47e6dd42-cd5c-4e3a-9bc4-14816ed53d38,66:a79d001517d39cec11e810be4b7cc961}(|){"#",a2b5aac2-33a7-41ec-878c-7dd928ac85cf,184:a79d001517d39cec11e810cdc73e2e22}(|)Київ, Київська, вул.Зодчих, 44(|)
{"#",47e6dd42-cd5c-4e3a-9bc4-14816ed53d38,66:a79d001517d39cec11e812fd61182bc0}(|){"#",a2b5aac2-33a7-41ec-878c-7dd928ac85cf,184:a79d001517d39cec11e812fed568c42a}(|)Боярка, Київська, вул.Хрещатик, 44/2(|)
{"#",47e6dd42-cd5c-4e3a-9bc4-14816ed53d38,66:a79d001517d39cec11e812ff014d6f14}(|){"#",a2b5aac2-33a7-41ec-878c-7dd928ac85cf,184:a79d001517d39cec11e812ff7ef019a8}(|)Київ, Київська, с.Гатне, вул Київська2-Б(|)
{"#",47e6dd42-cd5c-4e3a-9bc4-14816ed53d38,66:a79d001517d39cec11e813009703b832}(|){"#",a2b5aac2-33a7-41ec-878c-7dd928ac85cf,184:a79d001517d39cec11e813012fa15f41}(|)Покровське (Покровський р-н Дніпропетровська обл.), Дніпропетровська, вул.Горького, 49(|)
{"#",47e6dd42-cd5c-4e3a-9bc4-14816ed53d38,66:a79d001517d39cec11e8130158819043}(|){"#",a2b5aac2-33a7-41ec-878c-7dd928ac85cf,184:a79d001517d39cec11e81302e61ffdde}(|)Покровське (Покровський р-н Дніпропетровська обл.), Дніпропетровська, вул.Горького, 66(|)
{"#",47e6dd42-cd5c-4e3a-9bc4-14816ed53d38,66:a79d001517d39cec11e813068a9a35b6}(|){"#",a2b5aac2-33a7-41ec-878c-7dd928ac85cf,184:a79d001517d39cec11e81306f0c25800}(|)Покровське (Покровський р-н Дніпропетровська обл.), Дніпропетровська, вул.Маркса Карла, 66(|)
{"#",47e6dd42-cd5c-4e3a-9bc4-14816ed53d38,66:a79d001517d39cec11e8130738d0ca0a}(|){"#",a2b5aac2-33a7-41ec-878c-7dd928ac85cf,184:a79d001517d39cec11e81307901e2596}(|)Покровське (Покровський р-н Дніпропетровська обл.), Дніпропетровська, вул.Горького, 49-А(|)
{"#",47e6dd42-cd5c-4e3a-9bc4-14816ed53d38,66:a79d001517d39cec11e813175954d04a}(|){"#",a2b5aac2-33a7-41ec-878c-7dd928ac85cf,184:a79d001517d39cec11e8131c7804d116}(|)Покровське (Покровський р-н Дніпропетровська обл.), Дніпропетровська, вул.Горького, 66(|)
{"#",47e6dd42-cd5c-4e3a-9bc4-14816ed53d38,66:a79d001517d39cec11e8131ca99c9b28}(|){"#",a2b5aac2-33a7-41ec-878c-7dd928ac85cf,184:a79d001517d39cec11e8131cffdeef55}(|)Кременчук, Полтавська, вул.Київська, 32(|)
{"#",47e6dd42-cd5c-4e3a-9bc4-14816ed53d38,66:a79d001517d39cec11e8131e4d6eeee5}(|){"#",a2b5aac2-33a7-41ec-878c-7dd928ac85cf,184:a79d001517d39cec11e8131ebd849bf2}(|)Авторинок Жуляни, Київ, Київська(|)
{"#",47e6dd42-cd5c-4e3a-9bc4-14816ed53d38,66:a79d001517d39cec11e8131ef5dceee6}(|){"#",a2b5aac2-33a7-41ec-878c-7dd928ac85cf,184:a79d001517d39cec11e8131f50e6596d}(|)Авторинок Жуляни, Київ, Київська(|)
{"#",47e6dd42-cd5c-4e3a-9bc4-14816ed53d38,66:a79d001517d39cec11e81625a87b9eb9}(|){"#",a2b5aac2-33a7-41ec-878c-7dd928ac85cf,184:a79d001517d39cec11e816267c22a054}(|)Кривий Ріг, Дніпропетровська, вул.Колачевського Сергія, 4(|)
{"#",47e6dd42-cd5c-4e3a-9bc4-14816ed53d38,66:a79d001517d39cec11e816274dea6946}(|){"#",a2b5aac2-33a7-41ec-878c-7dd928ac85cf,184:a79d001517d39cec11e81627bd677fd4}(|)Городище (Черкаська обл.), Черкаська, вул.Героїв Чорнобиля, 42(|)
{"#",47e6dd42-cd5c-4e3a-9bc4-14816ed53d38,66:a79d001517d39cec11e8164c2986c9a9}(|){"#",a2b5aac2-33a7-41ec-878c-7dd928ac85cf,184:a79d001517d39cec11e8164cd0159100}(|)Чигирин, Черкаська, вул.Черкаська, 10-А(|)
{"#",47e6dd42-cd5c-4e3a-9bc4-14816ed53d38,66:a79d001517d39cec11e8164e10995206}(|){"#",a2b5aac2-33a7-41ec-878c-7dd928ac85cf,184:a79d001517d39cec11e8164e57579880}(|)Київ, Київська, вул.Зодчих, 5-А(|)
{"#",47e6dd42-cd5c-4e3a-9bc4-14816ed53d38,66:a82d9237004ca46211eb15234c24b53a}(|){"#",a2b5aac2-33a7-41ec-878c-7dd928ac85cf,184:a82d9237004ca46211eb1523bf738f59}(|)Млинів, Рівненська, вул.Кірова, 33-А(|)
{"#",47e6dd42-cd5c-4e3a-9bc4-14816ed53d38,66:a82d9237004ca46211eb15359787f123}(|){"#",a2b5aac2-33a7-41ec-878c-7dd928ac85cf,184:a82d9237004ca46211eb15378008da5b}(|)Колодне (Закарпатська обл.), Закарпатська, вул.Суворова, 1-А(|)
{"#",47e6dd42-cd5c-4e3a-9bc4-14816ed53d38,66:ae9a001517d39cec11e3fca1f470f6ef}(|){"#",a2b5aac2-33a7-41ec-878c-7dd928ac85cf,184:a8b5001517d39cec11e79f705d94e1e2}(|)Чернігів, Чернігівська, вул.Гагаріна, 13-Б(|)
{"#",47e6dd42-cd5c-4e3a-9bc4-14816ed53d38,66:aa8e0025909438d711e816e816600151}(|){"#",a2b5aac2-33a7-41ec-878c-7dd928ac85cf,184:aa8e0025909438d711e816e87a888745}(|)Авторинок Успех, Одеса, Одеська(|)
{"#",47e6dd42-cd5c-4e3a-9bc4-14816ed53d38,66:aa8e0025909438d711e816e8d2cf9945}(|){"#",a2b5aac2-33a7-41ec-878c-7dd928ac85cf,184:aa8e0025909438d711e816e93434d192}(|)Одеська обл., м.Яски, вул.Центральна, будинок № 82-А(|)
{"#",47e6dd42-cd5c-4e3a-9bc4-14816ed53d38,66:aa8e0025909438d711e816fd89f06e89}(|){"#",a2b5aac2-33a7-41ec-878c-7dd928ac85cf,184:aa8e0025909438d711e816fdd3afb94a}(|)Авторинок Жуляни, Київ, Київська(|)
{"#",47e6dd42-cd5c-4e3a-9bc4-14816ed53d38,66:aa8e0025909438d711e816fdf6f2a22b}(|){"#",a2b5aac2-33a7-41ec-878c-7dd928ac85cf,184:aa8e0025909438d711e816ffe75ead1c}(|)Авторинок Жуляни, Київ, Київська(|)
{"#",47e6dd42-cd5c-4e3a-9bc4-14816ed53d38,66:aa8e0025909438d711e817000c4ade59}(|){"#",a2b5aac2-33a7-41ec-878c-7dd928ac85cf,184:aa8e0025909438d711e8170065e9d53b}(|)Авторинок Жуляни, Київ, Київська(|)
{"#",47e6dd42-cd5c-4e3a-9bc4-14816ed53d38,66:aa8e0025909438d711e81700cf2ea8fd}(|){"#",a2b5aac2-33a7-41ec-878c-7dd928ac85cf,184:aa8e0025909438d711e8170159727d0c}(|)Фастів, Київська, вул.Брандта, 5(|)
{"#",47e6dd42-cd5c-4e3a-9bc4-14816ed53d38,66:aa8e0025909438d711e81701adbfe2b0}(|){"#",a2b5aac2-33a7-41ec-878c-7dd928ac85cf,184:aa8e0025909438d711e81701ec31f073}(|)Авторинок Жуляни, Київ, Київська(|)
{"#",47e6dd42-cd5c-4e3a-9bc4-14816ed53d38,66:aa8e0025909438d711e81712e55e222b}(|){"#",a2b5aac2-33a7-41ec-878c-7dd928ac85cf,184:aa8e0025909438d711e817135173bc35}(|)Шишаки, Полтавська, вул.Осьмака Кирила, 67-А(|)
{"#",47e6dd42-cd5c-4e3a-9bc4-14816ed53d38,66:aa8e0025909438d711e817c838a6e654}(|){"#",a2b5aac2-33a7-41ec-878c-7dd928ac85cf,184:aa8e0025909438d711e817c8ba255773}(|)Київ, Київська, с.Софіївська Борщагівка, 96-А(|)
{"#",47e6dd42-cd5c-4e3a-9bc4-14816ed53d38,66:aa8e0025909438d711e817e87006ac1c}(|){"#",a2b5aac2-33a7-41ec-878c-7dd928ac85cf,184:aa8e0025909438d711e817e909e534cf}(|)Вишневе, Київська, вул.Київська, 58(|)
{"#",47e6dd42-cd5c-4e3a-9bc4-14816ed53d38,66:aa8e0025909438d711e81aca84528bea}(|){"#",a2b5aac2-33a7-41ec-878c-7dd928ac85cf,184:aa8e0025909438d711e81acae88aafde}(|)Семенівка(Полт.обл., Семенів.р-н), Полтавська, вул.Незалежності (Леніна), 42(|)
{"#",47e6dd42-cd5c-4e3a-9bc4-14816ed53d38,66:aa8e0025909438d711e81acb0efdd1ee}(|){"#",a2b5aac2-33a7-41ec-878c-7dd928ac85cf,184:aa8e0025909438d711e81acd136f87bd}(|)Семенівка(Полт.обл., Семенів.р-н), Полтавська, вул.Незалежності (Леніна), 26(|)
{"#",47e6dd42-cd5c-4e3a-9bc4-14816ed53d38,66:aa8e0025909438d711e81aceb25884c0}(|){"#",a2b5aac2-33a7-41ec-878c-7dd928ac85cf,184:aa8e0025909438d711e81acfcc681a93}(|)Суми, Сумська, вул.Білопільський Шлях, 21(|)
{"#",47e6dd42-cd5c-4e3a-9bc4-14816ed53d38,66:aa8e0025909438d711e81b9c95f189bb}(|){"#",a2b5aac2-33a7-41ec-878c-7dd928ac85cf,184:aa8e0025909438d711e81b9cf72beb5a}(|)Вигода (Одеська обл), Одеська, вул.Вінявського, 3(|)
{"#",47e6dd42-cd5c-4e3a-9bc4-14816ed53d38,66:aa8e0025909438d711e81c7624ce8d12}(|){"#",a2b5aac2-33a7-41ec-878c-7dd928ac85cf,184:aa8e0025909438d711e81c7773d3cf12}(|)Київ, Київська, вул.Ужвій Наталії, 9(|)
{"#",47e6dd42-cd5c-4e3a-9bc4-14816ed53d38,66:aa8e0025909438d711e81c7eaff7b80c}(|){"#",a2b5aac2-33a7-41ec-878c-7dd928ac85cf,184:aa8e0025909438d711e81c7f5731beca}(|)Білгород-Дністровський, Одеська, вул.Бессарабська, 1(|)
{"#",47e6dd42-cd5c-4e3a-9bc4-14816ed53d38,66:aa8e0025909438d711e81d4a1bdad8ad}(|){"#",a2b5aac2-33a7-41ec-878c-7dd928ac85cf,184:aa8e0025909438d711e81d4a814451ac}(|)Золотоноша, Черкаська, вул.Шевченка, 98-В(|)
{"#",47e6dd42-cd5c-4e3a-9bc4-14816ed53d38,66:aa8e0025909438d711e81d4ac0bfdb7d}(|){"#",a2b5aac2-33a7-41ec-878c-7dd928ac85cf,184:aa8e0025909438d711e81d4b25629a12}(|)Золотоноша, Черкаська, вул.Шевченка, 63/210(|)
{"#",47e6dd42-cd5c-4e3a-9bc4-14816ed53d38,66:aa8e0025909438d711e81d4b58a35846}(|){"#",a2b5aac2-33a7-41ec-878c-7dd928ac85cf,184:aa8e0025909438d711e81d4bbda7ff30}(|)Авторинок Автобазар (Комсомольский), Миколаїв, Миколаївська(|)
{"#",47e6dd42-cd5c-4e3a-9bc4-14816ed53d38,66:aa8e0025909438d711e8211bbd0a056f}(|){"#",a2b5aac2-33a7-41ec-878c-7dd928ac85cf,184:aa8e0025909438d711e8211c8c09889c}(|)Вишгород, Київська, вул.Шолуденка, 14(|)
{"#",47e6dd42-cd5c-4e3a-9bc4-14816ed53d38,66:aa8e0025909438d711e826a13a4c68a1}(|){"#",a2b5aac2-33a7-41ec-878c-7dd928ac85cf,184:aa8e0025909438d711e826a1978df830}(|)Авторинок Ярославський, Черкаси, Черкаська(|)
{"#",47e6dd42-cd5c-4e3a-9bc4-14816ed53d38,66:aa8e0025909438d711e826c35d35b945}(|){"#",a2b5aac2-33a7-41ec-878c-7dd928ac85cf,184:aa8e0025909438d711e826c48c44f163}(|)Суми, Сумська, вул.Сірка Івана (Коротченка Дем'яна), 19/2(|)
{"#",47e6dd42-cd5c-4e3a-9bc4-14816ed53d38,66:aa8e0025909438d711e829174d7478fd}(|){"#",a2b5aac2-33a7-41ec-878c-7dd928ac85cf,184:aa8e0025909438d711e82917bbcf0930}(|)Глобине, Полтавська, вул.Володимирівська (Маркса Карла), 51(|)
{"#",47e6dd42-cd5c-4e3a-9bc4-14816ed53d38,66:aa8e0025909438d711e82917dd1de9f3}(|){"#",a2b5aac2-33a7-41ec-878c-7dd928ac85cf,184:aa8e0025909438d711e82918210adb0c}(|)Глобине, Полтавська, вул.Володимирівська (Маркса Карла), 53(|)
{"#",47e6dd42-cd5c-4e3a-9bc4-14816ed53d38,66:aa8e0025909438d711e82b74d2ff2700}(|){"#",a2b5aac2-33a7-41ec-878c-7dd928ac85cf,184:aa8e0025909438d711e82b75d1ae8376}(|)Авторинок Ринок, Самбір, Львівська(|)
{"#",47e6dd42-cd5c-4e3a-9bc4-14816ed53d38,66:aa8e0025909438d711e82b851b886519}(|){"#",a2b5aac2-33a7-41ec-878c-7dd928ac85cf,184:aa8e0025909438d711e82b857d8d3e1e}(|)Авторинок Центральний, Винники, Львівська(|)
{"#",47e6dd42-cd5c-4e3a-9bc4-14816ed53d38,66:aa8e0025909438d711e82c13ce6ba429}(|){"#",a2b5aac2-33a7-41ec-878c-7dd928ac85cf,184:aa8e0025909438d711e82c148706acce}(|)Шпола, Черкаська, вул.Лозуватська, 152(|)
{"#",47e6dd42-cd5c-4e3a-9bc4-14816ed53d38,66:aa8e0025909438d711e82c216e692e05}(|){"#",a2b5aac2-33a7-41ec-878c-7dd928ac85cf,184:aa8e0025909438d711e82c21e7c41966}(|)Золотоноша, Черкаська, вул.Новоселівська, 12(|)
{"#",47e6dd42-cd5c-4e3a-9bc4-14816ed53d38,66:aa8e0025909438d711e82c292097187b}(|){"#",a2b5aac2-33a7-41ec-878c-7dd928ac85cf,184:aa8e0025909438d711e82c2aa280fb29}(|)Миколаїв, Миколаївська, вул.Троїцька (Кірова Інгульський р-н)), 240(|)
{"#",47e6dd42-cd5c-4e3a-9bc4-14816ed53d38,66:aa8e0025909438d711e82c3a0ebd588a}(|){"#",a2b5aac2-33a7-41ec-878c-7dd928ac85cf,184:aa8e0025909438d711e82c3a74312f99}(|)Авторинок Корольова, Черкаси, Черкаська(|)
{"#",47e6dd42-cd5c-4e3a-9bc4-14816ed53d38,66:aa8e0025909438d711e82c413339cad2}(|){"#",a2b5aac2-33a7-41ec-878c-7dd928ac85cf,184:aa8e0025909438d711e82c440115f82d}(|)Каховка, Херсонська, вул.Пушкіна, 184-А(|)
{"#",47e6dd42-cd5c-4e3a-9bc4-14816ed53d38,66:aa8e0025909438d711e82c46474a66af}(|){"#",a2b5aac2-33a7-41ec-878c-7dd928ac85cf,184:aa8e0025909438d711e82c46add09475}(|)Авторинок Ярославський, Черкаси, Черкаська(|)
{"#",47e6dd42-cd5c-4e3a-9bc4-14816ed53d38,66:ae9a001517d39cec11e3fca2e96a967d}(|){"#",a2b5aac2-33a7-41ec-878c-7dd928ac85cf,184:aa8e0025909438d711e82cec72ce06c7}(|)Київ, Київська, вул.Малинська, 1(|)
{"#",47e6dd42-cd5c-4e3a-9bc4-14816ed53d38,66:aa8e0025909438d711e82d0fcdd15bdf}(|){"#",a2b5aac2-33a7-41ec-878c-7dd928ac85cf,184:aa8e0025909438d711e82d116982645c}(|)Авторинок 5-й км, Херсон, Херсонська(|)
{"#",47e6dd42-cd5c-4e3a-9bc4-14816ed53d38,66:aa8e0025909438d711e82dd104c73d89}(|){"#",a2b5aac2-33a7-41ec-878c-7dd928ac85cf,184:aa8e0025909438d711e82dd1da7acba9}(|)Чернігів, Чернігівська, вул.Квітнева, 23-Г(|)
{"#",47e6dd42-cd5c-4e3a-9bc4-14816ed53d38,66:aa8e0025909438d711e830f6f9ea8f7c}(|){"#",a2b5aac2-33a7-41ec-878c-7dd928ac85cf,184:aa8e0025909438d711e830f764872106}(|)Червоноград (Львівська обл.), Львівська, вул.Хмельницького Богдана, 63(|)
{"#",47e6dd42-cd5c-4e3a-9bc4-14816ed53d38,66:92f7001517d39cec11e71defdc6f6d6e}(|){"#",a2b5aac2-33a7-41ec-878c-7dd928ac85cf,184:aa8e0025909438d711e83105cef4fc8f}(|)Київ, Київська, вул.Кадетський Гай, 11(|)
{"#",47e6dd42-cd5c-4e3a-9bc4-14816ed53d38,66:aa8e0025909438d711e8318e4b76c1ae}(|){"#",a2b5aac2-33a7-41ec-878c-7dd928ac85cf,184:aa8e0025909438d711e8318ec3f392eb}(|)Шпола, Черкаська, вул.Червоноармійська, 66-В(|)
{"#",47e6dd42-cd5c-4e3a-9bc4-14816ed53d38,66:aa8e0025909438d711e8328284b96e3d}(|){"#",a2b5aac2-33a7-41ec-878c-7dd928ac85cf,184:aa8e0025909438d711e83282d62fd1bd}(|)Авторинок Центральний, Дніпро, Дніпропетровська(|)
{"#",47e6dd42-cd5c-4e3a-9bc4-14816ed53d38,66:aa8e0025909438d711e8333938bf9faa}(|){"#",a2b5aac2-33a7-41ec-878c-7dd928ac85cf,184:aa8e0025909438d711e83339906512bd}(|)Обухів, Київська, вул.Промислова, 1-А(|)
{"#",47e6dd42-cd5c-4e3a-9bc4-14816ed53d38,66:aa8e0025909438d711e83353c7468fdc}(|){"#",a2b5aac2-33a7-41ec-878c-7dd928ac85cf,184:aa8e0025909438d711e83354c5d78e01}(|)Канів, Черкаська, вул.Енергетиків, 20(|)
{"#",47e6dd42-cd5c-4e3a-9bc4-14816ed53d38,66:aa8e0025909438d711e83413767a8161}(|){"#",a2b5aac2-33a7-41ec-878c-7dd928ac85cf,184:aa8e0025909438d711e8341529118c47}(|)Бориспіль, Київська, вул.Головатого, 1(|)
{"#",47e6dd42-cd5c-4e3a-9bc4-14816ed53d38,66:aa8e0025909438d711e83668192758ae}(|){"#",a2b5aac2-33a7-41ec-878c-7dd928ac85cf,184:aa8e0025909438d711e8366879398eb8}(|)Радехів, Львівська, просп.Відродження, 1(|)
{"#",47e6dd42-cd5c-4e3a-9bc4-14816ed53d38,66:aa8e0025909438d711e837456dd48038}(|){"#",a2b5aac2-33a7-41ec-878c-7dd928ac85cf,184:aa8e0025909438d711e83745c698afd7}(|)Золотоноша, Черкаська, вул.Новоселівська, 2-А(|)
{"#",47e6dd42-cd5c-4e3a-9bc4-14816ed53d38,66:aa8e0025909438d711e8380c9a8807f0}(|){"#",a2b5aac2-33a7-41ec-878c-7dd928ac85cf,184:aa8e0025909438d711e8380d00c402ae}(|)Хорол, Полтавська, вул.Героїв Небесної Сотні (Леніна), 40(|)
{"#",47e6dd42-cd5c-4e3a-9bc4-14816ed53d38,66:aa8e0025909438d711e8380e5c0b1542}(|){"#",a2b5aac2-33a7-41ec-878c-7dd928ac85cf,184:aa8e0025909438d711e8380ee7fd7f10}(|)Полтава, Полтавська, вул.Панянка, 75-А(|)
{"#",47e6dd42-cd5c-4e3a-9bc4-14816ed53d38,66:ae9a001517d39cec11e3fca08c2d8189}(|){"#",a2b5aac2-33a7-41ec-878c-7dd928ac85cf,184:aa8e0025909438d711e838e5abfe3d66}(|)Погреби, Київська, вул.Єдності, 88(|)
{"#",47e6dd42-cd5c-4e3a-9bc4-14816ed53d38,66:aa8e0025909438d711e83c9783b3d39f}(|){"#",a2b5aac2-33a7-41ec-878c-7dd928ac85cf,184:aa8e0025909438d711e83c97de11ec38}(|)Авторинок Автобазар, Хмельницький, Хмельницька(|)
{"#",47e6dd42-cd5c-4e3a-9bc4-14816ed53d38,66:aa8e0025909438d711e83c9978af12f0}(|){"#",a2b5aac2-33a7-41ec-878c-7dd928ac85cf,184:aa8e0025909438d711e83c99d3867c93}(|)Авторинок Ярославський, Черкаси, Черкаська(|)
{"#",47e6dd42-cd5c-4e3a-9bc4-14816ed53d38,66:aa8e0025909438d711e83d68c3234829}(|){"#",a2b5aac2-33a7-41ec-878c-7dd928ac85cf,184:aa8e0025909438d711e83d68fe94dceb}(|)Дніпро, Дніпропетровська, вул.Усенка, 5(|)
{"#",47e6dd42-cd5c-4e3a-9bc4-14816ed53d38,66:aa8e0025909438d711e83d86fd027899}(|){"#",a2b5aac2-33a7-41ec-878c-7dd928ac85cf,184:aa8e0025909438d711e83d87604b133d}(|)Авторинок Куяльник (Яма), Одеса, Одеська(|)
{"#",47e6dd42-cd5c-4e3a-9bc4-14816ed53d38,66:aa8e0025909438d711e83d8bbd90e7c8}(|){"#",a2b5aac2-33a7-41ec-878c-7dd928ac85cf,184:aa8e0025909438d711e83d8c2a6519f0}(|)Глобине, Полтавська, вул.Центральна (Леніна), 255(|)
{"#",47e6dd42-cd5c-4e3a-9bc4-14816ed53d38,66:aa8e0025909438d711e83ef5ab829d9e}(|){"#",a2b5aac2-33a7-41ec-878c-7dd928ac85cf,184:aa8e0025909438d711e83ef63c92faa9}(|)Авторинок Лоск, Харків, Харківська(|)
{"#",47e6dd42-cd5c-4e3a-9bc4-14816ed53d38,66:aa8e0025909438d711e8416c5707777b}(|){"#",a2b5aac2-33a7-41ec-878c-7dd928ac85cf,184:aa8e0025909438d711e8416cb60869c2}(|)Авторинок Зелене Коло, Львів, Львівська(|)
{"#",47e6dd42-cd5c-4e3a-9bc4-14816ed53d38,66:aa8e0025909438d711e842dc76c7e5aa}(|){"#",a2b5aac2-33a7-41ec-878c-7dd928ac85cf,184:aa8e0025909438d711e842dcf8d39b7b}(|)Золочів (Львівська обл.), Львівська, вул.Тернопільська, 7(|)
{"#",47e6dd42-cd5c-4e3a-9bc4-14816ed53d38,66:aa8e0025909438d711e842e71329259f}(|){"#",a2b5aac2-33a7-41ec-878c-7dd928ac85cf,184:aa8e0025909438d711e842e78d36ef57}(|)Червоноград (Львівська обл.), Львівська, вул.Хмельницького Богдана, 63(|)
{"#",47e6dd42-cd5c-4e3a-9bc4-14816ed53d38,66:aa8e0025909438d711e842fb060bb111}(|){"#",a2b5aac2-33a7-41ec-878c-7dd928ac85cf,184:aa8e0025909438d711e842fd043428cd}(|)Київ, Київська, вул.Сортувальна, 22(|)
{"#",47e6dd42-cd5c-4e3a-9bc4-14816ed53d38,66:aa8f0025909438d711e843b93bc24812}(|){"#",a2b5aac2-33a7-41ec-878c-7dd928ac85cf,184:aa8f0025909438d711e843b9adf418bb}(|)Рогатин, Івано-Франківська, вул.Галицька, 52-Б(|)
{"#",47e6dd42-cd5c-4e3a-9bc4-14816ed53d38,66:ae9a001517d39cec11e3fca26edab3e5}(|){"#",a2b5aac2-33a7-41ec-878c-7dd928ac85cf,184:aa8f0025909438d711e843b9adf418bb}(|)Рогатин, Івано-Франківська, вул.Галицька, 52-Б(|)
{"#",47e6dd42-cd5c-4e3a-9bc4-14816ed53d38,66:aa8f0025909438d711e843b9ffa86184}(|){"#",a2b5aac2-33a7-41ec-878c-7dd928ac85cf,184:aa8f0025909438d711e843ba4b622ccb}(|)Авторинок Центральний, Буськ, Львівська(|)
{"#",47e6dd42-cd5c-4e3a-9bc4-14816ed53d38,66:aa8f0025909438d711e846dd335e242c}(|){"#",a2b5aac2-33a7-41ec-878c-7dd928ac85cf,184:aa8f0025909438d711e846de495b70e9}(|)Диканька, Полтавська, вул.Незалежності, 90(|)
{"#",47e6dd42-cd5c-4e3a-9bc4-14816ed53d38,66:aa8f0025909438d711e846e8643ad3a7}(|){"#",a2b5aac2-33a7-41ec-878c-7dd928ac85cf,184:aa8f0025909438d711e846e8c42598fe}(|)Новиця, Івано-Франківська, вул.Незалежності, 7(|)
{"#",47e6dd42-cd5c-4e3a-9bc4-14816ed53d38,66:ae9a001517d39cec11e3fca2be3b1e45}(|){"#",a2b5aac2-33a7-41ec-878c-7dd928ac85cf,184:aa8f0025909438d711e846ea139309fe}(|)Дніпро, Дніпропетровська, вул.Магаданська, 161(|)
{"#",47e6dd42-cd5c-4e3a-9bc4-14816ed53d38,66:aa8f0025909438d711e846f0326e8efa}(|){"#",a2b5aac2-33a7-41ec-878c-7dd928ac85cf,184:aa8f0025909438d711e846f09221b440}(|)Кам'янка-Бузька, Львівська, вул.Львівська, 25(|)
{"#",47e6dd42-cd5c-4e3a-9bc4-14816ed53d38,66:aa8f0025909438d711e846f6192077ee}(|){"#",a2b5aac2-33a7-41ec-878c-7dd928ac85cf,184:aa8f0025909438d711e846f66e80cc8d}(|)Городок(Львівська обл.), Львівська, вул.Валова, 1(|)
{"#",47e6dd42-cd5c-4e3a-9bc4-14816ed53d38,66:aa8f0025909438d711e847a72284b3ac}(|){"#",a2b5aac2-33a7-41ec-878c-7dd928ac85cf,184:aa8f0025909438d711e847a7752fde03}(|)Золотоноша, Черкаська, вул.Шевченка, 137(|)
{"#",47e6dd42-cd5c-4e3a-9bc4-14816ed53d38,66:aa8f0025909438d711e847a7befcc9b7}(|){"#",a2b5aac2-33a7-41ec-878c-7dd928ac85cf,184:aa8f0025909438d711e847a81fad5e79}(|)Корсунь-Шевченківський, Черкаська, вул.Мудрого Ярослава (Леніна), 144(|)
{"#",47e6dd42-cd5c-4e3a-9bc4-14816ed53d38,66:aa8f0025909438d711e847b1fce33f5f}(|){"#",a2b5aac2-33a7-41ec-878c-7dd928ac85cf,184:aa8f0025909438d711e847b2f032dc97}(|)Київ, Київська, шосеХарківське, 128(|)
{"#",47e6dd42-cd5c-4e3a-9bc4-14816ed53d38,66:aa8f0025909438d711e847c677d6aa9c}(|){"#",a2b5aac2-33a7-41ec-878c-7dd928ac85cf,184:aa8f0025909438d711e847c6fc85ee97}(|)Київ, Київська, вул.Волинська, 55(|)
{"#",47e6dd42-cd5c-4e3a-9bc4-14816ed53d38,66:aa930025909438d611e9806c7ad4562d}(|){"#",a2b5aac2-33a7-41ec-878c-7dd928ac85cf,184:aa8f0025909438d711e849eb79560aa7}(|)Авторинок Москвич, Одеса, Одеська(|)
{"#",47e6dd42-cd5c-4e3a-9bc4-14816ed53d38,66:ae9a001517d39cec11e3fca1126fed94}(|){"#",a2b5aac2-33a7-41ec-878c-7dd928ac85cf,184:aa8f0025909438d711e849eb79560aa7}(|)Авторинок Москвич, Одеса, Одеська(|)
{"#",47e6dd42-cd5c-4e3a-9bc4-14816ed53d38,66:aa8f0025909438d711e849f56a5fb4cb}(|){"#",a2b5aac2-33a7-41ec-878c-7dd928ac85cf,184:aa8f0025909438d711e849f5cb0cada7}(|)Київ, Київська, вул.Волинська, 65(|)
{"#",47e6dd42-cd5c-4e3a-9bc4-14816ed53d38,66:aa8f0025909438d711e849f65aa33174}(|){"#",a2b5aac2-33a7-41ec-878c-7dd928ac85cf,184:aa8f0025909438d711e849f73956d445}(|)Буринь, Сумська, вул.Першотравнева, 1(|)
{"#",47e6dd42-cd5c-4e3a-9bc4-14816ed53d38,66:aa8f0025909438d711e849ff4a255a1d}(|){"#",a2b5aac2-33a7-41ec-878c-7dd928ac85cf,184:aa8f0025909438d711e849fffdee3431}(|)Глухів (Сумська обл.), Сумська, вул.Есманський шлях, 29(|)
{"#",47e6dd42-cd5c-4e3a-9bc4-14816ed53d38,66:aa8f0025909438d711e84c5868101bbc}(|){"#",a2b5aac2-33a7-41ec-878c-7dd928ac85cf,184:aa8f0025909438d711e84c58b94465f4}(|)Київ, Київська, вул.Медова, 5-Б(|)
{"#",47e6dd42-cd5c-4e3a-9bc4-14816ed53d38,66:aa8f0025909438d711e84c58e300bf5f}(|){"#",a2b5aac2-33a7-41ec-878c-7dd928ac85cf,184:aa8f0025909438d711e84c59601e5f7e}(|)Київ, Київська, вул.Народного Ополчення, 18-Б(|)
{"#",47e6dd42-cd5c-4e3a-9bc4-14816ed53d38,66:aa8f0025909438d711e84c59e3d0c4b1}(|){"#",a2b5aac2-33a7-41ec-878c-7dd928ac85cf,184:aa8f0025909438d711e84c5a2998588d}(|)Київ, Київська, вул.Волинська, 66-А(|)
{"#",47e6dd42-cd5c-4e3a-9bc4-14816ed53d38,66:aa8f0025909438d711e84c5a74d750bb}(|){"#",a2b5aac2-33a7-41ec-878c-7dd928ac85cf,184:aa8f0025909438d711e84c5b0c48d70d}(|)Новомосковськ, Дніпропетровська, вул.Спаська, 7(|)
{"#",47e6dd42-cd5c-4e3a-9bc4-14816ed53d38,66:aa8f0025909438d711e84c671cb1973b}(|){"#",a2b5aac2-33a7-41ec-878c-7dd928ac85cf,184:aa8f0025909438d711e84c6781421f6a}(|)Броди, Львівська, вул.Гончарська, 9(|)
{"#",47e6dd42-cd5c-4e3a-9bc4-14816ed53d38,66:aa8f0025909438d711e84c67c203fbee}(|){"#",a2b5aac2-33a7-41ec-878c-7dd928ac85cf,184:aa8f0025909438d711e84c682615fe12}(|)Сокаль, Львівська, вул.Львівська, 2-А(|)
{"#",47e6dd42-cd5c-4e3a-9bc4-14816ed53d38,66:aa8f0025909438d711e84c74334aa683}(|){"#",a2b5aac2-33a7-41ec-878c-7dd928ac85cf,184:aa8f0025909438d711e84c74ba403ffe}(|)Авторинок Автобазар, Перемишляни, Львівська(|)
{"#",47e6dd42-cd5c-4e3a-9bc4-14816ed53d38,66:aa8f0025909438d711e84c7adfbe8ec5}(|){"#",a2b5aac2-33a7-41ec-878c-7dd928ac85cf,184:aa8f0025909438d711e84c7b3c2f83fb}(|)Київ, Київська, вул.Волинська, 57(|)
{"#",47e6dd42-cd5c-4e3a-9bc4-14816ed53d38,66:aa8f0025909438d711e84c7c99f6adcb}(|){"#",a2b5aac2-33a7-41ec-878c-7dd928ac85cf,184:aa8f0025909438d711e84d15f2223736}(|)Київ, Київська, вул.Волинська, 64(|)
{"#",47e6dd42-cd5c-4e3a-9bc4-14816ed53d38,66:aa8f0025909438d711e84d1fe609be97}(|){"#",a2b5aac2-33a7-41ec-878c-7dd928ac85cf,184:aa8f0025909438d711e84d203823fcbb}(|)Київ, Київська, дорогаКільцева, 5-Б(|)
{"#",47e6dd42-cd5c-4e3a-9bc4-14816ed53d38,66:aa8f0025909438d711e84d42cdcda818}(|){"#",a2b5aac2-33a7-41ec-878c-7dd928ac85cf,184:aa8f0025909438d711e84d439515f69c}(|)Вишневе, Київська, вул.Київська, 10(|)
{"#",47e6dd42-cd5c-4e3a-9bc4-14816ed53d38,66:aa8f0025909438d711e84e371f6e4c36}(|){"#",a2b5aac2-33a7-41ec-878c-7dd928ac85cf,184:aa8f0025909438d711e84e380c10cab6}(|)Київ, Київська, с.Софіївська Борщагівка, 20(|)
{"#",47e6dd42-cd5c-4e3a-9bc4-14816ed53d38,66:aa8f0025909438d711e84edd2f1bbdd6}(|){"#",a2b5aac2-33a7-41ec-878c-7dd928ac85cf,184:aa8f0025909438d711e84edd6dbfba80}(|)Київ, Київська, вул.Кіото, 27(|)
{"#",47e6dd42-cd5c-4e3a-9bc4-14816ed53d38,66:ae9a001517d39cec11e3fca0fa0497cb}(|){"#",a2b5aac2-33a7-41ec-878c-7dd928ac85cf,184:aa8f0025909438d711e84f9fd484b97e}(|)Київ, Київська, с.Софіївська Борщагівка, 9(|)
{"#",47e6dd42-cd5c-4e3a-9bc4-14816ed53d38,66:aa8f0025909438d711e84fa03e883eda}(|){"#",a2b5aac2-33a7-41ec-878c-7dd928ac85cf,184:aa8f0025909438d711e84fa0e1a28792}(|)Кам'янське(Дніпропетровська обл), Дніпропетровська, просп.Аношкіна, 8(|)
{"#",47e6dd42-cd5c-4e3a-9bc4-14816ed53d38,66:aa8f0025909438d711e84fa14d7f815a}(|){"#",a2b5aac2-33a7-41ec-878c-7dd928ac85cf,184:aa8f0025909438d711e84fa687263745}(|)Кам'янське(Дніпропетровська обл), Дніпропетровська, вул.Будівельників, 29(|)
{"#",47e6dd42-cd5c-4e3a-9bc4-14816ed53d38,66:aa8f0025909438d711e84fa7fb184364}(|){"#",a2b5aac2-33a7-41ec-878c-7dd928ac85cf,184:aa8f0025909438d711e84fa83d671f55}(|)Київ, Київська, вул.Волинська, 57(|)
{"#",47e6dd42-cd5c-4e3a-9bc4-14816ed53d38,66:aa8f0025909438d711e84fa8f19934ad}(|){"#",a2b5aac2-33a7-41ec-878c-7dd928ac85cf,184:aa8f0025909438d711e84fa950a0f3a2}(|)Петриківка, Дніпропетровська, вул.Леніна, 40(|)
{"#",47e6dd42-cd5c-4e3a-9bc4-14816ed53d38,66:aa8f0025909438d711e84fa9adc45003}(|){"#",a2b5aac2-33a7-41ec-878c-7dd928ac85cf,184:aa8f0025909438d711e84faa18ab0c7e}(|)Авторинок Бам, Новий Розділ, Львівська(|)
{"#",47e6dd42-cd5c-4e3a-9bc4-14816ed53d38,66:aa8f0025909438d711e851d97620463b}(|){"#",a2b5aac2-33a7-41ec-878c-7dd928ac85cf,184:aa8f0025909438d711e851da0b4e4ca8}(|)Суми, Сумська, вул.Балацького Олега (Котовського), 45(|)
{"#",47e6dd42-cd5c-4e3a-9bc4-14816ed53d38,66:aa8f0025909438d711e851db2da53675}(|){"#",a2b5aac2-33a7-41ec-878c-7dd928ac85cf,184:aa8f0025909438d711e851db86da0ca4}(|)Ходорів, Львівська, вул.Волошина, 1(|)
{"#",47e6dd42-cd5c-4e3a-9bc4-14816ed53d38,66:ae9a001517d39cec11e3fca08c2d8175}(|){"#",a2b5aac2-33a7-41ec-878c-7dd928ac85cf,184:aa8f0025909438d711e851e5e6e472bb}(|)Тернопіль, Тернопільська, вул.Об'їзна, 20(|)
{"#",47e6dd42-cd5c-4e3a-9bc4-14816ed53d38,66:aa8f0025909438d711e851f487f219ee}(|){"#",a2b5aac2-33a7-41ec-878c-7dd928ac85cf,184:aa8f0025909438d711e851f4f9cd54a2}(|)Авторинок Бам, Новий Розділ, Львівська(|)
{"#",47e6dd42-cd5c-4e3a-9bc4-14816ed53d38,66:aa8f0025909438d711e85297f5c75797}(|){"#",a2b5aac2-33a7-41ec-878c-7dd928ac85cf,184:aa8f0025909438d711e85298419cbec0}(|)Авторинок Клинівський, Чернівці, Чернівецька(|)
{"#",47e6dd42-cd5c-4e3a-9bc4-14816ed53d38,66:aa8f0025909438d711e852afc622f93b}(|){"#",a2b5aac2-33a7-41ec-878c-7dd928ac85cf,184:aa8f0025909438d711e852b038938bcc}(|)Авторинок На Зеленій, Черкаси, Черкаська(|)
{"#",47e6dd42-cd5c-4e3a-9bc4-14816ed53d38,66:aa8f0025909438d711e8537717d8278a}(|){"#",a2b5aac2-33a7-41ec-878c-7dd928ac85cf,184:aa8f0025909438d711e853787d5c10d5}(|)Вишневе, Київська, вул.Київська, 6-П(|)
{"#",47e6dd42-cd5c-4e3a-9bc4-14816ed53d38,66:aa8f0025909438d711e8542569f62093}(|){"#",a2b5aac2-33a7-41ec-878c-7dd928ac85cf,184:aa8f0025909438d711e8542636258671}(|)Боярка, Київська, вул.Магістральна, 1(|)
{"#",47e6dd42-cd5c-4e3a-9bc4-14816ed53d38,66:ae9a001517d39cec11e3fca15c114d03}(|){"#",a2b5aac2-33a7-41ec-878c-7dd928ac85cf,184:aa8f0025909438d711e854316fe24fda}(|)Обухів, Київська, вул.Київська, 62-А(|)
{"#",47e6dd42-cd5c-4e3a-9bc4-14816ed53d38,66:aa8f0025909438d711e85444488a6579}(|){"#",a2b5aac2-33a7-41ec-878c-7dd928ac85cf,184:aa8f0025909438d711e85444a762d131}(|)Лубни, Полтавська, вул.Метеорологічна, 37(|)
{"#",47e6dd42-cd5c-4e3a-9bc4-14816ed53d38,66:aa8f0025909438d711e8574c3b372ef4}(|){"#",a2b5aac2-33a7-41ec-878c-7dd928ac85cf,184:aa8f0025909438d711e8574cd5d14602}(|)Суми, Сумська, вул.Білопільський Шлях, 7(|)
{"#",47e6dd42-cd5c-4e3a-9bc4-14816ed53d38,66:aa8f0025909438d711e8574f9d9cc883}(|){"#",a2b5aac2-33a7-41ec-878c-7dd928ac85cf,184:aa8f0025909438d711e8574ff6047640}(|)Київ, Київська, дорогаКільцева, 5(|)
{"#",47e6dd42-cd5c-4e3a-9bc4-14816ed53d38,66:aa8f0025909438d711e857507533d7d1}(|){"#",a2b5aac2-33a7-41ec-878c-7dd928ac85cf,184:aa8f0025909438d711e8575120907ada}(|)Київ, Київська, дорогаКільцева, 10(|)
{"#",47e6dd42-cd5c-4e3a-9bc4-14816ed53d38,66:aa8f0025909438d711e85763bb4ad47a}(|){"#",a2b5aac2-33a7-41ec-878c-7dd928ac85cf,184:aa8f0025909438d711e8576425c43745}(|)Броди, Львівська, вул.Залізнична, 25(|)
{"#",47e6dd42-cd5c-4e3a-9bc4-14816ed53d38,66:aa8f0025909438d711e8576478072664}(|){"#",a2b5aac2-33a7-41ec-878c-7dd928ac85cf,184:aa8f0025909438d711e85764e7e9276f}(|)Вигода (Одеська обл), Одеська, вул.Піонерська, 22(|)
{"#",47e6dd42-cd5c-4e3a-9bc4-14816ed53d38,66:aa8f0025909438d711e8576d5a682b20}(|){"#",a2b5aac2-33a7-41ec-878c-7dd928ac85cf,184:aa8f0025909438d711e8576df925927e}(|)Київ, Київська, с.Софіївська Борщагівка, 11(|)
{"#",47e6dd42-cd5c-4e3a-9bc4-14816ed53d38,66:aa8f0025909438d711e8577c6161afa8}(|){"#",a2b5aac2-33a7-41ec-878c-7dd928ac85cf,184:aa8f0025909438d711e8577cca5593f3}(|)Борислав (Львівська обл.), Львівська, вул.Галицького Данила, 26(|)
{"#",47e6dd42-cd5c-4e3a-9bc4-14816ed53d38,66:9c80001517d39cec11e53a915f832ab0}(|){"#",a2b5aac2-33a7-41ec-878c-7dd928ac85cf,184:aa8f0025909438d711e8578225a3a769}(|)Бровари, Київська, вул.Броварської сотні (Чкалова), 13(|)
{"#",47e6dd42-cd5c-4e3a-9bc4-14816ed53d38,66:ae9a001517d39cec11e3fca2873ee29d}(|){"#",a2b5aac2-33a7-41ec-878c-7dd928ac85cf,184:aa8f0025909438d711e8578225a3a769}(|)Бровари, Київська, вул.Броварської сотні (Чкалова), 13(|)
{"#",47e6dd42-cd5c-4e3a-9bc4-14816ed53d38,66:aa8f0025909438d711e8583fa01733b6}(|){"#",a2b5aac2-33a7-41ec-878c-7dd928ac85cf,184:aa8f0025909438d711e858403d87cd5f}(|)Київ, Київська, вул.Народного Ополчення, 26-А(|)
{"#",47e6dd42-cd5c-4e3a-9bc4-14816ed53d38,66:aa8f0025909438d711e8584b48ea536f}(|){"#",a2b5aac2-33a7-41ec-878c-7dd928ac85cf,184:aa8f0025909438d711e8584bc0a4f373}(|)Київ, Київська, вул.Вільямса Академіка, 2-Г(|)
{"#",47e6dd42-cd5c-4e3a-9bc4-14816ed53d38,66:aa8f0025909438d711e8584c3f08d021}(|){"#",a2b5aac2-33a7-41ec-878c-7dd928ac85cf,184:aa8f0025909438d711e8584d2e6bb1df}(|)Першотравенськ (Дніпропетровська обл), Дніпропетровська, вул.Шкільна, 25(|)
{"#",47e6dd42-cd5c-4e3a-9bc4-14816ed53d38,66:aa8f0025909438d711e859a67bddd0a2}(|){"#",a2b5aac2-33a7-41ec-878c-7dd928ac85cf,184:aa8f0025909438d711e859a71ae9267f}(|)Київ, Київська, с.Софіївська Борщагівка, 141(|)
{"#",47e6dd42-cd5c-4e3a-9bc4-14816ed53d38,66:aa8f0025909438d711e85ccf89127941}(|){"#",a2b5aac2-33a7-41ec-878c-7dd928ac85cf,184:aa8f0025909438d711e85ccff30e6417}(|)Кривий Ріг, Дніпропетровська, вул.Мерецкова, 1-Б(|)
{"#",47e6dd42-cd5c-4e3a-9bc4-14816ed53d38,66:aa8f0025909438d711e85ce3f6cf5e1c}(|){"#",a2b5aac2-33a7-41ec-878c-7dd928ac85cf,184:aa8f0025909438d711e85ce45264e6d5}(|)Броди, Львівська, вул.Привокзальна, 2(|)
{"#",47e6dd42-cd5c-4e3a-9bc4-14816ed53d38,66:aa8f0025909438d711e85ce4b24493c6}(|){"#",a2b5aac2-33a7-41ec-878c-7dd928ac85cf,184:aa8f0025909438d711e85ce552a40e2c}(|)Золочів (Львівська обл.), Львівська, вул.Бродівська, 2-А(|)
{"#",47e6dd42-cd5c-4e3a-9bc4-14816ed53d38,66:ae9a001517d39cec11e3fca1e85585ea}(|){"#",a2b5aac2-33a7-41ec-878c-7dd928ac85cf,184:aa8f0025909438d711e85d8ab06bead0}(|)Недригайлів (Сумська обл.), Сумська, вул.Сумська (Леніна), 12(|)050-947-10-07
{"#",47e6dd42-cd5c-4e3a-9bc4-14816ed53d38,66:aa8f0025909438d711e85e61f8bc0ad5}(|){"#",a2b5aac2-33a7-41ec-878c-7dd928ac85cf,184:aa8f0025909438d711e85e628a8178e4}(|)Авторинок Успех, Одеса, Одеська(|)
{"#",47e6dd42-cd5c-4e3a-9bc4-14816ed53d38,66:aa8f0025909438d711e85e87df226b46}(|){"#",a2b5aac2-33a7-41ec-878c-7dd928ac85cf,184:aa8f0025909438d711e85e8838421b6a}(|)Київ, Київська, просп.Бажана Миколи, 16(|)
{"#",47e6dd42-cd5c-4e3a-9bc4-14816ed53d38,66:aa8f0025909438d711e85e8898f3da83}(|){"#",a2b5aac2-33a7-41ec-878c-7dd928ac85cf,184:aa8f0025909438d711e85e896a1c2255}(|)Авторинок Жуляни, Київ, Київська(|)
{"#",47e6dd42-cd5c-4e3a-9bc4-14816ed53d38,66:aa8f0025909438d711e86311ad2ad28d}(|){"#",a2b5aac2-33a7-41ec-878c-7dd928ac85cf,184:aa8f0025909438d711e86314991b9cf3}(|)Дніпро, Дніпропетровська, вул.Савченка Юрія, 96(|)
{"#",47e6dd42-cd5c-4e3a-9bc4-14816ed53d38,66:aa8f0025909438d711e863260fef4808}(|){"#",a2b5aac2-33a7-41ec-878c-7dd928ac85cf,184:aa8f0025909438d711e86314991b9cf3}(|)Дніпро, Дніпропетровська, вул.Савченка Юрія, 96(|)
{"#",47e6dd42-cd5c-4e3a-9bc4-14816ed53d38,66:aa8f0025909438d711e8633740427205}(|){"#",a2b5aac2-33a7-41ec-878c-7dd928ac85cf,184:aa8f0025909438d711e86337935ed918}(|)Полтава, Полтавська, вул.Європейська (Фрунзе), 107(|)
{"#",47e6dd42-cd5c-4e3a-9bc4-14816ed53d38,66:aa930025909438d611e94bdf4c1578cb}(|){"#",a2b5aac2-33a7-41ec-878c-7dd928ac85cf,184:aa8f0025909438d711e86337935ed918}(|)Полтава, Полтавська, вул.Європейська (Фрунзе), 107(|)
{"#",47e6dd42-cd5c-4e3a-9bc4-14816ed53d38,66:aa8f0025909438d711e863e90b63080d}(|){"#",a2b5aac2-33a7-41ec-878c-7dd928ac85cf,184:aa8f0025909438d711e863e99ad12f31}(|)Березань, Київська, вул.Колоска, 2(|)
{"#",47e6dd42-cd5c-4e3a-9bc4-14816ed53d38,66:aa8f0025909438d711e86592c5ae54b6}(|){"#",a2b5aac2-33a7-41ec-878c-7dd928ac85cf,184:aa8f0025909438d711e865a16e3c0708}(|)Запоріжжя, Запорізька, вул.Карпинського Академіка, 8/3(|)
{"#",47e6dd42-cd5c-4e3a-9bc4-14816ed53d38,66:aa8f0025909438d711e867d69c442dcf}(|){"#",a2b5aac2-33a7-41ec-878c-7dd928ac85cf,184:aa8f0025909438d711e867d71c15b82c}(|)Червоноград (Львівська обл.), Львівська, вул.Героїв Майдану, 16/7(|)
{"#",47e6dd42-cd5c-4e3a-9bc4-14816ed53d38,66:aa8f0025909438d711e86966d3bcafae}(|){"#",a2b5aac2-33a7-41ec-878c-7dd928ac85cf,184:aa8f0025909438d711e86967333fb841}(|)Самбір, Львівська, вул.Шевченка, 50/6(|)
{"#",47e6dd42-cd5c-4e3a-9bc4-14816ed53d38,66:ae9a001517d39cec11e3fca14fbca387}(|){"#",a2b5aac2-33a7-41ec-878c-7dd928ac85cf,184:aa8f0025909438d711e8697e69fe83ee}(|)вул.Семінарська (Ватутіна)буд № 44, м.Ізмаїл, Одеська обл.(|)
{"#",47e6dd42-cd5c-4e3a-9bc4-14816ed53d38,66:aa8f0025909438d711e86a4856d01218}(|){"#",a2b5aac2-33a7-41ec-878c-7dd928ac85cf,184:aa8f0025909438d711e86a48b8c2f4a1}(|)Обухів, Київська, вул.Київська, 166-А(|)
{"#",47e6dd42-cd5c-4e3a-9bc4-14816ed53d38,66:aa8f0025909438d711e86d4276f9d9bb}(|){"#",a2b5aac2-33a7-41ec-878c-7dd928ac85cf,184:aa8f0025909438d711e86d42cf04607d}(|)Авторинок Господарський Побутовий ринок (Шевченка), Львів, Львівська(|)
{"#",47e6dd42-cd5c-4e3a-9bc4-14816ed53d38,66:aa8f0025909438d711e86d6647975778}(|){"#",a2b5aac2-33a7-41ec-878c-7dd928ac85cf,184:aa8f0025909438d711e86d66afbc9663}(|)Великі Мости, Львівська, вул.Львівська, 80-А(|)
{"#",47e6dd42-cd5c-4e3a-9bc4-14816ed53d38,66:aa8f0025909438d711e86d82189817b0}(|){"#",a2b5aac2-33a7-41ec-878c-7dd928ac85cf,184:aa8f0025909438d711e86d827de534e3}(|)Великий Любінь, Львівська, вул.Львівська, 176-А(|)
{"#",47e6dd42-cd5c-4e3a-9bc4-14816ed53d38,66:aa8f0025909438d711e86d8823452c93}(|){"#",a2b5aac2-33a7-41ec-878c-7dd928ac85cf,184:aa8f0025909438d711e86d8861731a0c}(|)Коростишів, Житомирська, вул.Небаби Мартина, 22(|)
{"#",47e6dd42-cd5c-4e3a-9bc4-14816ed53d38,66:aa8f0025909438d711e86e0ce3d6d62b}(|){"#",a2b5aac2-33a7-41ec-878c-7dd928ac85cf,184:aa8f0025909438d711e86e0dced8c178}(|)Лебедин (Сумська обл.), Сумська, площаСоборна, 24(|)
{"#",47e6dd42-cd5c-4e3a-9bc4-14816ed53d38,66:aa8f0025909438d711e86e26e4662b0e}(|){"#",a2b5aac2-33a7-41ec-878c-7dd928ac85cf,184:aa8f0025909438d711e86e3487b71b54}(|)Катеринопіль, Черкаська, вул.Маркса Карла, 11(|)
{"#",47e6dd42-cd5c-4e3a-9bc4-14816ed53d38,66:aa8f0025909438d711e86e350022b2cf}(|){"#",a2b5aac2-33a7-41ec-878c-7dd928ac85cf,184:aa8f0025909438d711e86e357a4ce83b}(|)Сміла, Черкаська, с.Костянтинівка, ул Леніна  (навпрти КП)23(|)
{"#",47e6dd42-cd5c-4e3a-9bc4-14816ed53d38,66:aa8f0025909438d711e86e35c0c7a1a1}(|){"#",a2b5aac2-33a7-41ec-878c-7dd928ac85cf,184:aa8f0025909438d711e86e3631c95169}(|)Звенигородка, Черкаська, вул.Горького, 1-А(|)
{"#",47e6dd42-cd5c-4e3a-9bc4-14816ed53d38,66:aa8f0025909438d711e86e442990fed0}(|){"#",a2b5aac2-33a7-41ec-878c-7dd928ac85cf,184:aa8f0025909438d711e86e47f64c98b0}(|)Ватутіне, Черкаська, вул.Звенигородська, 53(|)
{"#",47e6dd42-cd5c-4e3a-9bc4-14816ed53d38,66:ae9a001517d39cec11e3fca30e4bf699}(|){"#",a2b5aac2-33a7-41ec-878c-7dd928ac85cf,184:aa8f0025909438d711e86efcc977f7a6}(|)Київ, Київська, с.Софіївська Борщагівка, Озерна23(|)
{"#",47e6dd42-cd5c-4e3a-9bc4-14816ed53d38,66:aa8f0025909438d711e872c9664f87b0}(|){"#",a2b5aac2-33a7-41ec-878c-7dd928ac85cf,184:aa8f0025909438d711e872ca1fd80f21}(|)Охтирка, Сумська, пров.Хвильового Миколи, 1-А(|)
{"#",47e6dd42-cd5c-4e3a-9bc4-14816ed53d38,66:aa8f0025909438d711e872d37a063a59}(|){"#",a2b5aac2-33a7-41ec-878c-7dd928ac85cf,184:aa8f0025909438d711e872d404ad10ab}(|)Авторинок Ринок, Самбір, Львівська(|)
{"#",47e6dd42-cd5c-4e3a-9bc4-14816ed53d38,66:aa8f0025909438d711e872d44c096126}(|){"#",a2b5aac2-33a7-41ec-878c-7dd928ac85cf,184:aa8f0025909438d711e872d4c841505c}(|)Авторинок Автобазар, Перемишляни, Львівська(|)
{"#",47e6dd42-cd5c-4e3a-9bc4-14816ed53d38,66:aa8f0025909438d711e872d52dcb6bc1}(|){"#",a2b5aac2-33a7-41ec-878c-7dd928ac85cf,184:aa8f0025909438d711e872d590e2c66e}(|)Авторинок Черновиця, Миколаїв (Львівська обл., Миколаївський р-н), Львівська(|)
{"#",47e6dd42-cd5c-4e3a-9bc4-14816ed53d38,66:aa8f0025909438d711e872d7515f23dc}(|){"#",a2b5aac2-33a7-41ec-878c-7dd928ac85cf,184:aa8f0025909438d711e872d8010d7ae9}(|)Салгани, Одеська, вул.Шабська, 26(|)
{"#",47e6dd42-cd5c-4e3a-9bc4-14816ed53d38,66:aa8f0025909438d711e872d9e1ac5c0e}(|){"#",a2b5aac2-33a7-41ec-878c-7dd928ac85cf,184:aa8f0025909438d711e872da571761a6}(|)Одеса, Одеська, вул.Дальницька, 25(|)
{"#",47e6dd42-cd5c-4e3a-9bc4-14816ed53d38,66:aa8f0025909438d711e872f7cbddceef}(|){"#",a2b5aac2-33a7-41ec-878c-7dd928ac85cf,184:aa8f0025909438d711e872f8268357d4}(|)Сокаль, Львівська, вул.Чайковського, 50(|)
{"#",47e6dd42-cd5c-4e3a-9bc4-14816ed53d38,66:aa8f0025909438d711e873cdebdc3d92}(|){"#",a2b5aac2-33a7-41ec-878c-7dd928ac85cf,184:aa8f0025909438d711e873ce7b5816f8}(|)Київ, Київська, вул.Харченка Євгенія, 21-А(|)
{"#",47e6dd42-cd5c-4e3a-9bc4-14816ed53d38,66:aa8f0025909438d711e874759f38ca70}(|){"#",a2b5aac2-33a7-41ec-878c-7dd928ac85cf,184:aa8f0025909438d711e8747618687e40}(|)Авторинок Перемога, Одеса, Одеська(|)
{"#",47e6dd42-cd5c-4e3a-9bc4-14816ed53d38,66:aa8f0025909438d711e8751f5a9092d9}(|){"#",a2b5aac2-33a7-41ec-878c-7dd928ac85cf,184:aa8f0025909438d711e8751fa9b7ea97}(|)Київ, Київська, вул.Волинська, 64(|)
{"#",47e6dd42-cd5c-4e3a-9bc4-14816ed53d38,66:aa8f0025909438d711e87530fc4ccd9e}(|){"#",a2b5aac2-33a7-41ec-878c-7dd928ac85cf,184:aa8f0025909438d711e875335ab9f7ab}(|)Новгород-Сіверський, Чернігівська, вул.Шевченка, 67(|)
{"#",47e6dd42-cd5c-4e3a-9bc4-14816ed53d38,66:aa8f0025909438d711e87857f304fc6e}(|){"#",a2b5aac2-33a7-41ec-878c-7dd928ac85cf,184:aa8f0025909438d711e8785869e1c4bb}(|)Жовква, Львівська, вул.Запорізька, 10(|)
{"#",47e6dd42-cd5c-4e3a-9bc4-14816ed53d38,66:aa8f0025909438d711e8786c830bff12}(|){"#",a2b5aac2-33a7-41ec-878c-7dd928ac85cf,184:aa8f0025909438d711e8786ce40eccb5}(|)Дрогобич, Львівська, вул.Стрийська, 183(|)
{"#",47e6dd42-cd5c-4e3a-9bc4-14816ed53d38,66:aa8f0025909438d711e8787540d041eb}(|){"#",a2b5aac2-33a7-41ec-878c-7dd928ac85cf,184:aa8f0025909438d711e87875ba69499c}(|)Конотоп, Сумська, просп.Червоної Калини (Леніна), 5(|)
{"#",47e6dd42-cd5c-4e3a-9bc4-14816ed53d38,66:ae9a001517d39cec11e3fca0e787fbe4}(|){"#",a2b5aac2-33a7-41ec-878c-7dd928ac85cf,184:aa8f0025909438d711e8791e131a74e9}(|)Боярка, Київська, вул.Магістральна, 31(|)
{"#",47e6dd42-cd5c-4e3a-9bc4-14816ed53d38,66:aa8f0025909438d711e8793e252bc745}(|){"#",a2b5aac2-33a7-41ec-878c-7dd928ac85cf,184:aa8f0025909438d711e8793ea5263dab}(|)Київ, Київська, вул.Закревського Миколи, 42-А(|)
{"#",47e6dd42-cd5c-4e3a-9bc4-14816ed53d38,66:aa8f0025909438d711e87dd5f024be87}(|){"#",a2b5aac2-33a7-41ec-878c-7dd928ac85cf,184:aa8f0025909438d711e87dd64e3a46f8}(|)Авторинок Зелене Коло, Львів, Львівська(|)
{"#",47e6dd42-cd5c-4e3a-9bc4-14816ed53d38,66:aa8f0025909438d711e87dd7240bbfb0}(|){"#",a2b5aac2-33a7-41ec-878c-7dd928ac85cf,184:aa8f0025909438d711e87dd7ac56925b}(|)Суми, Сумська, просп.Курський, 40(|)
{"#",47e6dd42-cd5c-4e3a-9bc4-14816ed53d38,66:aa8f0025909438d711e87dd80480613b}(|){"#",a2b5aac2-33a7-41ec-878c-7dd928ac85cf,184:aa8f0025909438d711e87de692a91e30}(|)Лопатин (Львівська обл.), Львівська, вул.Центральна, 25-Д(|)
{"#",47e6dd42-cd5c-4e3a-9bc4-14816ed53d38,66:aa8f0025909438d711e8786ffae15798}(|){"#",a2b5aac2-33a7-41ec-878c-7dd928ac85cf,184:aa8f0025909438d711e87e934f083973}(|)Вінниця, Вінницька, вул.Пирогова, 197(|)
{"#",47e6dd42-cd5c-4e3a-9bc4-14816ed53d38,66:aa8f0025909438d711e88351340b9240}(|){"#",a2b5aac2-33a7-41ec-878c-7dd928ac85cf,184:aa8f0025909438d711e88351aa4e76ab}(|)Лопатин (Львівська обл.), Львівська, вул.Січових Стрільців, 17(|)
{"#",47e6dd42-cd5c-4e3a-9bc4-14816ed53d38,66:aa8f0025909438d711e88351f8ade754}(|){"#",a2b5aac2-33a7-41ec-878c-7dd928ac85cf,184:aa8f0025909438d711e88352c2f0cf4f}(|)Червоноград (Львівська обл.), Львівська, вул.Стуса Василя, 21-А(|)
{"#",47e6dd42-cd5c-4e3a-9bc4-14816ed53d38,66:b7df001517d39cec11e76e1d5478b716}(|){"#",a2b5aac2-33a7-41ec-878c-7dd928ac85cf,184:aa8f0025909438d711e884270f53d8f3}(|)Харків, Харківська, вул.Пушкінська, 7(|)
{"#",47e6dd42-cd5c-4e3a-9bc4-14816ed53d38,66:aa8f0025909438d711e885ab7aa9d67d}(|){"#",a2b5aac2-33a7-41ec-878c-7dd928ac85cf,184:aa8f0025909438d711e885ac5eb60b0c}(|)Авторинок Лепсе (Гавела), Київ, Київська(|)
{"#",47e6dd42-cd5c-4e3a-9bc4-14816ed53d38,66:aa8f0025909438d711e885ae2f2b6970}(|){"#",a2b5aac2-33a7-41ec-878c-7dd928ac85cf,184:aa8f0025909438d711e885aedd5f9945}(|)Ходорів, Львівська, вул.Шевченка, 14-А(|)
{"#",47e6dd42-cd5c-4e3a-9bc4-14816ed53d38,66:aa8f0025909438d711e885add8bf3d59}(|){"#",a2b5aac2-33a7-41ec-878c-7dd928ac85cf,184:aa8f0025909438d711e8867b3b195122}(|)Синельникове, Дніпропетровська, вул.Квітнева, 9(|)
{"#",47e6dd42-cd5c-4e3a-9bc4-14816ed53d38,66:ae63001517d39cec11e6943b828604c2}(|){"#",a2b5aac2-33a7-41ec-878c-7dd928ac85cf,184:aa8f0025909438d711e88991cc545dda}(|)Київ, Київська, дорогаКільцева, 18(|)
{"#",47e6dd42-cd5c-4e3a-9bc4-14816ed53d38,66:aa8f0025909438d711e8899378900db5}(|){"#",a2b5aac2-33a7-41ec-878c-7dd928ac85cf,184:aa8f0025909438d711e8899484a9e5a6}(|)Кривий Ріг, Дніпропетровська, просп.Південний, 32/16(|)
{"#",47e6dd42-cd5c-4e3a-9bc4-14816ed53d38,66:aa8f0025909438d711e8899378900db5}(|){"#",a2b5aac2-33a7-41ec-878c-7dd928ac85cf,184:aa8f0025909438d711e88994e056fe40}(|)Кривий Ріг, Дніпропетровська, вул.Широківська, 116(|)
{"#",47e6dd42-cd5c-4e3a-9bc4-14816ed53d38,66:9c80001517d39cec11e4b2d408829446}(|){"#",a2b5aac2-33a7-41ec-878c-7dd928ac85cf,184:aa8f0025909438d711e88a76abf7e269}(|)Київ, Київська, вул.Бакинська, 35(|)
{"#",47e6dd42-cd5c-4e3a-9bc4-14816ed53d38,66:aa8f0025909438d711e88e6df6c0a3e0}(|){"#",a2b5aac2-33a7-41ec-878c-7dd928ac85cf,184:aa8f0025909438d711e88e6eba3c6bfe}(|)Авторинок Галицьке, Львів, Львівська(|)
{"#",47e6dd42-cd5c-4e3a-9bc4-14816ed53d38,66:974f001517d39cec11e7b7cfd67cb5e0}(|){"#",a2b5aac2-33a7-41ec-878c-7dd928ac85cf,184:aa8f0025909438d711e88e7853b2c392}(|)Магдалинівка, Дніпропетровська, вул.Центральна, 67(|)
{"#",47e6dd42-cd5c-4e3a-9bc4-14816ed53d38,66:aa8f0025909438d711e88f0b473fa117}(|){"#",a2b5aac2-33a7-41ec-878c-7dd928ac85cf,184:aa8f0025909438d711e88f0bf97eac74}(|)Боярка, Київська, вул.50 років Жовтня, 47-А(|)
{"#",47e6dd42-cd5c-4e3a-9bc4-14816ed53d38,66:ae63001517d39cec11e6e21441119b39}(|){"#",a2b5aac2-33a7-41ec-878c-7dd928ac85cf,184:aa8f0025909438d711e88f17948f896f}(|)Київ, Київська, вул.Туполєва Академіка, 19(|)
{"#",47e6dd42-cd5c-4e3a-9bc4-14816ed53d38,66:9298001517d39cec11e5820ab1c7b12b}(|){"#",a2b5aac2-33a7-41ec-878c-7dd928ac85cf,184:aa8f0025909438d711e88f3e4fe5cf00}(|)Київ, Київська, с.Софіївська Борщагівка, 24(|)
{"#",47e6dd42-cd5c-4e3a-9bc4-14816ed53d38,66:aa8f0025909438d711e87f8cb9cca04a}(|){"#",a2b5aac2-33a7-41ec-878c-7dd928ac85cf,184:aa8f0025909438d711e88f52d8b25b97}(|)Корсунь-Шевченківський, Черкаська, просп.Промисловий, 8(|)
{"#",47e6dd42-cd5c-4e3a-9bc4-14816ed53d38,66:aa8f0025909438d711e88fd803ac35f4}(|){"#",a2b5aac2-33a7-41ec-878c-7dd928ac85cf,184:aa8f0025909438d711e88fd803ac35f3}(|)Суми, Сумська, вул.Харківська, 22/1(|)
{"#",47e6dd42-cd5c-4e3a-9bc4-14816ed53d38,66:aa900025909438d711e8918134aae4d5}(|){"#",a2b5aac2-33a7-41ec-878c-7dd928ac85cf,184:aa900025909438d711e891815b74065a}(|)Київ, Київська, вул.Затишна, 1-А(|)
{"#",47e6dd42-cd5c-4e3a-9bc4-14816ed53d38,66:aa900025909438d711e89352b531d2b6}(|){"#",a2b5aac2-33a7-41ec-878c-7dd928ac85cf,184:aa900025909438d711e8935318e0cba7}(|)Вишневе, Київська, вул.Київська, 10(|)
{"#",47e6dd42-cd5c-4e3a-9bc4-14816ed53d38,66:aa900025909438d711e893ca6db86ba8}(|){"#",a2b5aac2-33a7-41ec-878c-7dd928ac85cf,184:aa900025909438d711e893cadee1f0c5}(|)Білогородка (Київська обл.), Київська, вул.Володимирська, 35/1(|)
{"#",47e6dd42-cd5c-4e3a-9bc4-14816ed53d38,66:aa900025909438d711e893e47bfc4f60}(|){"#",a2b5aac2-33a7-41ec-878c-7dd928ac85cf,184:aa900025909438d711e893e4b55e2d50}(|)Одеса, Одеська, вул.Левітана, 117(|)
{"#",47e6dd42-cd5c-4e3a-9bc4-14816ed53d38,66:aa900025909438d711e893e5633d30fe}(|){"#",a2b5aac2-33a7-41ec-878c-7dd928ac85cf,184:aa900025909438d711e893e5a4a68e3b}(|)Буськ, Львівська, вул.Петрушевича, 3(|)
{"#",47e6dd42-cd5c-4e3a-9bc4-14816ed53d38,66:aa900025909438d711e893eaef3bcba1}(|){"#",a2b5aac2-33a7-41ec-878c-7dd928ac85cf,184:aa900025909438d711e893ebb99137bc}(|)Авторинок Ринок, Самбір, Львівська(|)
{"#",47e6dd42-cd5c-4e3a-9bc4-14816ed53d38,66:aa900025909438d711e893ee0e3ea946}(|){"#",a2b5aac2-33a7-41ec-878c-7dd928ac85cf,184:aa900025909438d711e893ee4881462d}(|)Авторинок Автобазар, Дрогобич, Львівська(|)
{"#",47e6dd42-cd5c-4e3a-9bc4-14816ed53d38,66:aa900025909438d711e893eeeed7eb3c}(|){"#",a2b5aac2-33a7-41ec-878c-7dd928ac85cf,184:aa900025909438d711e893ef873b495f}(|)Дніпро, Дніпропетровська, вул.Руденка Миколи (Войцеховича), 53(|)
{"#",47e6dd42-cd5c-4e3a-9bc4-14816ed53d38,66:a0ef001517d39cec11e7b307537f41a2}(|){"#",a2b5aac2-33a7-41ec-878c-7dd928ac85cf,184:aa900025909438d711e894ae95ba4165}(|)Авторинок Терминал, Кривий Ріг, Дніпропетровська(|)
{"#",47e6dd42-cd5c-4e3a-9bc4-14816ed53d38,66:aa900025909438d711e89558ee864b45}(|){"#",a2b5aac2-33a7-41ec-878c-7dd928ac85cf,184:aa900025909438d711e8955944d49c68}(|)Святопетрівське (Києво-Свят.р-н), Київська, вул.Хмельницького Богдана, 9-Б(|)
{"#",47e6dd42-cd5c-4e3a-9bc4-14816ed53d38,66:aa900025909438d711e89635de85cbd5}(|){"#",a2b5aac2-33a7-41ec-878c-7dd928ac85cf,184:aa900025909438d711e8963682064855}(|)Борзна, Чернігівська, вул.Пантелеймона Куліша, 70(|)
{"#",47e6dd42-cd5c-4e3a-9bc4-14816ed53d38,66:aa900025909438d711e89715b9c03e08}(|){"#",a2b5aac2-33a7-41ec-878c-7dd928ac85cf,184:aa900025909438d711e8971638c5d288}(|)Крюківщина, Київська, вул.Балукова, 20(|)
{"#",47e6dd42-cd5c-4e3a-9bc4-14816ed53d38,66:ae9a001517d39cec11e3fc9fe332d6ae}(|){"#",a2b5aac2-33a7-41ec-878c-7dd928ac85cf,184:aa900025909438d711e8971638c5d288}(|)Крюківщина, Київська, вул.Балукова, 20(|)
{"#",47e6dd42-cd5c-4e3a-9bc4-14816ed53d38,66:aa900025909438d711e8996860deae03}(|){"#",a2b5aac2-33a7-41ec-878c-7dd928ac85cf,184:aa900025909438d711e89968f474b278}(|)Авторинок 5-й км, Херсон, Херсонська(|)
{"#",47e6dd42-cd5c-4e3a-9bc4-14816ed53d38,66:aa900025909438d711e89976c1af0555}(|){"#",a2b5aac2-33a7-41ec-878c-7dd928ac85cf,184:aa900025909438d711e899771f4816b1}(|)Дніпро, Дніпропетровська, вул.Космонавтів, 4(|)
{"#",47e6dd42-cd5c-4e3a-9bc4-14816ed53d38,66:aa900025909438d711e89bb96d519269}(|){"#",a2b5aac2-33a7-41ec-878c-7dd928ac85cf,184:aa900025909438d711e89bb9f0ce7e40}(|)Чернігів, Чернігівська, вул.Черняховського, 2(|)
{"#",47e6dd42-cd5c-4e3a-9bc4-14816ed53d38,66:aa900025909438d711e8a477883f2e5f}(|){"#",a2b5aac2-33a7-41ec-878c-7dd928ac85cf,184:aa900025909438d711e8a4795fe1b22c}(|)Святопетрівське (Києво-Свят.р-н), Київська, вул.Польова, 1(|)
{"#",47e6dd42-cd5c-4e3a-9bc4-14816ed53d38,66:aa900025909438d711e8a47db11f9b1c}(|){"#",a2b5aac2-33a7-41ec-878c-7dd928ac85cf,184:aa900025909438d711e8a47e08eb04d4}(|)Авторинок Господарський Побутовий ринок (Шевченка), Львів, Львівська(|)
{"#",47e6dd42-cd5c-4e3a-9bc4-14816ed53d38,66:aa900025909438d711e8a5f6794785db}(|){"#",a2b5aac2-33a7-41ec-878c-7dd928ac85cf,184:aa900025909438d711e8a5f9d7ba2093}(|)Полтава, Полтавська, вул.Великотирнівська, 25/2(|)
{"#",47e6dd42-cd5c-4e3a-9bc4-14816ed53d38,66:aa900025909438d711e8a9d76cb844cf}(|){"#",a2b5aac2-33a7-41ec-878c-7dd928ac85cf,184:aa900025909438d711e8a9d7d7c8bfb1}(|)Суми, Сумська, вул.Ковпака, 59/2(|)
{"#",47e6dd42-cd5c-4e3a-9bc4-14816ed53d38,66:aa900025909438d711e8ab69740df297}(|){"#",a2b5aac2-33a7-41ec-878c-7dd928ac85cf,184:aa900025909438d711e8ab70aaf8cefd}(|)Буча, Київська, пров.Кірова, 144(|)
{"#",47e6dd42-cd5c-4e3a-9bc4-14816ed53d38,66:ae9a001517d39cec11e3fca10c5d7053}(|){"#",a2b5aac2-33a7-41ec-878c-7dd928ac85cf,184:aa900025909438d711e8b03c5a365608}(|)Вишневе, Київська, вул.Київська, 6-А(|)
{"#",47e6dd42-cd5c-4e3a-9bc4-14816ed53d38,66:aa900025909438d711e8b10a4bccf9a6}(|){"#",a2b5aac2-33a7-41ec-878c-7dd928ac85cf,184:aa900025909438d711e8b10afa61a0fd}(|)Полтава, Полтавська, вул.Ковпака, 24(|)
{"#",47e6dd42-cd5c-4e3a-9bc4-14816ed53d38,66:aa900025909438d711e8b1b8a3ab40a6}(|){"#",a2b5aac2-33a7-41ec-878c-7dd928ac85cf,184:aa900025909438d711e8b1b91aec9ada}(|)Березнегувате, Миколаївська, вул.Піонерська, 44(|)
{"#",47e6dd42-cd5c-4e3a-9bc4-14816ed53d38,66:ae9a001517d39cec11e3fca100197761}(|){"#",a2b5aac2-33a7-41ec-878c-7dd928ac85cf,184:aa900025909438d711e8b1bddd52fd5b}(|)Новгород-Сіверський, Чернігівська, вул.Чернігівська, 11(|)
{"#",47e6dd42-cd5c-4e3a-9bc4-14816ed53d38,66:ae9a001517d39cec11e3fc9fd7103eab}(|){"#",a2b5aac2-33a7-41ec-878c-7dd928ac85cf,184:aa900025909438d711e8b1c2ca277cbc}(|)Чернігів, Чернігівська, вул.1-ї Гвардійської Армії, 8(|)
{"#",47e6dd42-cd5c-4e3a-9bc4-14816ed53d38,66:ae9a001517d39cec11e3fca206c2a872}(|){"#",a2b5aac2-33a7-41ec-878c-7dd928ac85cf,184:aa900025909438d711e8b1c56341f403}(|)Новгород-Сіверський, Чернігівська, вул.Леваневського, 69(|)
{"#",47e6dd42-cd5c-4e3a-9bc4-14816ed53d38,66:ae9a001517d39cec11e3fca1bd74bb52}(|){"#",a2b5aac2-33a7-41ec-878c-7dd928ac85cf,184:aa900025909438d711e8b1c626545c26}(|)Новгород-Сіверський, Чернігівська, вул.Ярославни, 33(|)
{"#",47e6dd42-cd5c-4e3a-9bc4-14816ed53d38,66:ae9a001517d39cec11e3fca2999558d8}(|){"#",a2b5aac2-33a7-41ec-878c-7dd928ac85cf,184:aa900025909438d711e8b1c799041809}(|)Семенівка(Чернігівська обл.), Чернігівська, вул.Червона Площа, 11(|)
{"#",47e6dd42-cd5c-4e3a-9bc4-14816ed53d38,66:ae9a001517d39cec11e3fca192cf8b90}(|){"#",a2b5aac2-33a7-41ec-878c-7dd928ac85cf,184:aa900025909438d711e8b1c8044146ca}(|)Семенівка(Чернігівська обл.), Чернігівська, вул.Вишнева, 5(|)
{"#",47e6dd42-cd5c-4e3a-9bc4-14816ed53d38,66:ae9a001517d39cec11e3fca3c4eb7665}(|){"#",a2b5aac2-33a7-41ec-878c-7dd928ac85cf,184:aa900025909438d711e8b1c812e50a83}(|)Семенівка(Чернігівська обл.), Чернігівська, вул.Вишнева, 19(|)
{"#",47e6dd42-cd5c-4e3a-9bc4-14816ed53d38,66:ae9a001517d39cec11e3fca3c4eb7672}(|){"#",a2b5aac2-33a7-41ec-878c-7dd928ac85cf,184:aa900025909438d711e8b1c8287a0c5c}(|)Семенівка(Чернігівська обл.), Чернігівська, вул.Коробка Василя, 6(|)
{"#",47e6dd42-cd5c-4e3a-9bc4-14816ed53d38,66:aa900025909438d711e8b28177ad1fe9}(|){"#",a2b5aac2-33a7-41ec-878c-7dd928ac85cf,184:aa900025909438d711e8b281f0da6e89}(|)Суми, Сумська, вул.Білопільський Шлях, 7(|)
{"#",47e6dd42-cd5c-4e3a-9bc4-14816ed53d38,66:ae9a001517d39cec11e3fca32085d0a2}(|){"#",a2b5aac2-33a7-41ec-878c-7dd928ac85cf,184:aa900025909438d711e8b661c05c4240}(|)Одеса, Одеська, вул.Головатого Отамана, 113(|)
{"#",47e6dd42-cd5c-4e3a-9bc4-14816ed53d38,66:aa900025909438d711e8b732278a918d}(|){"#",a2b5aac2-33a7-41ec-878c-7dd928ac85cf,184:aa900025909438d711e8b7336556aceb}(|)Київ, Київська, вул.Приколійна, 21(|)
{"#",47e6dd42-cd5c-4e3a-9bc4-14816ed53d38,66:aa900025909438d711e8b7fe335b035f}(|){"#",a2b5aac2-33a7-41ec-878c-7dd928ac85cf,184:aa900025909438d711e8b7fecb87b250}(|)Київ, Київська, вул.Героїв Дніпра, 54-А(|)
{"#",47e6dd42-cd5c-4e3a-9bc4-14816ed53d38,66:aa910025909438d711e8ba59a4a56222}(|){"#",a2b5aac2-33a7-41ec-878c-7dd928ac85cf,184:aa910025909438d711e8ba59fa9af769}(|)Чернігів, Чернігівська, вул.Гагаріна, 13-А(|)
{"#",47e6dd42-cd5c-4e3a-9bc4-14816ed53d38,66:aa910025909438d711e8bc0d7c1f3dac}(|){"#",a2b5aac2-33a7-41ec-878c-7dd928ac85cf,184:aa910025909438d711e8bc0e12acf3c5}(|)Полтава, Полтавська, вул.Зіньківська, 36-А(|)
{"#",47e6dd42-cd5c-4e3a-9bc4-14816ed53d38,66:aa910025909438d711e8bccd7e64284a}(|){"#",a2b5aac2-33a7-41ec-878c-7dd928ac85cf,184:aa910025909438d711e8bccdcd1e63a6}(|)Чернігів, Чернігівська, вул.Примакова, 1(|)
{"#",47e6dd42-cd5c-4e3a-9bc4-14816ed53d38,66:aa910025909438d711e8bd70c13e38a1}(|){"#",a2b5aac2-33a7-41ec-878c-7dd928ac85cf,184:aa910025909438d711e8bd70fee3c140}(|)Авторинок Жуляни, Київ, Київська(|)
{"#",47e6dd42-cd5c-4e3a-9bc4-14816ed53d38,66:9298001517d39cec11e64db2f0809a7a}(|){"#",a2b5aac2-33a7-41ec-878c-7dd928ac85cf,184:aa910025909438d711e8bd9161849282}(|)Павлоград, Дніпропетровська, вул.Полтавська, 45-А(|)
{"#",47e6dd42-cd5c-4e3a-9bc4-14816ed53d38,66:aaa6001517d39cec11e7c2d026fa79e8}(|){"#",a2b5aac2-33a7-41ec-878c-7dd928ac85cf,184:aa910025909438d711e8bd9161849282}(|)Павлоград, Дніпропетровська, вул.Полтавська, 45-А(|)
{"#",47e6dd42-cd5c-4e3a-9bc4-14816ed53d38,66:aa930025909438d611e8bfc743ece00e}(|){"#",a2b5aac2-33a7-41ec-878c-7dd928ac85cf,184:aa930025909438d611e8bfc7de090324}(|)Київ, Київська, вул.Дружківська, 12-Г(|)
{"#",47e6dd42-cd5c-4e3a-9bc4-14816ed53d38,66:aa930025909438d611e8c0bf48d163c9}(|){"#",a2b5aac2-33a7-41ec-878c-7dd928ac85cf,184:aa930025909438d611e8c0bfd1163cb3}(|)Дніпро, Дніпропетровська, вул.Руденка Миколи (Войцеховича), 53(|)
{"#",47e6dd42-cd5c-4e3a-9bc4-14816ed53d38,66:aa930025909438d611e8c18068451909}(|){"#",a2b5aac2-33a7-41ec-878c-7dd928ac85cf,184:aa930025909438d611e8c1813dbe3817}(|)Авторинок Лоск, Харків, Харківська(|)
{"#",47e6dd42-cd5c-4e3a-9bc4-14816ed53d38,66:ae9a001517d39cec11e3fca1dc32edd0}(|){"#",a2b5aac2-33a7-41ec-878c-7dd928ac85cf,184:aa930025909438d611e8c195b01352d6}(|)Київ, Київська, просп.Бандери Степана (Московський), 23(|)
{"#",47e6dd42-cd5c-4e3a-9bc4-14816ed53d38,66:aa8e0025909438d711e8171c87b9e602}(|){"#",a2b5aac2-33a7-41ec-878c-7dd928ac85cf,184:aa930025909438d611e8c195cceb3578}(|)Київ, Київська, просп.Бандери Степана (Московський), 23(|)
{"#",47e6dd42-cd5c-4e3a-9bc4-14816ed53d38,66:aa900025909438d711e8b7fe335b035f}(|){"#",a2b5aac2-33a7-41ec-878c-7dd928ac85cf,184:aa930025909438d611e8c19dcac0ea4d}(|)Київ, Київська, вул.Першого Травня (Бортничі), 1-А(|)
{"#",47e6dd42-cd5c-4e3a-9bc4-14816ed53d38,66:aa930025909438d611e8c323c0d673ae}(|){"#",a2b5aac2-33a7-41ec-878c-7dd928ac85cf,184:aa930025909438d611e8c324af456dff}(|)Одеса, Одеська, вул.Хлібна Гавань, 5(|)
{"#",47e6dd42-cd5c-4e3a-9bc4-14816ed53d38,66:aa930025909438d611e8c5669964fe21}(|){"#",a2b5aac2-33a7-41ec-878c-7dd928ac85cf,184:aa930025909438d611e8c56f4426a51f}(|)Харків, Харківська, вул.Конєва Маршала, 4(|)
{"#",47e6dd42-cd5c-4e3a-9bc4-14816ed53d38,66:aa930025909438d611e8c61ab1b4dac5}(|){"#",a2b5aac2-33a7-41ec-878c-7dd928ac85cf,184:aa930025909438d611e8c61d4b122b57}(|)Київ, Київська, вул.Народного Ополчення, 17(|)
{"#",47e6dd42-cd5c-4e3a-9bc4-14816ed53d38,66:ae9a001517d39cec11e3fca32085d0a2}(|){"#",a2b5aac2-33a7-41ec-878c-7dd928ac85cf,184:aa930025909438d611e8c640971fef8a}(|)Суми, Сумська, вул.Героїв Крут (Черепіна), 26(|)
{"#",47e6dd42-cd5c-4e3a-9bc4-14816ed53d38,66:aa930025909438d611e8c71c3209bdd3}(|){"#",a2b5aac2-33a7-41ec-878c-7dd928ac85cf,184:aa930025909438d611e8c71c8ac2c726}(|)Київ, Київська, вул.Медова, 5-Б(|)
{"#",47e6dd42-cd5c-4e3a-9bc4-14816ed53d38,66:aa8e0025909438d711e8290036aee44f}(|){"#",a2b5aac2-33a7-41ec-878c-7dd928ac85cf,184:aa930025909438d611e8c873c855ced6}(|)Львів, Львівська, вул.Пимоненка Миколи, 19/77(|)
{"#",47e6dd42-cd5c-4e3a-9bc4-14816ed53d38,66:aa930025909438d611e8c7c8ac110335}(|){"#",a2b5aac2-33a7-41ec-878c-7dd928ac85cf,184:aa930025909438d611e8c8743650751b}(|)Підбірці, Львівська, вул.Яхимовича, 1(|)
{"#",47e6dd42-cd5c-4e3a-9bc4-14816ed53d38,66:ae9a001517d39cec11e3fc9fe932411d}(|){"#",a2b5aac2-33a7-41ec-878c-7dd928ac85cf,184:aa930025909438d611e8c874ad833ded}(|)Київ, Київська, вул.Білогородська, 8(|)
{"#",47e6dd42-cd5c-4e3a-9bc4-14816ed53d38,66:ae9a001517d39cec11e3fc9fe9324117}(|){"#",a2b5aac2-33a7-41ec-878c-7dd928ac85cf,184:aa930025909438d611e8c87540afdbd9}(|)Київ, Київська, просп.Григоренка Петра, 1(|)
{"#",47e6dd42-cd5c-4e3a-9bc4-14816ed53d38,66:aa900025909438d711e895b2affd5fb6}(|){"#",a2b5aac2-33a7-41ec-878c-7dd928ac85cf,184:aa930025909438d611e8c8756eaaf34e}(|)Київ, Київська, вул.Їжакевича Івана, 18(|)
{"#",47e6dd42-cd5c-4e3a-9bc4-14816ed53d38,66:ae9a001517d39cec11e3fc9fdd3109fb}(|){"#",a2b5aac2-33a7-41ec-878c-7dd928ac85cf,184:aa930025909438d611e8c8759cd73e3c}(|)Прилуки, Чернігівська, вул.Військове містечко 12, 157(|)
{"#",47e6dd42-cd5c-4e3a-9bc4-14816ed53d38,66:ae9a001517d39cec11e3fc9fdd3109fb}(|){"#",a2b5aac2-33a7-41ec-878c-7dd928ac85cf,184:aa930025909438d611e8c875b97501d0}(|)Прилуки, Чернігівська, вул.Костянтинівська, 117(|)
{"#",47e6dd42-cd5c-4e3a-9bc4-14816ed53d38,66:ae9a001517d39cec11e3fc9fdd3109fb}(|){"#",a2b5aac2-33a7-41ec-878c-7dd928ac85cf,184:aa930025909438d611e8c875d02a3523}(|)Ніжин, Чернігівська, вул.Незалежності, 36(|)
{"#",47e6dd42-cd5c-4e3a-9bc4-14816ed53d38,66:ae9a001517d39cec11e3fc9fe9324127}(|){"#",a2b5aac2-33a7-41ec-878c-7dd928ac85cf,184:aa930025909438d611e8c88ff1137805}(|)Миколаїв, Миколаївська, вул.Набережна, 10(|)
{"#",47e6dd42-cd5c-4e3a-9bc4-14816ed53d38,66:ae9a001517d39cec11e3fc9fd7103ea3}(|){"#",a2b5aac2-33a7-41ec-878c-7dd928ac85cf,184:aa930025909438d611e8c890678452ff}(|)Ізмаїл, Одеська, вул.Франка Івана, 4(|)
{"#",47e6dd42-cd5c-4e3a-9bc4-14816ed53d38,66:b43b001517d39cec11e7f5f158fc81db}(|){"#",a2b5aac2-33a7-41ec-878c-7dd928ac85cf,184:aa930025909438d611e8c8908d0828d2}(|)Суми, Сумська, вул.Білопільський Шлях, 9/3(|)
{"#",47e6dd42-cd5c-4e3a-9bc4-14816ed53d38,66:ae9a001517d39cec11e3fc9fe332d6d1}(|){"#",a2b5aac2-33a7-41ec-878c-7dd928ac85cf,184:aa930025909438d611e8c890b090c826}(|)Конотоп, Сумська, вул.Лазаревського, 8(|)
{"#",47e6dd42-cd5c-4e3a-9bc4-14816ed53d38,66:ae63001517d39cec11e6f844b1e9de9c}(|){"#",a2b5aac2-33a7-41ec-878c-7dd928ac85cf,184:aa930025909438d611e8c897e29a2f56}(|)Дніпро, Дніпропетровська, шосеЗапорізьке, 240(|)
{"#",47e6dd42-cd5c-4e3a-9bc4-14816ed53d38,66:ae9a001517d39cec11e3fc9fe332d6b6}(|){"#",a2b5aac2-33a7-41ec-878c-7dd928ac85cf,184:aa930025909438d611e8cac6fc92a80e}(|)Полтава, Полтавська, бульварБоровиковського, 10(|)
{"#",47e6dd42-cd5c-4e3a-9bc4-14816ed53d38,66:92f7001517d39cec11e71494252ea53e}(|){"#",a2b5aac2-33a7-41ec-878c-7dd928ac85cf,184:aa930025909438d611e8cac732193be6}(|)Кривий Ріг, Дніпропетровська, просп.Миру, 31(|)
{"#",47e6dd42-cd5c-4e3a-9bc4-14816ed53d38,66:a79d001517d39cec11e805c0d5198ca2}(|){"#",a2b5aac2-33a7-41ec-878c-7dd928ac85cf,184:aa930025909438d611e8caf48f88f1c1}(|)Черкаси, Черкаська, вул.Нарбутівська (Петровського), 198(|)
{"#",47e6dd42-cd5c-4e3a-9bc4-14816ed53d38,66:ae9a001517d39cec11e3fca32cc9c9ae}(|){"#",a2b5aac2-33a7-41ec-878c-7dd928ac85cf,184:aa930025909438d611e8cbc5861b8f88}(|)Авторинок Ринок, Великі Копані (Херсонська обл.), Херсонська(|)
{"#",47e6dd42-cd5c-4e3a-9bc4-14816ed53d38,66:ae9a001517d39cec11e3fca16217de8b}(|){"#",a2b5aac2-33a7-41ec-878c-7dd928ac85cf,184:aa930025909438d611e8cd2e51801537}(|)Київ, Київська, вул.Олевська, 2-А(|)
{"#",47e6dd42-cd5c-4e3a-9bc4-14816ed53d38,66:aa930025909438d611e8cd368bb8f045}(|){"#",a2b5aac2-33a7-41ec-878c-7dd928ac85cf,184:aa930025909438d611e8cd36e4bb736a}(|)Авторинок Вересневий, Київ, Київська(|)
{"#",47e6dd42-cd5c-4e3a-9bc4-14816ed53d38,66:aa930025909438d611e8cd374c3216e6}(|){"#",a2b5aac2-33a7-41ec-878c-7dd928ac85cf,184:aa930025909438d611e8cd37dc850352}(|)Конотоп, Сумська, вул.Великого Володимира (Свердлова), 7(|)
{"#",47e6dd42-cd5c-4e3a-9bc4-14816ed53d38,66:ae9a001517d39cec11e3fc9fe332d6b4}(|){"#",a2b5aac2-33a7-41ec-878c-7dd928ac85cf,184:aa930025909438d611e8cdf506e2a88a}(|)пгт. Коротыч, Харьковской обл., ул. Шевченко, 97(|)
{"#",47e6dd42-cd5c-4e3a-9bc4-14816ed53d38,66:ae9a001517d39cec11e3fc9fdd3109ff}(|){"#",a2b5aac2-33a7-41ec-878c-7dd928ac85cf,184:aa930025909438d611e8cdf5d712c83c}(|)Авторинок Казка, Харків, Харківська(|)
{"#",47e6dd42-cd5c-4e3a-9bc4-14816ed53d38,66:ae9a001517d39cec11e3fc9fdd310a0d}(|){"#",a2b5aac2-33a7-41ec-878c-7dd928ac85cf,184:aa930025909438d611e8ce0e3c683846}(|)Сухий Лиман, Одеська, вул.Високовольтна, 10(|)
{"#",47e6dd42-cd5c-4e3a-9bc4-14816ed53d38,66:aa930025909438d611e8d1233fb054d4}(|){"#",a2b5aac2-33a7-41ec-878c-7dd928ac85cf,184:aa930025909438d611e8d123a2b23e95}(|)Лубни, Полтавська, вул.Драгоманова, 32-Б(|)
{"#",47e6dd42-cd5c-4e3a-9bc4-14816ed53d38,66:aa930025909438d611e8d133fad59579}(|){"#",a2b5aac2-33a7-41ec-878c-7dd928ac85cf,184:aa930025909438d611e8d135934f9e9f}(|)Київ, Київська, вул.Народного Ополчення, 18-Б(|)
{"#",47e6dd42-cd5c-4e3a-9bc4-14816ed53d38,66:aa930025909438d611e8d152eb9c3978}(|){"#",a2b5aac2-33a7-41ec-878c-7dd928ac85cf,184:aa930025909438d611e8d1558151c84f}(|)м.Київ, вул.Медова,5-Б, Просто СТО(|)
{"#",47e6dd42-cd5c-4e3a-9bc4-14816ed53d38,66:aa930025909438d611e8d1f918cdfced}(|){"#",a2b5aac2-33a7-41ec-878c-7dd928ac85cf,184:aa930025909438d611e8d1fa56f2a0ee}(|)Київ, Київська, просп.Героїв Сталінграду, 54-А(|)
{"#",47e6dd42-cd5c-4e3a-9bc4-14816ed53d38,66:aa930025909438d611e8d20d11c42880}(|){"#",a2b5aac2-33a7-41ec-878c-7dd928ac85cf,184:aa930025909438d611e8d20d8b583dce}(|)Київ, Київська, вул.Велика Васильківська (Червоноармійська), 136(|)
{"#",47e6dd42-cd5c-4e3a-9bc4-14816ed53d38,66:aa930025909438d611e8d20d11c42880}(|){"#",a2b5aac2-33a7-41ec-878c-7dd928ac85cf,184:aa930025909438d611e8d20e22e7ef7a}(|)Київ, Київська, вул.Драгоманова, 2(|)
{"#",47e6dd42-cd5c-4e3a-9bc4-14816ed53d38,66:aa930025909438d611e8d2104d750286}(|){"#",a2b5aac2-33a7-41ec-878c-7dd928ac85cf,184:aa930025909438d611e8d210f3ef839f}(|)Одеса, Одеська, просп.Небесної Сотні (Жукова Маршала), 30(|)
{"#",47e6dd42-cd5c-4e3a-9bc4-14816ed53d38,66:aa930025909438d611e8d2187f04c865}(|){"#",a2b5aac2-33a7-41ec-878c-7dd928ac85cf,184:aa930025909438d611e8d218cc6a4c21}(|)Київ, Київська, пров.Балтійський, 20(|)
{"#",47e6dd42-cd5c-4e3a-9bc4-14816ed53d38,66:aa930025909438d611e8d37c56970d4a}(|){"#",a2b5aac2-33a7-41ec-878c-7dd928ac85cf,184:aa930025909438d611e8d37e44419a3e}(|)Васильків (Київська обл., Васильківський р-н), Київська, вул.Декабристів, 180(|)
{"#",47e6dd42-cd5c-4e3a-9bc4-14816ed53d38,66:aa930025909438d611e8d37ea611569a}(|){"#",a2b5aac2-33a7-41ec-878c-7dd928ac85cf,184:aa930025909438d611e8d37ef161952c}(|)Київ, Київська, просп.Лобановського Валерія (Червонозоряний), 8-А(|)
{"#",47e6dd42-cd5c-4e3a-9bc4-14816ed53d38,66:aa930025909438d611e8d385b49aab58}(|){"#",a2b5aac2-33a7-41ec-878c-7dd928ac85cf,184:aa930025909438d611e8d3871546e688}(|)Київ, Київська, вул.Ужвій Наталії, 6-А(|)
{"#",47e6dd42-cd5c-4e3a-9bc4-14816ed53d38,66:aa930025909438d611e8d5c6b2c7440e}(|){"#",a2b5aac2-33a7-41ec-878c-7dd928ac85cf,184:aa930025909438d611e8d5c78b735e87}(|)Вишневе, Київська, вул.Балукова, 21(|)
{"#",47e6dd42-cd5c-4e3a-9bc4-14816ed53d38,66:aa930025909438d611e8d5c9acbee025}(|){"#",a2b5aac2-33a7-41ec-878c-7dd928ac85cf,184:aa930025909438d611e8d5ca5504c2c7}(|)Авторинок Перфецького, Львів, Львівська(|)
{"#",47e6dd42-cd5c-4e3a-9bc4-14816ed53d38,66:aa930025909438d611e8d5fee329a4d5}(|){"#",a2b5aac2-33a7-41ec-878c-7dd928ac85cf,184:aa930025909438d611e8d5ff92b59902}(|)Ірпінь, Київська, вул.Антонова (Ленінградська), 16(|)
{"#",47e6dd42-cd5c-4e3a-9bc4-14816ed53d38,66:aa930025909438d611e8d601829b1071}(|){"#",a2b5aac2-33a7-41ec-878c-7dd928ac85cf,184:aa930025909438d611e8d6020817dda0}(|)Боярка, Київська, вул.Білогородська, 20(|)
{"#",47e6dd42-cd5c-4e3a-9bc4-14816ed53d38,66:aa930025909438d611e8d69be8571abd}(|){"#",a2b5aac2-33a7-41ec-878c-7dd928ac85cf,184:aa930025909438d611e8d69c76f18c5b}(|)Авторинок Москвич, Одеса, Одеська(|)
{"#",47e6dd42-cd5c-4e3a-9bc4-14816ed53d38,66:aa930025909438d611e8d69cdb5f74de}(|){"#",a2b5aac2-33a7-41ec-878c-7dd928ac85cf,184:aa930025909438d611e8d6a5b0343706}(|)Авторинок Паустовського, Одеса, Одеська(|)
{"#",47e6dd42-cd5c-4e3a-9bc4-14816ed53d38,66:aa930025909438d611e8d6a6008595d9}(|){"#",a2b5aac2-33a7-41ec-878c-7dd928ac85cf,184:aa930025909438d611e8d6a5b0343706}(|)Авторинок Паустовського, Одеса, Одеська(|)
{"#",47e6dd42-cd5c-4e3a-9bc4-14816ed53d38,66:aa930025909438d611e8d844cf001391}(|){"#",a2b5aac2-33a7-41ec-878c-7dd928ac85cf,184:aa930025909438d611e8d847e5360a83}(|)Київ, Київська, просп.Визволителів, 9(|)
{"#",47e6dd42-cd5c-4e3a-9bc4-14816ed53d38,66:aa930025909438d611e8d8556af3824c}(|){"#",a2b5aac2-33a7-41ec-878c-7dd928ac85cf,184:aa930025909438d611e8d855de3449d4}(|)Шостка, Сумська, вул.Робоча, 7(|)
{"#",47e6dd42-cd5c-4e3a-9bc4-14816ed53d38,66:aa930025909438d611e8d86509fb7040}(|){"#",a2b5aac2-33a7-41ec-878c-7dd928ac85cf,184:aa930025909438d611e8d865f55dad12}(|)Київ, Київська, пров.Куренівський, 15(|)
{"#",47e6dd42-cd5c-4e3a-9bc4-14816ed53d38,66:aa930025909438d611e8db722dfa3d95}(|){"#",a2b5aac2-33a7-41ec-878c-7dd928ac85cf,184:aa930025909438d611e8db729480a51b}(|)Мостиська, Львівська, вул.Гайдамацька, 4-Б(|)
{"#",47e6dd42-cd5c-4e3a-9bc4-14816ed53d38,66:aa930025909438d611e8dc1f74c85e0d}(|){"#",a2b5aac2-33a7-41ec-878c-7dd928ac85cf,184:aa930025909438d611e8dc1fdbcd4dc6}(|)Звенигородка, Черкаська, просп.Шевченка, 11-Б(|)
{"#",47e6dd42-cd5c-4e3a-9bc4-14816ed53d38,66:aa930025909438d611e8dc217f87aa54}(|){"#",a2b5aac2-33a7-41ec-878c-7dd928ac85cf,184:aa930025909438d611e8dc21d93501b0}(|)Ватутіне, Черкаська, вул.Звенигородська, 24(|)
{"#",47e6dd42-cd5c-4e3a-9bc4-14816ed53d38,66:aa930025909438d611e8de7763549318}(|){"#",a2b5aac2-33a7-41ec-878c-7dd928ac85cf,184:aa930025909438d611e8de77b07b9173}(|)Київ, Київська, набережнаДніпровська, 26-І(|)
{"#",47e6dd42-cd5c-4e3a-9bc4-14816ed53d38,66:aa930025909438d611e8dda7baa92436}(|){"#",a2b5aac2-33a7-41ec-878c-7dd928ac85cf,184:aa930025909438d611e8deb76404bcbc}(|)Біла Церква, Київська, с.Шкарівка, Теплична3(|)
{"#",47e6dd42-cd5c-4e3a-9bc4-14816ed53d38,66:aa930025909438d611e8e0e74ab036c8}(|){"#",a2b5aac2-33a7-41ec-878c-7dd928ac85cf,184:aa930025909438d611e8e0e7ad156d76}(|)Куп'янськ, Харківська, вул.Студентська (Комсомольська), 10-А(|)
{"#",47e6dd42-cd5c-4e3a-9bc4-14816ed53d38,66:aa930025909438d611e8e27a1585cb25}(|){"#",a2b5aac2-33a7-41ec-878c-7dd928ac85cf,184:aa930025909438d611e8e27aded76d44}(|)Великі Кринки (Глобинський р-н), Полтавська, вул.Полтавська (Леніна), 26(|)
{"#",47e6dd42-cd5c-4e3a-9bc4-14816ed53d38,66:aa8f0025909438d711e8633740427205}(|){"#",a2b5aac2-33a7-41ec-878c-7dd928ac85cf,184:aa930025909438d611e8e29397c0ab58}(|)Полтава, Полтавська, вул.Бірюзова Маршала, 13(|)
{"#",47e6dd42-cd5c-4e3a-9bc4-14816ed53d38,66:aa930025909438d611e94bdf4c1578cb}(|){"#",a2b5aac2-33a7-41ec-878c-7dd928ac85cf,184:aa930025909438d611e8e29397c0ab58}(|)Полтава, Полтавська, вул.Бірюзова Маршала, 13(|)
{"#",47e6dd42-cd5c-4e3a-9bc4-14816ed53d38,66:aa930025909438d611e8e40096cd3e31}(|){"#",a2b5aac2-33a7-41ec-878c-7dd928ac85cf,184:aa930025909438d611e8e40153a84cd0}(|)Прилуки, Чернігівська, вул.Козача, 54(|)
{"#",47e6dd42-cd5c-4e3a-9bc4-14816ed53d38,66:aa930025909438d611e8e67ea5c51021}(|){"#",a2b5aac2-33a7-41ec-878c-7dd928ac85cf,184:aa930025909438d611e8e6827dea989c}(|)Авторинок Жуляни, Київ, Київська(|)
{"#",47e6dd42-cd5c-4e3a-9bc4-14816ed53d38,66:aa930025909438d611e8e726ffa93e77}(|){"#",a2b5aac2-33a7-41ec-878c-7dd928ac85cf,184:aa930025909438d611e8e727af6c4ded}(|)Березне, Рівненська, вул.Андріївська, 66-Б(|)
{"#",47e6dd42-cd5c-4e3a-9bc4-14816ed53d38,66:aa930025909438d611e8e727d098076c}(|){"#",a2b5aac2-33a7-41ec-878c-7dd928ac85cf,184:aa930025909438d611e8e728386118cc}(|)Хорол, Полтавська, вул.Миргородська, 50(|)
{"#",47e6dd42-cd5c-4e3a-9bc4-14816ed53d38,66:aa930025909438d611e8e80c90470684}(|){"#",a2b5aac2-33a7-41ec-878c-7dd928ac85cf,184:aa930025909438d611e8e80cfb68189a}(|)Київ, Київська, вул.Якубовського Маршала, 7(|)
{"#",47e6dd42-cd5c-4e3a-9bc4-14816ed53d38,66:ae9a001517d39cec11e3fc9fdd310a0d}(|){"#",a2b5aac2-33a7-41ec-878c-7dd928ac85cf,184:aa930025909438d611e8e982ccb1f9f4}(|)Одеса, Одеська, вул.Інглезі (25 Чапаєвської Дивізії), 3-А(|)
{"#",47e6dd42-cd5c-4e3a-9bc4-14816ed53d38,66:aa930025909438d611e8eca82df0235b}(|){"#",a2b5aac2-33a7-41ec-878c-7dd928ac85cf,184:aa930025909438d611e8ecacc8eac1cc}(|)Вишневе, Київська, вул.Ватутіна, 20-А(|)
{"#",47e6dd42-cd5c-4e3a-9bc4-14816ed53d38,66:aa930025909438d611e8ef1690293f93}(|){"#",a2b5aac2-33a7-41ec-878c-7dd928ac85cf,184:aa930025909438d611e8ef16ebf08b9e}(|)Київ, Київська, вул.Авіаконструктора Антонова, 15-А(|)
{"#",47e6dd42-cd5c-4e3a-9bc4-14816ed53d38,66:aa930025909438d611e8f1786eab4ad2}(|){"#",a2b5aac2-33a7-41ec-878c-7dd928ac85cf,184:aa930025909438d611e8f17a6f630aa8}(|)Київ, Київська, вул.Очаківська, 3/8(|)
{"#",47e6dd42-cd5c-4e3a-9bc4-14816ed53d38,66:aa930025909438d611e8f23d30895b30}(|){"#",a2b5aac2-33a7-41ec-878c-7dd928ac85cf,184:aa930025909438d611e8f2467373ae83}(|)Розсошенці(Полтавська обл.), Полтавська, вул.Коцюбинського, 3(|)
{"#",47e6dd42-cd5c-4e3a-9bc4-14816ed53d38,66:aa930025909438d611e8f2ecbb45d9e3}(|){"#",a2b5aac2-33a7-41ec-878c-7dd928ac85cf,184:aa930025909438d611e8f2edf6b5baf0}(|)Старий Самбір, Львівська, вул.Галицького Данила, 42(|)
{"#",47e6dd42-cd5c-4e3a-9bc4-14816ed53d38,66:aa930025909438d611e8f3036f3722fd}(|){"#",a2b5aac2-33a7-41ec-878c-7dd928ac85cf,184:aa930025909438d611e8f30423f7283e}(|)Київ, Київська, вул.Федорова Івана, 31(|)
{"#",47e6dd42-cd5c-4e3a-9bc4-14816ed53d38,66:aa930025909438d611e8f30f636daddd}(|){"#",a2b5aac2-33a7-41ec-878c-7dd928ac85cf,184:aa930025909438d611e8f30fb079672e}(|)Полтава, Полтавська, пров.Керамічний, 11(|)
{"#",47e6dd42-cd5c-4e3a-9bc4-14816ed53d38,66:aa930025909438d611e8f6fcdeceb666}(|){"#",a2b5aac2-33a7-41ec-878c-7dd928ac85cf,184:aa930025909438d611e8f6fe486b535c}(|)Судова Вишня, Львівська, вул.Сагайдачного, 10-А(|)
{"#",47e6dd42-cd5c-4e3a-9bc4-14816ed53d38,66:aa930025909438d611e8f7c502e793a1}(|){"#",a2b5aac2-33a7-41ec-878c-7dd928ac85cf,184:aa930025909438d611e8f7c5436703b8}(|)Вишневе, Київська, вул.Святошинська, 42(|)
{"#",47e6dd42-cd5c-4e3a-9bc4-14816ed53d38,66:aa930025909438d611e8f8857a7b816b}(|){"#",a2b5aac2-33a7-41ec-878c-7dd928ac85cf,184:aa930025909438d611e8f88620e4bfcb}(|)Велика Писарівка, Сумська, вул.Коцюбинського, 1(|)
{"#",47e6dd42-cd5c-4e3a-9bc4-14816ed53d38,66:ae9a001517d39cec11e3fca0b6bd3c1c}(|){"#",a2b5aac2-33a7-41ec-878c-7dd928ac85cf,184:aa930025909438d611e8f893d4d305f3}(|)Одеса, Одеська, вул.Шклярука Павла, 4(|)
{"#",47e6dd42-cd5c-4e3a-9bc4-14816ed53d38,66:aa930025909438d611e8f94e64a4c314}(|){"#",a2b5aac2-33a7-41ec-878c-7dd928ac85cf,184:aa930025909438d611e8f94ea0bef21b}(|)Кривий Ріг, Дніпропетровська, вул.Кропивницького, 91/12(|)
{"#",47e6dd42-cd5c-4e3a-9bc4-14816ed53d38,66:aa930025909438d611e8fc71985809cb}(|){"#",a2b5aac2-33a7-41ec-878c-7dd928ac85cf,184:aa930025909438d611e8fc71f2169e87}(|)Лохвиця, Полтавська, вул.Шевченка, 21(|)
{"#",47e6dd42-cd5c-4e3a-9bc4-14816ed53d38,66:aa930025909438d611e8fc80c8d492b4}(|){"#",a2b5aac2-33a7-41ec-878c-7dd928ac85cf,184:aa930025909438d611e8fc819c20f6ba}(|)Хотів, Київська, вул.Промислова, 3-А(|)
{"#",47e6dd42-cd5c-4e3a-9bc4-14816ed53d38,66:aa930025909438d611e8feb054e1a99d}(|){"#",a2b5aac2-33a7-41ec-878c-7dd928ac85cf,184:aa930025909438d611e8feb0ad35c351}(|)Київ, Київська, вул.Велика Кільцева, 2(|)
{"#",47e6dd42-cd5c-4e3a-9bc4-14816ed53d38,66:aa930025909438d611e901e029540558}(|){"#",a2b5aac2-33a7-41ec-878c-7dd928ac85cf,184:aa930025909438d611e901e0f16f092d}(|)Кривий Ріг, Дніпропетровська, вул.Січеславська (Кремлівська), 18(|)
{"#",47e6dd42-cd5c-4e3a-9bc4-14816ed53d38,66:aa930025909438d611e902c53815663e}(|){"#",a2b5aac2-33a7-41ec-878c-7dd928ac85cf,184:aa930025909438d611e902c58dd4c81f}(|)Київ, Київська, вул.Корабельна, 8(|)
{"#",47e6dd42-cd5c-4e3a-9bc4-14816ed53d38,66:aa930025909438d611e8dc320b45b0a4}(|){"#",a2b5aac2-33a7-41ec-878c-7dd928ac85cf,184:aa930025909438d611e903946bbbc941}(|)Дніпро, Дніпропетровська, вул.Журналістів, 9-А(|)
{"#",47e6dd42-cd5c-4e3a-9bc4-14816ed53d38,66:aa930025909438d611e903950145bd41}(|){"#",a2b5aac2-33a7-41ec-878c-7dd928ac85cf,184:aa930025909438d611e903957966d0d7}(|)Полтава, Полтавська, вул.Зіньківська, 21/11(|)
{"#",47e6dd42-cd5c-4e3a-9bc4-14816ed53d38,66:aa900025909438d711e8b0ed330b2da1}(|){"#",a2b5aac2-33a7-41ec-878c-7dd928ac85cf,184:aa930025909438d611e9043eecbb98a9}(|)Дніпро, Дніпропетровська, вул.Криворізька, 10(|)
{"#",47e6dd42-cd5c-4e3a-9bc4-14816ed53d38,66:aa930025909438d611e90471c1ea8850}(|){"#",a2b5aac2-33a7-41ec-878c-7dd928ac85cf,184:aa930025909438d611e90472d6b9cb62}(|)Київ, Київська, вул.Скляренка Семена, 1(|)
{"#",47e6dd42-cd5c-4e3a-9bc4-14816ed53d38,66:aa930025909438d611e91411363ebc7a}(|){"#",a2b5aac2-33a7-41ec-878c-7dd928ac85cf,184:aa930025909438d611e9141192c478c5}(|)Авторинок Москвич, Одеса, Одеська(|)
{"#",47e6dd42-cd5c-4e3a-9bc4-14816ed53d38,66:aa930025909438d611e914e1523ea48a}(|){"#",a2b5aac2-33a7-41ec-878c-7dd928ac85cf,184:aa930025909438d611e914e27bc5784b}(|)Кривий Ріг, Дніпропетровська, вул.Кропивницького, 103(|)
{"#",47e6dd42-cd5c-4e3a-9bc4-14816ed53d38,66:aa930025909438d611e91977dfa5786b}(|){"#",a2b5aac2-33a7-41ec-878c-7dd928ac85cf,184:aa930025909438d611e9197849bf8a8d}(|)Червоноград (Львівська обл.), Львівська, вул.Львівська, 13(|)
{"#",47e6dd42-cd5c-4e3a-9bc4-14816ed53d38,66:aa930025909438d611e9199eba22d6ab}(|){"#",a2b5aac2-33a7-41ec-878c-7dd928ac85cf,184:aa930025909438d611e9199fa71fb1df}(|)Дніпро, Дніпропетровська, вул.Надіїї Алексєєнко, 100-Г(|)
{"#",47e6dd42-cd5c-4e3a-9bc4-14816ed53d38,66:aa930025909438d611e91a2e04f2e5f3}(|){"#",a2b5aac2-33a7-41ec-878c-7dd928ac85cf,184:aa930025909438d611e91a2ea1323a2e}(|)Кам'янка-Бузька, Львівська, вул.Федьковича, 13(|)
{"#",47e6dd42-cd5c-4e3a-9bc4-14816ed53d38,66:aa930025909438d611e91a2f1cc4d4b7}(|){"#",a2b5aac2-33a7-41ec-878c-7dd928ac85cf,184:aa930025909438d611e91a2f7b7aad1e}(|)Радехів, Львівська, вул.Транзитна, 5-Б(|)
{"#",47e6dd42-cd5c-4e3a-9bc4-14816ed53d38,66:aa930025909438d611e91ef5e490c923}(|){"#",a2b5aac2-33a7-41ec-878c-7dd928ac85cf,184:aa930025909438d611e91ef65356feaa}(|)Вишневе, Київська, вул.Південна, 7(|)
{"#",47e6dd42-cd5c-4e3a-9bc4-14816ed53d38,66:aaa90025909438d711eb1f7265bc5f25}(|){"#",a2b5aac2-33a7-41ec-878c-7dd928ac85cf,184:aa930025909438d611e91ef65356feaa}(|)Вишневе, Київська, вул.Південна, 7(|)
{"#",47e6dd42-cd5c-4e3a-9bc4-14816ed53d38,66:aa930025909438d611e91ff04f788048}(|){"#",a2b5aac2-33a7-41ec-878c-7dd928ac85cf,184:aa930025909438d611e91ff0b2fdc2be}(|)Київ, Київська, вул.Електротехнічна, 5(|)
{"#",47e6dd42-cd5c-4e3a-9bc4-14816ed53d38,66:ae9a001517d39cec11e3fca155ee1f60}(|){"#",a2b5aac2-33a7-41ec-878c-7dd928ac85cf,184:aa930025909438d611e920a5a10063aa}(|)Авторинок Лепсе (Гавела), Київ, Київська(|)
{"#",47e6dd42-cd5c-4e3a-9bc4-14816ed53d38,66:aa930025909438d611e923c44789f734}(|){"#",a2b5aac2-33a7-41ec-878c-7dd928ac85cf,184:aa930025909438d611e923c4a81892a9}(|)Київ, Київська, вул.Перемоги, 9-А(|)
{"#",47e6dd42-cd5c-4e3a-9bc4-14816ed53d38,66:aa930025909438d611e928776558cbdb}(|){"#",a2b5aac2-33a7-41ec-878c-7dd928ac85cf,184:aa930025909438d611e92877e2afd52c}(|)Авторинок Ринок, Самбір, Львівська(|)
{"#",47e6dd42-cd5c-4e3a-9bc4-14816ed53d38,66:aa930025909438d611e928794fe86729}(|){"#",a2b5aac2-33a7-41ec-878c-7dd928ac85cf,184:aa930025909438d611e92879c85a2c3c}(|)Авторинок РЕАЛ, Тернопіль, Тернопільська(|)
{"#",47e6dd42-cd5c-4e3a-9bc4-14816ed53d38,66:aa930025909438d611e92936c0f92b7a}(|){"#",a2b5aac2-33a7-41ec-878c-7dd928ac85cf,184:aa930025909438d611e9293723665aec}(|)Золотоноша, Черкаська, вул.Шевченка, 68-А(|)
{"#",47e6dd42-cd5c-4e3a-9bc4-14816ed53d38,66:aa930025909438d611e92945f82bc0e9}(|){"#",a2b5aac2-33a7-41ec-878c-7dd928ac85cf,184:aa930025909438d611e9294687d6425d}(|)Цумань, Волинська, вул.Васильєва, 14(|)
{"#",47e6dd42-cd5c-4e3a-9bc4-14816ed53d38,66:aa930025909438d611e92a0830bd251f}(|){"#",a2b5aac2-33a7-41ec-878c-7dd928ac85cf,184:aa930025909438d611e92a08cdf7c9c0}(|)Київ, Київська, вул.Скляренка Семена, 5(|)
{"#",47e6dd42-cd5c-4e3a-9bc4-14816ed53d38,66:aa930025909438d611e92ad2bd93029d}(|){"#",a2b5aac2-33a7-41ec-878c-7dd928ac85cf,184:aa930025909438d611e92ad33120e25a}(|)Білогір'я, Хмельницька, вул.Бондарчука, Нова Пошта №11(|)
{"#",47e6dd42-cd5c-4e3a-9bc4-14816ed53d38,66:ae9a001517d39cec11e3fca25093b6f2}(|){"#",a2b5aac2-33a7-41ec-878c-7dd928ac85cf,184:aa930025909438d611e92b8f053ec59d}(|)Авторинок Лепсе (Гавела), Київ, Київська(|)
{"#",47e6dd42-cd5c-4e3a-9bc4-14816ed53d38,66:aa930025909438d611e92ddfeddf709a}(|){"#",a2b5aac2-33a7-41ec-878c-7dd928ac85cf,184:aa930025909438d611e92de059d0bc50}(|)Куликів, Львівська, вул.Львівська, 80-А(|)
{"#",47e6dd42-cd5c-4e3a-9bc4-14816ed53d38,66:aa930025909438d611e92ebf1ccffb42}(|){"#",a2b5aac2-33a7-41ec-878c-7dd928ac85cf,184:aa930025909438d611e92ebf9080fc8e}(|)Канів, Черкаська, вул.Героїв Бронепотяга, 89(|)
{"#",47e6dd42-cd5c-4e3a-9bc4-14816ed53d38,66:aa930025909438d611e92f68be2c4c27}(|){"#",a2b5aac2-33a7-41ec-878c-7dd928ac85cf,184:aa930025909438d611e92f6b7612be43}(|)Київ, Київська, просп.Маяковського Володимира, 2-В(|)
{"#",47e6dd42-cd5c-4e3a-9bc4-14816ed53d38,66:aa930025909438d611e8d2b5b1af3abb}(|){"#",a2b5aac2-33a7-41ec-878c-7dd928ac85cf,184:aa930025909438d611e93037d24eaaf1}(|)Авторинок Жуляни, Київ, Київська(|)
{"#",47e6dd42-cd5c-4e3a-9bc4-14816ed53d38,66:aa930025909438d611e9310c03358dc2}(|){"#",a2b5aac2-33a7-41ec-878c-7dd928ac85cf,184:aa930025909438d611e9310c7bc46d2c}(|)Підгородне (Дніпропетровська обл.), Дніпропетровська, вул.Партизанська, 66(|)
{"#",47e6dd42-cd5c-4e3a-9bc4-14816ed53d38,66:aa930025909438d611e9335e99d79d38}(|){"#",a2b5aac2-33a7-41ec-878c-7dd928ac85cf,184:aa930025909438d611e93361644b2616}(|)Вінниця, Вінницька, с.Майдан-Чапельський, 2-й пров. Лісної6(|)
{"#",47e6dd42-cd5c-4e3a-9bc4-14816ed53d38,66:aa930025909438d611e934f9ceffc203}(|){"#",a2b5aac2-33a7-41ec-878c-7dd928ac85cf,184:aa930025909438d611e934faeac1e9ab}(|)Миргород, Полтавська, вул.Гурамішвілі, 7(|)
{"#",47e6dd42-cd5c-4e3a-9bc4-14816ed53d38,66:aa930025909438d611e935283d4d01b1}(|){"#",a2b5aac2-33a7-41ec-878c-7dd928ac85cf,184:aa930025909438d611e93528cd46ea15}(|)Київ, Київська, вул.Пирогівський Шлях (Червонопрапорна), 34(|)
{"#",47e6dd42-cd5c-4e3a-9bc4-14816ed53d38,66:aa930025909438d611e935b40091d3fd}(|){"#",a2b5aac2-33a7-41ec-878c-7dd928ac85cf,184:aa930025909438d611e935b45bb355d5}(|)Київ, Київська, вул.Шахтарська, 4-Б(|)
{"#",47e6dd42-cd5c-4e3a-9bc4-14816ed53d38,66:aa930025909438d611e938f792081bbb}(|){"#",a2b5aac2-33a7-41ec-878c-7dd928ac85cf,184:aa930025909438d611e938f809aa4189}(|)Борислав (Львівська обл.), Львівська, вул.Дрогобицька, 7(|)
{"#",47e6dd42-cd5c-4e3a-9bc4-14816ed53d38,66:aa930025909438d611e901e9ad0ee4ba}(|){"#",a2b5aac2-33a7-41ec-878c-7dd928ac85cf,184:aa930025909438d611e939990d3778c6}(|)Кам'янське(Дніпропетровська обл), Дніпропетровська, вул.Дніпропетровська, 101-Б(|)
{"#",47e6dd42-cd5c-4e3a-9bc4-14816ed53d38,66:ae63001517d39cec11e6a67054368b2d}(|){"#",a2b5aac2-33a7-41ec-878c-7dd928ac85cf,184:aa930025909438d611e939acaf54be86}(|)Ковель, Волинська, вул.Володимирська, 90(|)
{"#",47e6dd42-cd5c-4e3a-9bc4-14816ed53d38,66:aa930025909438d611e939b08b06a32f}(|){"#",a2b5aac2-33a7-41ec-878c-7dd928ac85cf,184:aa930025909438d611e939b111a67aba}(|)Заводське(Лохвицький р-н,Полтав. обл), Полтавська, вул.Жовтнева, 1-Ж(|)
{"#",47e6dd42-cd5c-4e3a-9bc4-14816ed53d38,66:aa930025909438d611e93b627b345698}(|){"#",a2b5aac2-33a7-41ec-878c-7dd928ac85cf,184:aa930025909438d611e93b62dac5229e}(|)Київ, Київська, вул.Юрківська, 34-А(|)
{"#",47e6dd42-cd5c-4e3a-9bc4-14816ed53d38,66:aa930025909438d611e93b67b043b0cb}(|){"#",a2b5aac2-33a7-41ec-878c-7dd928ac85cf,184:aa930025909438d611e93b6849f61956}(|)Новоград-Волинський, Житомирська, вул.Житомирська, 59(|)
{"#",47e6dd42-cd5c-4e3a-9bc4-14816ed53d38,66:aa930025909438d611e93e78c221e3dc}(|){"#",a2b5aac2-33a7-41ec-878c-7dd928ac85cf,184:aa930025909438d611e93e79d61e8c7a}(|)Авторинок Центральний, Дніпро, Дніпропетровська(|)
{"#",47e6dd42-cd5c-4e3a-9bc4-14816ed53d38,66:ae9a001517d39cec11e3fca31454ea75}(|){"#",a2b5aac2-33a7-41ec-878c-7dd928ac85cf,184:aa930025909438d611e93f20f15f8102}(|)Київ, Київська, просп.Повітрофлотський, 94-А(|)
{"#",47e6dd42-cd5c-4e3a-9bc4-14816ed53d38,66:aa930025909438d611e9401e54948941}(|){"#",a2b5aac2-33a7-41ec-878c-7dd928ac85cf,184:aa930025909438d611e9401eb746d11f}(|)Авторинок Спортек, Полтава, Полтавська(|)
{"#",47e6dd42-cd5c-4e3a-9bc4-14816ed53d38,66:aa930025909438d611e944a2a39901fb}(|){"#",a2b5aac2-33a7-41ec-878c-7dd928ac85cf,184:aa930025909438d611e944a2fad7399e}(|)Київ, Київська, вул.Здолбунівська, 7-Д(|)
{"#",47e6dd42-cd5c-4e3a-9bc4-14816ed53d38,66:aa930025909438d611e944a35fc7566d}(|){"#",a2b5aac2-33a7-41ec-878c-7dd928ac85cf,184:aa930025909438d611e944a3c5d15f62}(|)Авторинок Гранд Базар, Рівне, Рівненська(|)
{"#",47e6dd42-cd5c-4e3a-9bc4-14816ed53d38,66:aa930025909438d611e944a4197f87d1}(|){"#",a2b5aac2-33a7-41ec-878c-7dd928ac85cf,184:aa930025909438d611e944a4db378d7a}(|)Авторинок Гранд Базар, Рівне, Рівненська(|)
{"#",47e6dd42-cd5c-4e3a-9bc4-14816ed53d38,66:aa930025909438d611e944a528717c7d}(|){"#",a2b5aac2-33a7-41ec-878c-7dd928ac85cf,184:aa930025909438d611e944a5e5c53979}(|)Авторинок Гранд Базар, Рівне, Рівненська(|)
{"#",47e6dd42-cd5c-4e3a-9bc4-14816ed53d38,66:aa930025909438d611e944a6c0933af3}(|){"#",a2b5aac2-33a7-41ec-878c-7dd928ac85cf,184:aa930025909438d611e944a71ac66e53}(|)Авторинок Гранд Базар, Рівне, Рівненська(|)
{"#",47e6dd42-cd5c-4e3a-9bc4-14816ed53d38,66:aa930025909438d611e944a75649ddd4}(|){"#",a2b5aac2-33a7-41ec-878c-7dd928ac85cf,184:aa930025909438d611e944ab5caa3b5a}(|)Березне, Рівненська, вул.Андріївська, 67(|)
{"#",47e6dd42-cd5c-4e3a-9bc4-14816ed53d38,66:aa930025909438d611e944b3a476422f}(|){"#",a2b5aac2-33a7-41ec-878c-7dd928ac85cf,184:aa930025909438d611e944b41f641aae}(|)72313, Запорізька обл., м.Мелітополь, вул.Червонофлотська, будинок № 113, кв.79(|)
{"#",47e6dd42-cd5c-4e3a-9bc4-14816ed53d38,66:aa930025909438d611e9458a4329a3d8}(|){"#",a2b5aac2-33a7-41ec-878c-7dd928ac85cf,184:aa930025909438d611e9458aa53c7897}(|)Одеса, Одеська, вул.Комарова Космонавта, 12(|)
{"#",47e6dd42-cd5c-4e3a-9bc4-14816ed53d38,66:aa930025909438d611e9465937710fe1}(|){"#",a2b5aac2-33a7-41ec-878c-7dd928ac85cf,184:aa930025909438d611e94659b9e53da8}(|)Сновськ, Чернігівська, вул.Свободи, 6(|)
{"#",47e6dd42-cd5c-4e3a-9bc4-14816ed53d38,66:aa930025909438d611e9495ea553cddf}(|){"#",a2b5aac2-33a7-41ec-878c-7dd928ac85cf,184:aa930025909438d611e9495f540ae681}(|)Київ, Київська, с.Софіївська Борщагівка, Соборна126/17(|)
{"#",47e6dd42-cd5c-4e3a-9bc4-14816ed53d38,66:aa930025909438d611e94971adb06e94}(|){"#",a2b5aac2-33a7-41ec-878c-7dd928ac85cf,184:aa930025909438d611e94972101817d1}(|)Полтава, Полтавська, вул.Європейська (Фрунзе), 241(|)
{"#",47e6dd42-cd5c-4e3a-9bc4-14816ed53d38,66:aa930025909438d611e949729879a263}(|){"#",a2b5aac2-33a7-41ec-878c-7dd928ac85cf,184:aa930025909438d611e9497305ce274c}(|)Корець, Рівненська, вул.Київська, 200(|)
{"#",47e6dd42-cd5c-4e3a-9bc4-14816ed53d38,66:aa930025909438d611e94978b9b4253a}(|){"#",a2b5aac2-33a7-41ec-878c-7dd928ac85cf,184:aa930025909438d611e949791662fc7a}(|)Авторинок Динамо, Рівне, Рівненська(|)
{"#",47e6dd42-cd5c-4e3a-9bc4-14816ed53d38,66:aa930025909438d611e935283d4d01b1}(|){"#",a2b5aac2-33a7-41ec-878c-7dd928ac85cf,184:aa930025909438d611e94981c54df487}(|)Київ, Київська, пров.Бородянський, 3(|)
{"#",47e6dd42-cd5c-4e3a-9bc4-14816ed53d38,66:aa930025909438d611e94a422644a043}(|){"#",a2b5aac2-33a7-41ec-878c-7dd928ac85cf,184:aa930025909438d611e94a42a41a7eac}(|)Київ, Київська, вул.Олексіївська, 5(|)
{"#",47e6dd42-cd5c-4e3a-9bc4-14816ed53d38,66:ae9a001517d39cec11e3fca09e56ab0a}(|){"#",a2b5aac2-33a7-41ec-878c-7dd928ac85cf,184:aa930025909438d611e94c7635d1d8de}(|)Київ, Київська, вул.Новокостянтинівська, 13(|)
{"#",47e6dd42-cd5c-4e3a-9bc4-14816ed53d38,66:aa930025909438d611e94c8204c25d08}(|){"#",a2b5aac2-33a7-41ec-878c-7dd928ac85cf,184:aa930025909438d611e94c82628dd187}(|)Авторинок Перфецького, Львів, Львівська(|)
{"#",47e6dd42-cd5c-4e3a-9bc4-14816ed53d38,66:aa930025909438d611e94f00a73d039f}(|){"#",a2b5aac2-33a7-41ec-878c-7dd928ac85cf,184:aa930025909438d611e94c82628dd187}(|)Авторинок Перфецького, Львів, Львівська(|)
{"#",47e6dd42-cd5c-4e3a-9bc4-14816ed53d38,66:aa930025909438d611e94efe3eacf4eb}(|){"#",a2b5aac2-33a7-41ec-878c-7dd928ac85cf,184:aa930025909438d611e94efed13e4f26}(|)Авторинок Динамо, Рівне, Рівненська(|)
{"#",47e6dd42-cd5c-4e3a-9bc4-14816ed53d38,66:aa930025909438d611e94fac87830db1}(|){"#",a2b5aac2-33a7-41ec-878c-7dd928ac85cf,184:aa930025909438d611e94fad01c3219c}(|)Конотоп, Сумська, вул.Хмельницького Богдана, 6(|)
{"#",47e6dd42-cd5c-4e3a-9bc4-14816ed53d38,66:aa930025909438d611e9512ebb679d36}(|){"#",a2b5aac2-33a7-41ec-878c-7dd928ac85cf,184:aa930025909438d611e9512f7f0c60e8}(|)Київ, Київська, вул.Якутська, 14(|)
{"#",47e6dd42-cd5c-4e3a-9bc4-14816ed53d38,66:aa990025909438d611eacbe658b1e138}(|){"#",a2b5aac2-33a7-41ec-878c-7dd928ac85cf,184:aa930025909438d611e9512f7f0c60e8}(|)Київ, Київська, вул.Якутська, 14(|)
{"#",47e6dd42-cd5c-4e3a-9bc4-14816ed53d38,66:b7df001517d39cec11e79c54302e3ed4}(|){"#",a2b5aac2-33a7-41ec-878c-7dd928ac85cf,184:aa930025909438d611e9512f7f0c60e8}(|)Київ, Київська, вул.Якутська, 14(|)
{"#",47e6dd42-cd5c-4e3a-9bc4-14816ed53d38,66:aa930025909438d611e9513caa4773b6}(|){"#",a2b5aac2-33a7-41ec-878c-7dd928ac85cf,184:aa930025909438d611e9513d2b1c9801}(|)Кринички, Дніпропетровська, вул.Зарічна, 1(|)
{"#",47e6dd42-cd5c-4e3a-9bc4-14816ed53d38,66:aa930025909438d611e9513d4c62483b}(|){"#",a2b5aac2-33a7-41ec-878c-7dd928ac85cf,184:aa930025909438d611e9513dba05ff6a}(|)Кринички, Дніпропетровська, вул.Героїв Чорнобиля(Дзержинського), 14-М(|)
{"#",47e6dd42-cd5c-4e3a-9bc4-14816ed53d38,66:aa930025909438d611e9513de3950360}(|){"#",a2b5aac2-33a7-41ec-878c-7dd928ac85cf,184:aa930025909438d611e9513e4ef37e94}(|)Кринички, Дніпропетровська, вул.Героїв Чорнобиля(Дзержинського), 32-Б(|)
{"#",47e6dd42-cd5c-4e3a-9bc4-14816ed53d38,66:aa930025909438d611e9513e711a1227}(|){"#",a2b5aac2-33a7-41ec-878c-7dd928ac85cf,184:aa930025909438d611e9513ed2500dd8}(|)Авторинок Ринок, Самбір, Львівська(|)
{"#",47e6dd42-cd5c-4e3a-9bc4-14816ed53d38,66:aa930025909438d611e952196de62ae6}(|){"#",a2b5aac2-33a7-41ec-878c-7dd928ac85cf,184:aa930025909438d611e95219d9624fb6}(|)Кам'янське(Дніпропетровська обл), Дніпропетровська, вул.Грушевського Михайла (Димитрова), 221(|)
{"#",47e6dd42-cd5c-4e3a-9bc4-14816ed53d38,66:aa930025909438d611e95219f7b01393}(|){"#",a2b5aac2-33a7-41ec-878c-7dd928ac85cf,184:aa930025909438d611e9521a6de099fd}(|)Авторинок Центральний (республиканской), Кам'янське(Дніпропетровська обл), Дніпропетровська(|)
{"#",47e6dd42-cd5c-4e3a-9bc4-14816ed53d38,66:92f7001517d39cec11e71defdc6f6d6e}(|){"#",a2b5aac2-33a7-41ec-878c-7dd928ac85cf,184:aa930025909438d611e9545f3c74eff7}(|)Київ, Київська, вул.Медова, 5-Б(|)
{"#",47e6dd42-cd5c-4e3a-9bc4-14816ed53d38,66:aa930025909438d611e95525cea296cd}(|){"#",a2b5aac2-33a7-41ec-878c-7dd928ac85cf,184:aa930025909438d611e95527e6f454f7}(|)Рожище, Волинська, вул.Героїв УПА, 2/206(|)
{"#",47e6dd42-cd5c-4e3a-9bc4-14816ed53d38,66:aa930025909438d611e95546a48773f2}(|){"#",a2b5aac2-33a7-41ec-878c-7dd928ac85cf,184:aa930025909438d611e95547057bba52}(|)Володимирець, Рівненська, вул.Західна, 1(|)
{"#",47e6dd42-cd5c-4e3a-9bc4-14816ed53d38,66:aa930025909438d611e955e4e2ee2f43}(|){"#",a2b5aac2-33a7-41ec-878c-7dd928ac85cf,184:aa930025909438d611e955efedd142d4}(|)Одеса, Одеська, вул.Армійська, 8-В(|)
{"#",47e6dd42-cd5c-4e3a-9bc4-14816ed53d38,66:aa930025909438d611e955f5ba94d2e8}(|){"#",a2b5aac2-33a7-41ec-878c-7dd928ac85cf,184:aa930025909438d611e955f78af5b149}(|)Вінниця, Вінницька, вул.Вінницьке лісництво, 1(|)
{"#",47e6dd42-cd5c-4e3a-9bc4-14816ed53d38,66:aa930025909438d611e9561de0eac5a5}(|){"#",a2b5aac2-33a7-41ec-878c-7dd928ac85cf,184:aa930025909438d611e9561e522b4d3e}(|)85109, Донецька обл., м.Костянтинівка, вул.Ломоносова, будинок № 117(|)
{"#",47e6dd42-cd5c-4e3a-9bc4-14816ed53d38,66:aa930025909438d611e956b962455125}(|){"#",a2b5aac2-33a7-41ec-878c-7dd928ac85cf,184:aa930025909438d611e956b9c87e77c1}(|)Київ, Київська, вул.Антоновича (Горького), 125-В(|)
{"#",47e6dd42-cd5c-4e3a-9bc4-14816ed53d38,66:aa930025909438d611e957886f6f6cf8}(|){"#",a2b5aac2-33a7-41ec-878c-7dd928ac85cf,184:aa930025909438d611e95789ea56db01}(|)Конотоп, Сумська, вул.Великого Володимира (Свердлова), 7(|)
{"#",47e6dd42-cd5c-4e3a-9bc4-14816ed53d38,66:aa930025909438d611e959eadb4a5c1e}(|){"#",a2b5aac2-33a7-41ec-878c-7dd928ac85cf,184:aa930025909438d611e959eb43ac4265}(|)Київ, Київська, с.Петропавлівська Борщагівка, вул Княгині Ольги1(|)
{"#",47e6dd42-cd5c-4e3a-9bc4-14816ed53d38,66:aa930025909438d611e959ebc3725cc1}(|){"#",a2b5aac2-33a7-41ec-878c-7dd928ac85cf,184:aa930025909438d611e959f0e1c3033d}(|)Авторинок Формула, Луцьк, Волинська(|)
{"#",47e6dd42-cd5c-4e3a-9bc4-14816ed53d38,66:aa930025909438d611e959f34c2aef59}(|){"#",a2b5aac2-33a7-41ec-878c-7dd928ac85cf,184:aa930025909438d611e959f3afd66507}(|)Дніпро, Дніпропетровська, вул.Шинна, 23-Г(|)
{"#",47e6dd42-cd5c-4e3a-9bc4-14816ed53d38,66:aa930025909438d611e95aa42338e0b0}(|){"#",a2b5aac2-33a7-41ec-878c-7dd928ac85cf,184:aa930025909438d611e95aa5420d45f1}(|)Луцьк, Волинська, вул.Львівська, 63(|)
{"#",47e6dd42-cd5c-4e3a-9bc4-14816ed53d38,66:aa930025909438d611e95ac2e390d179}(|){"#",a2b5aac2-33a7-41ec-878c-7dd928ac85cf,184:aa930025909438d611e95ac3788cfc18}(|)Харків, Харківська, просп.Московський, 299(|)
{"#",47e6dd42-cd5c-4e3a-9bc4-14816ed53d38,66:aa930025909438d611e95ac5a5e61b0b}(|){"#",a2b5aac2-33a7-41ec-878c-7dd928ac85cf,184:aa930025909438d611e95ac6422a73a1}(|)Рогатин, Івано-Франківська, вул.Галицька, 4(|)
{"#",47e6dd42-cd5c-4e3a-9bc4-14816ed53d38,66:aa930025909438d611e95ad35736605b}(|){"#",a2b5aac2-33a7-41ec-878c-7dd928ac85cf,184:aa930025909438d611e95ad7736ddc0d}(|)проспект Миру № 80, м.Маріуполь, Донецька обл.(|)
{"#",47e6dd42-cd5c-4e3a-9bc4-14816ed53d38,66:aa930025909438d611e95b6e104e9507}(|){"#",a2b5aac2-33a7-41ec-878c-7dd928ac85cf,184:aa930025909438d611e95b6f26c228c8}(|)Хорол, Полтавська, вул.Героїв Небесної Сотні (Леніна), 21-А(|)
{"#",47e6dd42-cd5c-4e3a-9bc4-14816ed53d38,66:aa930025909438d611e95b6fb5350715}(|){"#",a2b5aac2-33a7-41ec-878c-7dd928ac85cf,184:aa930025909438d611e95b70243be970}(|)Добряни, Львівська, вул.Незалежності, вул Стрийська1(|)
{"#",47e6dd42-cd5c-4e3a-9bc4-14816ed53d38,66:aa930025909438d611e95b8d320c139b}(|){"#",a2b5aac2-33a7-41ec-878c-7dd928ac85cf,184:aa930025909438d611e95b8da4d6a818}(|)Авторинок Жуляни, Київ, Київська(|)
{"#",47e6dd42-cd5c-4e3a-9bc4-14816ed53d38,66:aa930025909438d611e95c4520b13b7f}(|){"#",a2b5aac2-33a7-41ec-878c-7dd928ac85cf,184:aa930025909438d611e95c458d0275d4}(|)Сокільники, Львівська, вул.Вишні Остапа, 1(|)
{"#",47e6dd42-cd5c-4e3a-9bc4-14816ed53d38,66:aa930025909438d611e95cefd52e68a3}(|){"#",a2b5aac2-33a7-41ec-878c-7dd928ac85cf,184:aa930025909438d611e95cf06c19a29b}(|)Стрий, Львівська, вул.Андрусяка, 3(|)
{"#",47e6dd42-cd5c-4e3a-9bc4-14816ed53d38,66:aa930025909438d611e95cf0ae95c947}(|){"#",a2b5aac2-33a7-41ec-878c-7dd928ac85cf,184:aa930025909438d611e95cf110274ca4}(|)Львів, Львівська, вул.Навроцького, 2(|)
{"#",47e6dd42-cd5c-4e3a-9bc4-14816ed53d38,66:aa930025909438d611e95f626c092b7d}(|){"#",a2b5aac2-33a7-41ec-878c-7dd928ac85cf,184:aa930025909438d611e95f62e90d1ca5}(|)Сокільники, Львівська, вул.Вишні Остапа, 1(|)
{"#",47e6dd42-cd5c-4e3a-9bc4-14816ed53d38,66:aa930025909438d611e95f6344fd092b}(|){"#",a2b5aac2-33a7-41ec-878c-7dd928ac85cf,184:aa930025909438d611e95f63b13c7847}(|)Лебедин (Сумська обл.), Сумська, вул.Сумська, 55(|)
{"#",47e6dd42-cd5c-4e3a-9bc4-14816ed53d38,66:aa930025909438d611e9601cbb3b2547}(|){"#",a2b5aac2-33a7-41ec-878c-7dd928ac85cf,184:aa930025909438d611e9601d073f7e05}(|)Дніпро, Дніпропетровська, вул.Каштанова, 4-Б(|)
{"#",47e6dd42-cd5c-4e3a-9bc4-14816ed53d38,66:aa930025909438d611e9604ed4a6eddd}(|){"#",a2b5aac2-33a7-41ec-878c-7dd928ac85cf,184:aa930025909438d611e9604f440aed7b}(|)Магдалинівка, Дніпропетровська, вул.Набережна, 39(|)
{"#",47e6dd42-cd5c-4e3a-9bc4-14816ed53d38,66:aa930025909438d611e9604f943370e4}(|){"#",a2b5aac2-33a7-41ec-878c-7dd928ac85cf,184:aa930025909438d611e9604ff522dd05}(|)Магдалинівка, Дніпропетровська, вул.Радянська, 62(|)
{"#",47e6dd42-cd5c-4e3a-9bc4-14816ed53d38,66:aa930025909438d611e964dd5b86e1e6}(|){"#",a2b5aac2-33a7-41ec-878c-7dd928ac85cf,184:aa930025909438d611e964ddcdd4e9da}(|)Львів, Львівська, вул.Сихівська, 1(|)
{"#",47e6dd42-cd5c-4e3a-9bc4-14816ed53d38,66:974f001517d39cec11e7b7e11bd1eb9b}(|){"#",a2b5aac2-33a7-41ec-878c-7dd928ac85cf,184:aa930025909438d611e964f4c8717f56}(|)Царичанка, Дніпропетровська, вул.Першотравнева, 1(|)
{"#",47e6dd42-cd5c-4e3a-9bc4-14816ed53d38,66:aa930025909438d611e965b1eed81988}(|){"#",a2b5aac2-33a7-41ec-878c-7dd928ac85cf,184:aa930025909438d611e965b26fa7686e}(|)Колки (Рівненська обл.), Рівненська, вул.Молодіжна, 1(|)
{"#",47e6dd42-cd5c-4e3a-9bc4-14816ed53d38,66:aa930025909438d611e965b2ad1e71bc}(|){"#",a2b5aac2-33a7-41ec-878c-7dd928ac85cf,184:aa930025909438d611e965b31f4d2109}(|)Дубно, Рівненська, вул.Зерова, 7(|)
{"#",47e6dd42-cd5c-4e3a-9bc4-14816ed53d38,66:aa930025909438d611e965b362a931a8}(|){"#",a2b5aac2-33a7-41ec-878c-7dd928ac85cf,184:aa930025909438d611e965b3d87b33e8}(|)Костопіль, Рівненська, вул.Грушевського, 54(|)
{"#",47e6dd42-cd5c-4e3a-9bc4-14816ed53d38,66:aa930025909438d611e965b42858b52a}(|){"#",a2b5aac2-33a7-41ec-878c-7dd928ac85cf,184:aa930025909438d611e965b494f7df6c}(|)Дубровиця (Рівненська обл.), Рівненська, вул.Вокзальна, 5-А(|)
{"#",47e6dd42-cd5c-4e3a-9bc4-14816ed53d38,66:aa930025909438d611e965c58dc560a7}(|){"#",a2b5aac2-33a7-41ec-878c-7dd928ac85cf,184:aa930025909438d611e965c60728e10a}(|)Ватутіне, Черкаська, вул.Миру, 1(|)
{"#",47e6dd42-cd5c-4e3a-9bc4-14816ed53d38,66:ae9a001517d39cec11e3fca2999558d5}(|){"#",a2b5aac2-33a7-41ec-878c-7dd928ac85cf,184:aa930025909438d611e96687a85dd9c1}(|)Київ, Київська, просп.Бандери Степана (Московський), 14-Б(|)
{"#",47e6dd42-cd5c-4e3a-9bc4-14816ed53d38,66:aa930025909438d611e9668e9b9e5ba2}(|){"#",a2b5aac2-33a7-41ec-878c-7dd928ac85cf,184:aa930025909438d611e9669039e110bb}(|)Житомир, Житомирська, вул.Грушевського Михайла (Котовського), 105(|)
{"#",47e6dd42-cd5c-4e3a-9bc4-14816ed53d38,66:aa930025909438d611e966908ae8c2c0}(|){"#",a2b5aac2-33a7-41ec-878c-7dd928ac85cf,184:aa930025909438d611e96690c9017183}(|)Суми, Сумська, вул.Героїв Крут (Черепіна), 29(|)
{"#",47e6dd42-cd5c-4e3a-9bc4-14816ed53d38,66:aa930025909438d611e9669debc96fef}(|){"#",a2b5aac2-33a7-41ec-878c-7dd928ac85cf,184:aa930025909438d611e9669e58ed356e}(|)Тарасівка, Київська, вул.Шевченка, 2(|)
{"#",47e6dd42-cd5c-4e3a-9bc4-14816ed53d38,66:ae63001517d39cec11e68eda14fa6df1}(|){"#",a2b5aac2-33a7-41ec-878c-7dd928ac85cf,184:aa930025909438d611e96be59a7d3c4d}(|)Київ, Київська, с.Софіївська Борщагівка, Чорновола46-Б(|)
{"#",47e6dd42-cd5c-4e3a-9bc4-14816ed53d38,66:aa930025909438d611e96cd06a52a637}(|){"#",a2b5aac2-33a7-41ec-878c-7dd928ac85cf,184:aa930025909438d611e96cd13aad1243}(|)Миколаїв, Миколаївська, вул.Веселинівська, 8/1(|)
{"#",47e6dd42-cd5c-4e3a-9bc4-14816ed53d38,66:aa930025909438d611e96ff04509b5f8}(|){"#",a2b5aac2-33a7-41ec-878c-7dd928ac85cf,184:aa930025909438d611e96ff0a798184e}(|)Радивилів, Рівненська, вул.Почаївська, 69(|)
{"#",47e6dd42-cd5c-4e3a-9bc4-14816ed53d38,66:aa930025909438d611e96ff16cb5c92b}(|){"#",a2b5aac2-33a7-41ec-878c-7dd928ac85cf,184:aa930025909438d611e96ff1c83f1aff}(|)Авторинок Господарський Побутовий ринок (Шевченка), Львів, Львівська(|)
{"#",47e6dd42-cd5c-4e3a-9bc4-14816ed53d38,66:aa930025909438d611e9709d1f08be7b}(|){"#",a2b5aac2-33a7-41ec-878c-7dd928ac85cf,184:aa930025909438d611e9709d73e12f6a}(|)Білорусь(|)
{"#",47e6dd42-cd5c-4e3a-9bc4-14816ed53d38,66:aa930025909438d611e971639251afa2}(|){"#",a2b5aac2-33a7-41ec-878c-7dd928ac85cf,184:aa930025909438d611e97163e2964e10}(|)Запоріжжя, Запорізька, вул.Ситова, 11(|)
{"#",47e6dd42-cd5c-4e3a-9bc4-14816ed53d38,66:aa930025909438d611e973065c8f2c6a}(|){"#",a2b5aac2-33a7-41ec-878c-7dd928ac85cf,184:aa930025909438d611e97306dca5f1e0}(|)Глухів (Сумська обл.), Сумська, вул.Києво-Московська, 2-А(|)
{"#",47e6dd42-cd5c-4e3a-9bc4-14816ed53d38,66:aa930025909438d611e97330f92a5770}(|){"#",a2b5aac2-33a7-41ec-878c-7dd928ac85cf,184:aa930025909438d611e9733190742ac8}(|)Київ, Київська, вул.Оранжерейна, 3(|)
{"U"}(|){"#",a2b5aac2-33a7-41ec-878c-7dd928ac85cf,184:aa930025909438d611e976372d19bc10}(|)Вишневе, Київська, вул.Київська, 1-Б(|)
{"#",47e6dd42-cd5c-4e3a-9bc4-14816ed53d38,66:aa930025909438d611e976366aa9bd12}(|){"#",a2b5aac2-33a7-41ec-878c-7dd928ac85cf,184:aa930025909438d611e976372d19bc10}(|)Вишневе, Київська, вул.Київська, 1-Б(|)
{"#",47e6dd42-cd5c-4e3a-9bc4-14816ed53d38,66:aa930025909438d611e92f84877adc45}(|){"#",a2b5aac2-33a7-41ec-878c-7dd928ac85cf,184:aa930025909438d611e97637925a1121}(|)Київ, Київська, вул.Новомостицька, 25(|)
{"#",47e6dd42-cd5c-4e3a-9bc4-14816ed53d38,66:aa930025909438d611e9755fc5b1e71e}(|){"#",a2b5aac2-33a7-41ec-878c-7dd928ac85cf,184:aa930025909438d611e9763c03c81329}(|)Святопетрівське (Києво-Свят.р-н), Київська, вул.Білогородська, 9(|)
{"#",47e6dd42-cd5c-4e3a-9bc4-14816ed53d38,66:aa930025909438d611e9755fc5b1e71e}(|){"#",a2b5aac2-33a7-41ec-878c-7dd928ac85cf,184:aa930025909438d611e9763c42b1da16}(|)Київ, Київська, вул.Будіндустрії, 4(|)
{"#",47e6dd42-cd5c-4e3a-9bc4-14816ed53d38,66:aa930025909438d611e97647faabd3b9}(|){"#",a2b5aac2-33a7-41ec-878c-7dd928ac85cf,184:aa930025909438d611e976490a3c43a3}(|)Київ, Київська, вул.Деревообробна, 3-В(|)
{"#",47e6dd42-cd5c-4e3a-9bc4-14816ed53d38,66:aa930025909438d611e976ec022b787e}(|){"#",a2b5aac2-33a7-41ec-878c-7dd928ac85cf,184:aa930025909438d611e976ece8b84701}(|)Глухів (Сумська обл.), Сумська, вул.Гоголя, 4(|)
{"#",47e6dd42-cd5c-4e3a-9bc4-14816ed53d38,66:a79d001517d39cec11e8074cdf7ab04e}(|){"#",a2b5aac2-33a7-41ec-878c-7dd928ac85cf,184:aa930025909438d611e976f45c4d0d88}(|)Київ, Київська, вул.Велика Кільцева, 4-Б(|)
{"#",47e6dd42-cd5c-4e3a-9bc4-14816ed53d38,66:aa930025909438d611e977c6b90b8ecf}(|){"#",a2b5aac2-33a7-41ec-878c-7dd928ac85cf,184:aa930025909438d611e977d35f8eb167}(|)Київ, Київська, просп.Голосіївський (40-річчя Жовтня просп), 108(|)
{"#",47e6dd42-cd5c-4e3a-9bc4-14816ed53d38,66:aa930025909438d611e977db86cc547b}(|){"#",a2b5aac2-33a7-41ec-878c-7dd928ac85cf,184:aa930025909438d611e977dbf6a60208}(|)Київ, Київська, просп.Героїв Сталінграду, 50(|)
{"#",47e6dd42-cd5c-4e3a-9bc4-14816ed53d38,66:aa930025909438d611e978738efd370a}(|){"#",a2b5aac2-33a7-41ec-878c-7dd928ac85cf,184:aa930025909438d611e9787483ee292a}(|)Київ, Київська, с.Софіївська Борщагівка, Жулянська40(|)
{"#",47e6dd42-cd5c-4e3a-9bc4-14816ed53d38,66:aa930025909438d611e9789a41b7095b}(|){"#",a2b5aac2-33a7-41ec-878c-7dd928ac85cf,184:aa930025909438d611e9789ab6d9e5c7}(|)Житомир, Житомирська, просп.Незалежності (Ватутіна вулиця), 55-А(|)
{"#",47e6dd42-cd5c-4e3a-9bc4-14816ed53d38,66:aa930025909438d611e978a82eb4ec49}(|){"#",a2b5aac2-33a7-41ec-878c-7dd928ac85cf,184:aa930025909438d611e978a8efbf4dfe}(|)Київ, Київська, просп.Комарова Космонавта, 6(|)
{"#",47e6dd42-cd5c-4e3a-9bc4-14816ed53d38,66:aa930025909438d611e978a93f4ad88a}(|){"#",a2b5aac2-33a7-41ec-878c-7dd928ac85cf,184:aa930025909438d611e978a992473e50}(|)Київ, Київська, просп.Комарова Космонавта, 6(|)
{"#",47e6dd42-cd5c-4e3a-9bc4-14816ed53d38,66:aa930025909438d611e97adbea2b2f25}(|){"#",a2b5aac2-33a7-41ec-878c-7dd928ac85cf,184:aa930025909438d611e97adc5289c1ce}(|)Рафалівка, Рівненська, вул.Космонавта Комарова, Адрес не точный (спасибо Менеджеру)61(|)
{"#",47e6dd42-cd5c-4e3a-9bc4-14816ed53d38,66:aa930025909438d611e97adc7ea836dd}(|){"#",a2b5aac2-33a7-41ec-878c-7dd928ac85cf,184:aa930025909438d611e97adcce85841c}(|)Рівне, Рівненська, вул.Соборна, 420(|)
{"#",47e6dd42-cd5c-4e3a-9bc4-14816ed53d38,66:aa930025909438d611e97b04a0fbcdc6}(|){"#",a2b5aac2-33a7-41ec-878c-7dd928ac85cf,184:aa930025909438d611e97b05afbccbd9}(|)Пустомити, Львівська, вул.Радоцинська, 2(|)
{"#",47e6dd42-cd5c-4e3a-9bc4-14816ed53d38,66:aa930025909438d611e9754ae467fceb}(|){"#",a2b5aac2-33a7-41ec-878c-7dd928ac85cf,184:aa930025909438d611e97b94c713be24}(|)Калинівка (Вінницька обл., Калинівський р-н), Вінницька, вул.Нестерчука (Дзержинського), 1(|)
{"#",47e6dd42-cd5c-4e3a-9bc4-14816ed53d38,66:aa930025909438d611e97bb92304753d}(|){"#",a2b5aac2-33a7-41ec-878c-7dd928ac85cf,184:aa930025909438d611e97bb988cd5a13}(|)Авторинок Динамо, Рівне, Рівненська(|)
{"#",47e6dd42-cd5c-4e3a-9bc4-14816ed53d38,66:aa930025909438d611e97bba0f6a3f27}(|){"#",a2b5aac2-33a7-41ec-878c-7dd928ac85cf,184:aa930025909438d611e97bba79e68ecc}(|)Боярка, Київська, вул.Молодіжна, 5-А(|)
{"#",47e6dd42-cd5c-4e3a-9bc4-14816ed53d38,66:aa930025909438d611e97bbb6c0257f8}(|){"#",a2b5aac2-33a7-41ec-878c-7dd928ac85cf,184:aa930025909438d611e97bbbe578b63c}(|)П'ятихатки, Дніпропетровська, вул.Олександрійська, 57(|)
{"#",47e6dd42-cd5c-4e3a-9bc4-14816ed53d38,66:aa930025909438d611e97bbc1bdd6fd9}(|){"#",a2b5aac2-33a7-41ec-878c-7dd928ac85cf,184:aa930025909438d611e97bbc75b2e684}(|)П'ятихатки, Дніпропетровська, вул.Олександрійська, 52(|)
{"#",47e6dd42-cd5c-4e3a-9bc4-14816ed53d38,66:aa930025909438d611e97bbcd1dde5cd}(|){"#",a2b5aac2-33a7-41ec-878c-7dd928ac85cf,184:aa930025909438d611e97bbd3b4af774}(|)П'ятихатки, Дніпропетровська, вул.Шкільна, 96(|)
{"#",47e6dd42-cd5c-4e3a-9bc4-14816ed53d38,66:aa930025909438d611e97c6df965edb7}(|){"#",a2b5aac2-33a7-41ec-878c-7dd928ac85cf,184:aa930025909438d611e97c6e75382953}(|)Авторинок Успех, Одеса, Одеська(|)
{"#",47e6dd42-cd5c-4e3a-9bc4-14816ed53d38,66:aa930025909438d611e97c75ed6496db}(|){"#",a2b5aac2-33a7-41ec-878c-7dd928ac85cf,184:aa930025909438d611e97c76667003ef}(|)Авторинок Спортек, Полтава, Полтавська(|)
{"#",47e6dd42-cd5c-4e3a-9bc4-14816ed53d38,66:aa930025909438d611e97d395873d797}(|){"#",a2b5aac2-33a7-41ec-878c-7dd928ac85cf,184:aa930025909438d611e97d3b81886641}(|)Запоріжжя, Запорізька, вул.Феросплавна, 1(|)
{"#",47e6dd42-cd5c-4e3a-9bc4-14816ed53d38,66:92f7001517d39cec11e71527257f3ff6}(|){"#",a2b5aac2-33a7-41ec-878c-7dd928ac85cf,184:aa930025909438d611e97df702b028e9}(|)Дніпро, Дніпропетровська, вул.Бикова (Орджонікідзе), 12(|)
{"#",47e6dd42-cd5c-4e3a-9bc4-14816ed53d38,66:aa930025909438d611e98071d19c493e}(|){"#",a2b5aac2-33a7-41ec-878c-7dd928ac85cf,184:aa930025909438d611e9807dd6321d97}(|)Вінниця, Вінницька, пров.Індустріальний 2-й, 3(|)
{"#",47e6dd42-cd5c-4e3a-9bc4-14816ed53d38,66:aa930025909438d611e9813728ff2397}(|){"#",a2b5aac2-33a7-41ec-878c-7dd928ac85cf,184:aa930025909438d611e981378fb46b8c}(|)Рожище, Волинська, вул.Гагаріна, 4(|)
{"#",47e6dd42-cd5c-4e3a-9bc4-14816ed53d38,66:b7df001517d39cec11e73622f8532138}(|){"#",a2b5aac2-33a7-41ec-878c-7dd928ac85cf,184:aa930025909438d611e98143117a9276}(|)Київ, Київська, вул.Затишна, 7-Б(|)
{"#",47e6dd42-cd5c-4e3a-9bc4-14816ed53d38,66:aa930025909438d611e981ee597863a3}(|){"#",a2b5aac2-33a7-41ec-878c-7dd928ac85cf,184:aa930025909438d611e981eecce0e3f9}(|)Ірпінь, Київська, смт.Гостомель, 31(|)
{"#",47e6dd42-cd5c-4e3a-9bc4-14816ed53d38,66:aa930025909438d611e982a84c95b82c}(|){"#",a2b5aac2-33a7-41ec-878c-7dd928ac85cf,184:aa930025909438d611e982a8ad5cc021}(|)Шостка, Сумська, вул.Некрасова, 16(|)
{"#",47e6dd42-cd5c-4e3a-9bc4-14816ed53d38,66:aa930025909438d611e985de95090b00}(|){"#",a2b5aac2-33a7-41ec-878c-7dd928ac85cf,184:aa930025909438d611e985df105aea57}(|)Городок(Львівська обл.), Львівська, вул.Валова, 1(|)
{"#",47e6dd42-cd5c-4e3a-9bc4-14816ed53d38,66:aa930025909438d611e960663d80e046}(|){"#",a2b5aac2-33a7-41ec-878c-7dd928ac85cf,184:aa930025909438d611e985e0372fffde}(|)Кам'янське(Дніпропетровська обл), Дніпропетровська, вул.Звенигородська (Бойко), 25(|)
{"#",47e6dd42-cd5c-4e3a-9bc4-14816ed53d38,66:aa930025909438d611e9805783138d8d}(|){"#",a2b5aac2-33a7-41ec-878c-7dd928ac85cf,184:aa930025909438d611e986ac017a1a91}(|)Україна(|)
{"#",47e6dd42-cd5c-4e3a-9bc4-14816ed53d38,66:aa930025909438d611e9876b2664e971}(|){"#",a2b5aac2-33a7-41ec-878c-7dd928ac85cf,184:aa930025909438d611e9876ba2749747}(|)Авторинок Авторинок, Кременчук, Полтавська(|)
{"#",47e6dd42-cd5c-4e3a-9bc4-14816ed53d38,66:aa930025909438d611e9879b0ec84324}(|){"#",a2b5aac2-33a7-41ec-878c-7dd928ac85cf,184:aa930025909438d611e9879c40a6e3d0}(|)Софіївка(Дніпропетровська обл.), Дніпропетровська, вул.Жовтнева, 77-А(|)
{"#",47e6dd42-cd5c-4e3a-9bc4-14816ed53d38,66:aa930025909438d611e9879d05cd036b}(|){"#",a2b5aac2-33a7-41ec-878c-7dd928ac85cf,184:aa930025909438d611e9879dd41d2d13}(|)Софіївка(Дніпропетровська обл.), Дніпропетровська, вул.Лікарняна, 5(|)
{"#",47e6dd42-cd5c-4e3a-9bc4-14816ed53d38,66:aa930025909438d611e9879e0cb55f5c}(|){"#",a2b5aac2-33a7-41ec-878c-7dd928ac85cf,184:aa930025909438d611e9879e70e3cb5c}(|)Софіївка(Дніпропетровська обл.), Дніпропетровська, вул.Лікарняна, 5(|)
{"#",47e6dd42-cd5c-4e3a-9bc4-14816ed53d38,66:ae9a001517d39cec11e3fca0925a3885}(|){"#",a2b5aac2-33a7-41ec-878c-7dd928ac85cf,184:aa930025909438d611e98b52371578a4}(|)Дніпро, Дніпропетровська, вул.Велика Діївська (Братів Трофимових), 40(|)099-702-66-01 Елена
{"#",47e6dd42-cd5c-4e3a-9bc4-14816ed53d38,66:aa930025909438d611e98b7b81d1333b}(|){"#",a2b5aac2-33a7-41ec-878c-7dd928ac85cf,184:aa930025909438d611e98b7bfb5c0591}(|)Самбір, Львівська, вул.Франка Івана, 10(|)
{"#",47e6dd42-cd5c-4e3a-9bc4-14816ed53d38,66:ae9a001517d39cec11e3fed014f53035}(|){"#",a2b5aac2-33a7-41ec-878c-7dd928ac85cf,184:aa930025909438d611e98b87aa3dd03b}(|)Рівне, Рівненська, вул.Бандери Степана, 69-В(|)
{"#",47e6dd42-cd5c-4e3a-9bc4-14816ed53d38,66:aa930025909438d611e92f68be2c4c27}(|){"#",a2b5aac2-33a7-41ec-878c-7dd928ac85cf,184:aa930025909438d611e98c467400cca9}(|)Київ, Київська, вул.Нижній Вал, 23-В(|)
{"#",47e6dd42-cd5c-4e3a-9bc4-14816ed53d38,66:aa930025909438d611e98cf92cda3102}(|){"#",a2b5aac2-33a7-41ec-878c-7dd928ac85cf,184:aa930025909438d611e98cfdd2cbeff1}(|)Білопілля, Сумська, вул.Ворожбянський шлях, 115-А(|)
{"#",47e6dd42-cd5c-4e3a-9bc4-14816ed53d38,66:aa930025909438d611e98e9204890f2a}(|){"#",a2b5aac2-33a7-41ec-878c-7dd928ac85cf,184:aa930025909438d611e98e926eee48a2}(|)Вишневе, Київська, вул.Чорновола В'ячеслава, 33(|)
{"#",47e6dd42-cd5c-4e3a-9bc4-14816ed53d38,66:911f001517d39cec11e431b492d80564}(|){"#",a2b5aac2-33a7-41ec-878c-7dd928ac85cf,184:aa930025909438d611e9919c0ca4d638}(|)Кривий Ріг, Дніпропетровська, вул.Лермонтова, 37/2(|)
{"#",47e6dd42-cd5c-4e3a-9bc4-14816ed53d38,66:911f001517d39cec11e431b492d80564}(|){"#",a2b5aac2-33a7-41ec-878c-7dd928ac85cf,184:aa930025909438d611e9919c31e492ca}(|)Кривий Ріг, Дніпропетровська, вул.Десантна, 15(|)
{"#",47e6dd42-cd5c-4e3a-9bc4-14816ed53d38,66:aa930025909438d611e9919e001e2e15}(|){"#",a2b5aac2-33a7-41ec-878c-7dd928ac85cf,184:aa930025909438d611e9919e5f798905}(|)Київ, Київська, вул.Терьохіна Олексія, 8-А(|)
{"#",47e6dd42-cd5c-4e3a-9bc4-14816ed53d38,66:ae9a001517d39cec11e3fca19efe0f57}(|){"#",a2b5aac2-33a7-41ec-878c-7dd928ac85cf,184:aa930025909438d611e991afcf6c97c6}(|)Запоріжжя, Запорізька, вул.Виробнича, 13(|)
{"#",47e6dd42-cd5c-4e3a-9bc4-14816ed53d38,66:aa930025909438d611e991c8d0eabb94}(|){"#",a2b5aac2-33a7-41ec-878c-7dd928ac85cf,184:aa930025909438d611e991c96e6e7e6e}(|)Полиці, Рівненська, вул.Хмельницького Богдана, 10-а(|)
{"#",47e6dd42-cd5c-4e3a-9bc4-14816ed53d38,66:ae9a001517d39cec11e3fca293663f6d}(|){"#",a2b5aac2-33a7-41ec-878c-7dd928ac85cf,184:aa930025909438d611e99337faadb207}(|)Чернігів, Чернігівська, вул.Кільцева, 16(|)
{"#",47e6dd42-cd5c-4e3a-9bc4-14816ed53d38,66:aa930025909438d611e99353ff29e1f1}(|){"#",a2b5aac2-33a7-41ec-878c-7dd928ac85cf,184:aa930025909438d611e99354801e2a87}(|)Авторинок Центральний, Васильків, Київська(|)
{"#",47e6dd42-cd5c-4e3a-9bc4-14816ed53d38,66:aa930025909438d611e99673a1f25529}(|){"#",a2b5aac2-33a7-41ec-878c-7dd928ac85cf,184:aa930025909438d611e996740ea924f8}(|)Київ, Київська, вул.Богатирська, 12(|)
{"#",47e6dd42-cd5c-4e3a-9bc4-14816ed53d38,66:aa930025909438d611e8dc1792c81e62}(|){"#",a2b5aac2-33a7-41ec-878c-7dd928ac85cf,184:aa930025909438d611e996793fe61987}(|)Запоріжжя, Запорізька, вул.Промислова, 13(|)
{"#",47e6dd42-cd5c-4e3a-9bc4-14816ed53d38,66:aa930025909438d611e9972ac39d814a}(|){"#",a2b5aac2-33a7-41ec-878c-7dd928ac85cf,184:aa930025909438d611e9972b48a1f43a}(|)Київ, Київська, вул.Святошинська, 34(|)
{"#",47e6dd42-cd5c-4e3a-9bc4-14816ed53d38,66:aa930025909438d611e9972da2c2ac29}(|){"#",a2b5aac2-33a7-41ec-878c-7dd928ac85cf,184:aa930025909438d611e9972e0e9d41e7}(|)Сарни, Рівненська, вул.Білгородська, 31(|)
{"#",47e6dd42-cd5c-4e3a-9bc4-14816ed53d38,66:aa930025909438d611e95546a48773f2}(|){"#",a2b5aac2-33a7-41ec-878c-7dd928ac85cf,184:aa930025909438d611e99733e274e725}(|)Рафалівка, Рівненська, вул.Садова, 40(|)
{"#",47e6dd42-cd5c-4e3a-9bc4-14816ed53d38,66:9c80001517d39cec11e53ff3293752c4}(|){"#",a2b5aac2-33a7-41ec-878c-7dd928ac85cf,184:aa930025909438d611e997346541c00a}(|)Рокитне (Рівненська обл., Рокитнівський р-н), Рівненська, вул.Незалежності, 10(|)
{"#",47e6dd42-cd5c-4e3a-9bc4-14816ed53d38,66:aa930025909438d611e98b8c105e97ed}(|){"#",a2b5aac2-33a7-41ec-878c-7dd928ac85cf,184:aa930025909438d611e998bb308e7e71}(|)Одеса, Одеська, пров.Аркадіївський, 9/1(|)
{"#",47e6dd42-cd5c-4e3a-9bc4-14816ed53d38,66:aa930025909438d611e998c4374b4872}(|){"#",a2b5aac2-33a7-41ec-878c-7dd928ac85cf,184:aa930025909438d611e998cbb6a9bb97}(|)Полтава, Полтавська, вул.Зіньківська, 11/31(|)
{"#",47e6dd42-cd5c-4e3a-9bc4-14816ed53d38,66:aa930025909438d611e99bf2053a90d2}(|){"#",a2b5aac2-33a7-41ec-878c-7dd928ac85cf,184:aa930025909438d611e99bf304d693e7}(|)Тростянець (Сумська обл.), Сумська, вул.Хмельницького Богдана, 14(|)
{"#",47e6dd42-cd5c-4e3a-9bc4-14816ed53d38,66:aa930025909438d611e9a175bf59cce1}(|){"#",a2b5aac2-33a7-41ec-878c-7dd928ac85cf,184:aa930025909438d611e9a176091edd43}(|)Київ, Київська, вул.Скляренка Семена, 5(|)
{"#",47e6dd42-cd5c-4e3a-9bc4-14816ed53d38,66:aa930025909438d611e9a189c29fe4f3}(|){"#",a2b5aac2-33a7-41ec-878c-7dd928ac85cf,184:aa930025909438d611e9a189ac46229b}(|)Кропивницький, Кіровоградська, вул.Єгорова, 40(|)
{"#",47e6dd42-cd5c-4e3a-9bc4-14816ed53d38,66:aa930025909438d611e9a3ae2d9b864d}(|){"#",a2b5aac2-33a7-41ec-878c-7dd928ac85cf,184:aa930025909438d611e9a3af229dd61a}(|)Миколаїв, Миколаївська, просп.Героїв України (Героїв Сталінграду), 12(|)
{"#",47e6dd42-cd5c-4e3a-9bc4-14816ed53d38,66:aa940025909438d611e9a6d198acf14b}(|){"#",a2b5aac2-33a7-41ec-878c-7dd928ac85cf,184:aa940025909438d611e9a6d2b8701fea}(|)Суми, Сумська, вул.Білопільський Шлях, 7(|)
{"#",47e6dd42-cd5c-4e3a-9bc4-14816ed53d38,66:ae9a001517d39cec11e3fca25cb64f05}(|){"#",a2b5aac2-33a7-41ec-878c-7dd928ac85cf,184:aa950025909438d711e9a95716739a59}(|)Авторинок Центральний, Васильків, Київська(|)
{"#",47e6dd42-cd5c-4e3a-9bc4-14816ed53d38,66:aa950025909438d711e9ac765f98b890}(|){"#",a2b5aac2-33a7-41ec-878c-7dd928ac85cf,184:aa950025909438d711e9ac76d6575a8b}(|)Київ, Київська, вул.Велика Васильківська (Червоноармійська), 143/2(|)
{"#",47e6dd42-cd5c-4e3a-9bc4-14816ed53d38,66:9298001517d39cec11e6324f96a14d5c}(|){"#",a2b5aac2-33a7-41ec-878c-7dd928ac85cf,184:aa950025909438d711e9aeaec13278ec}(|)Чернігів, Чернігівська, вул.Сурабка Григорія (Василевської Ванди), 11(|)
{"#",47e6dd42-cd5c-4e3a-9bc4-14816ed53d38,66:aa950025909438d711e9aeacfa2242fb}(|){"#",a2b5aac2-33a7-41ec-878c-7dd928ac85cf,184:aa950025909438d711e9aeaee29c7f90}(|)Чернігів, Чернігівська, вул.Сурабка Григорія (Василевської Ванди), 11(|)
{"#",47e6dd42-cd5c-4e3a-9bc4-14816ed53d38,66:aa950025909438d711e9b1f69be97ceb}(|){"#",a2b5aac2-33a7-41ec-878c-7dd928ac85cf,184:aa950025909438d711e9b1f7ee59502d}(|)Авторинок Автобазар, Білгород-Дністровський, Одеська(|)
{"#",47e6dd42-cd5c-4e3a-9bc4-14816ed53d38,66:aa950025909438d711e9b29f4b14c4d6}(|){"#",a2b5aac2-33a7-41ec-878c-7dd928ac85cf,184:aa950025909438d711e9b29f8b7b7609}(|)Сміла, Черкаська, вул.Шевченка, 61(|)
{"#",47e6dd42-cd5c-4e3a-9bc4-14816ed53d38,66:aa950025909438d711e9b29f4b14c4d6}(|){"#",a2b5aac2-33a7-41ec-878c-7dd928ac85cf,184:aa950025909438d711e9b2a169a94060}(|)Сміла, Черкаська, вул.Телеграфна, 9(|)
{"#",47e6dd42-cd5c-4e3a-9bc4-14816ed53d38,66:aa950025909438d711e9b39413b25724}(|){"#",a2b5aac2-33a7-41ec-878c-7dd928ac85cf,184:aa950025909438d711e9b3950944cd24}(|)Лубни, Полтавська, просп.Володимирський (Радянська вул), 182(|)
{"#",47e6dd42-cd5c-4e3a-9bc4-14816ed53d38,66:aa950025909438d711e9b839369eb690}(|){"#",a2b5aac2-33a7-41ec-878c-7dd928ac85cf,184:aa950025909438d711e9b83e983b38ca}(|)Авторинок Центральний, Вараш, Рівненська(|)
{"#",47e6dd42-cd5c-4e3a-9bc4-14816ed53d38,66:aa950025909438d711e9b83ef494d18d}(|){"#",a2b5aac2-33a7-41ec-878c-7dd928ac85cf,184:aa950025909438d711e9b8400c5d9263}(|)Вінниця, Вінницька, вул.Келецька, 41(|)
{"#",47e6dd42-cd5c-4e3a-9bc4-14816ed53d38,66:ae9a001517d39cec11e3fca073dc6584}(|){"#",a2b5aac2-33a7-41ec-878c-7dd928ac85cf,184:aa950025909438d711e9bced5fb0373e}(|)Заводське(Лохвицький р-н,Полтав. обл), Полтавська, вул.Озерна, 10(|)Матросова буд № 26, Червонозаводське, Полтавський, Полтавський
{"#",47e6dd42-cd5c-4e3a-9bc4-14816ed53d38,66:aa950025909438d711e9c25ba2ef932e}(|){"#",a2b5aac2-33a7-41ec-878c-7dd928ac85cf,184:aa950025909438d711e9c25c520d2d05}(|)Самбір, Львівська, вул.Франка Івана, 10(|)
{"#",47e6dd42-cd5c-4e3a-9bc4-14816ed53d38,66:aa950025909438d711e9c27244448b0b}(|){"#",a2b5aac2-33a7-41ec-878c-7dd928ac85cf,184:aa950025909438d711e9c272c13def2a}(|)Львів, Львівська, вул.Масарика, 16(|)
{"#",47e6dd42-cd5c-4e3a-9bc4-14816ed53d38,66:ae9a001517d39cec11e3fca2fc121ca3}(|){"#",a2b5aac2-33a7-41ec-878c-7dd928ac85cf,184:aa950025909438d711e9c7e0ba00152a}(|)Авторинок Центральний, Дніпро, Дніпропетровська(|)063-615-32-42 Егор
{"#",47e6dd42-cd5c-4e3a-9bc4-14816ed53d38,66:aa950025909438d711e9c2847195f2e1}(|){"#",a2b5aac2-33a7-41ec-878c-7dd928ac85cf,184:aa950025909438d711e9c89f70f68c7b}(|)Вінниця, Вінницька, шосеНемирівське, 1(|)
{"#",47e6dd42-cd5c-4e3a-9bc4-14816ed53d38,66:aa960025909438d711e9d398fb5bd15d}(|){"#",a2b5aac2-33a7-41ec-878c-7dd928ac85cf,184:aa960025909438d711e9d39deac2e9fa}(|)Київ, Київська, вул.Звіринецька, 63(|)
{"#",47e6dd42-cd5c-4e3a-9bc4-14816ed53d38,66:ae9a001517d39cec11e3fca23e197d80}(|){"#",a2b5aac2-33a7-41ec-878c-7dd928ac85cf,184:aa960025909438d711e9d53ede84adfa}(|)Чернігів, Чернігівська, вул.Березовського Максима, 50(|)
{"#",47e6dd42-cd5c-4e3a-9bc4-14816ed53d38,66:aa960025909438d711e9d54d7d3102b8}(|){"#",a2b5aac2-33a7-41ec-878c-7dd928ac85cf,184:aa960025909438d711e9d54df2374e71}(|)Олександрівка (Миколаївська обл.), Миколаївська, вул.Подзигуна Генерала, 1-А(|)
{"#",47e6dd42-cd5c-4e3a-9bc4-14816ed53d38,66:9c80001517d39cec11e55b8aba7ea1c6}(|){"#",a2b5aac2-33a7-41ec-878c-7dd928ac85cf,184:aa960025909438d711e9da2413e5b2ba}(|)Київ, Київська, вул.Красицького, 52(|)
{"#",47e6dd42-cd5c-4e3a-9bc4-14816ed53d38,66:9c80001517d39cec11e55b8aba7ea1c6}(|){"#",a2b5aac2-33a7-41ec-878c-7dd928ac85cf,184:aa960025909438d711e9da242f2bd3f3}(|)Авторинок Полісся, Київ, Київська(|)
{"#",47e6dd42-cd5c-4e3a-9bc4-14816ed53d38,66:ae9a001517d39cec11e3fca24a53ed13}(|){"#",a2b5aac2-33a7-41ec-878c-7dd928ac85cf,184:aa960025909438d711e9db789ec38584}(|)Кам'янське(Дніпропетровська обл), Дніпропетровська, вул.Республіканська, 9(|)
{"#",47e6dd42-cd5c-4e3a-9bc4-14816ed53d38,66:aa970025909438d711e9de9bfd0ca896}(|){"#",a2b5aac2-33a7-41ec-878c-7dd928ac85cf,184:aa970025909438d711e9de9c9fb6955e}(|)Авторинок Базар, Канів, Черкаська(|)
{"#",47e6dd42-cd5c-4e3a-9bc4-14816ed53d38,66:aaa40025909438d711eb0d3b4dc82c08}(|){"#",a2b5aac2-33a7-41ec-878c-7dd928ac85cf,184:aa970025909438d711e9de9c9fb6955e}(|)Авторинок Базар, Канів, Черкаська(|)
{"#",47e6dd42-cd5c-4e3a-9bc4-14816ed53d38,66:ae9a001517d39cec11e3fca10c5d7057}(|){"#",a2b5aac2-33a7-41ec-878c-7dd928ac85cf,184:aa970025909438d711e9e1364f84ef6e}(|)Авторинок Полісся, Київ, Київська(|)МАг.№19/с Автозаводской
{"#",47e6dd42-cd5c-4e3a-9bc4-14816ed53d38,66:ae9a001517d39cec11e3fca34b394e96}(|){"#",a2b5aac2-33a7-41ec-878c-7dd928ac85cf,184:aa970025909438d711e9e1364f84ef6e}(|)Авторинок Полісся, Київ, Київська(|)
{"#",47e6dd42-cd5c-4e3a-9bc4-14816ed53d38,66:ae9a001517d39cec11e3fca31454ea79}(|){"#",a2b5aac2-33a7-41ec-878c-7dd928ac85cf,184:aa970025909438d711e9e4ed08891756}(|)Тарасівка, Київська, вул.Горького, 52(|)
{"#",47e6dd42-cd5c-4e3a-9bc4-14816ed53d38,66:aa970025909438d711e9e51ea86a16eb}(|){"#",a2b5aac2-33a7-41ec-878c-7dd928ac85cf,184:aa970025909438d711e9e51f0898115a}(|)Київ, Київська, просп.Правди, 3-А(|)
{"#",47e6dd42-cd5c-4e3a-9bc4-14816ed53d38,66:aa970025909438d711e9e5b71a0db656}(|){"#",a2b5aac2-33a7-41ec-878c-7dd928ac85cf,184:aa970025909438d711e9e5b75497fda1}(|)Вишневе(|)
{"#",47e6dd42-cd5c-4e3a-9bc4-14816ed53d38,66:aa970025909438d711ea0adc3fa00105}(|){"#",a2b5aac2-33a7-41ec-878c-7dd928ac85cf,184:aa970025909438d711e9e5b75497fda1}(|)Вишневе(|)
{"#",47e6dd42-cd5c-4e3a-9bc4-14816ed53d38,66:aa970025909438d711ea393a6b6961f5}(|){"#",a2b5aac2-33a7-41ec-878c-7dd928ac85cf,184:aa970025909438d711e9e5b75497fda1}(|)Вишневе(|)
{"#",47e6dd42-cd5c-4e3a-9bc4-14816ed53d38,66:aa970025909438d711e9e9b9d0914727}(|){"#",a2b5aac2-33a7-41ec-878c-7dd928ac85cf,184:aa970025909438d711e9e9ba716d6dd5}(|)Терни, Сумська, вул.Кооперативна, 4(|)
{"#",47e6dd42-cd5c-4e3a-9bc4-14816ed53d38,66:aa950025909438d711e9bf51c164769c}(|){"#",a2b5aac2-33a7-41ec-878c-7dd928ac85cf,184:aa970025909438d711e9e9c3d5101db0}(|)Кам'янське(Дніпропетровська обл), Дніпропетровська, вул.Маяковського, 34(|)
{"#",47e6dd42-cd5c-4e3a-9bc4-14816ed53d38,66:aa910025909438d711e8ba59a4a56222}(|){"#",a2b5aac2-33a7-41ec-878c-7dd928ac85cf,184:aa970025909438d711e9eb440f948f01}(|)Чернігів, Чернігівська, вул.Кільцева, 9(|)
{"#",47e6dd42-cd5c-4e3a-9bc4-14816ed53d38,66:aa970025909438d711e9ec24918e2265}(|){"#",a2b5aac2-33a7-41ec-878c-7dd928ac85cf,184:aa970025909438d711e9ec251183d42d}(|)Чернігівстка обл., м.Прилуки, вул.Промислова, будинок № 13(|)
{"#",47e6dd42-cd5c-4e3a-9bc4-14816ed53d38,66:ae9a001517d39cec11e3fca20d322162}(|){"#",a2b5aac2-33a7-41ec-878c-7dd928ac85cf,184:aa970025909438d711e9ee75d1398974}(|)Недригайлів (Сумська обл.), Сумська, вул.Вишнева, 3(|)
{"#",47e6dd42-cd5c-4e3a-9bc4-14816ed53d38,66:ae9a001517d39cec11e3fca20d322162}(|){"#",a2b5aac2-33a7-41ec-878c-7dd928ac85cf,184:aa970025909438d711e9ee760927d175}(|)Тростянець (Сумська обл.), Сумська, вул.Благовіщенська, 58-А(|)
{"#",47e6dd42-cd5c-4e3a-9bc4-14816ed53d38,66:aa970025909438d711e9efffb361feef}(|){"#",a2b5aac2-33a7-41ec-878c-7dd928ac85cf,184:aa970025909438d711e9f0003b3bb242}(|)Київ, Київська, вул.Сосюри Володимира, 68(|)
{"#",47e6dd42-cd5c-4e3a-9bc4-14816ed53d38,66:aa970025909438d711e9f02101794291}(|){"#",a2b5aac2-33a7-41ec-878c-7dd928ac85cf,184:aa970025909438d711e9f021de18e341}(|)Київ, Київська, вул.Новомостицька, 31(|)
{"#",47e6dd42-cd5c-4e3a-9bc4-14816ed53d38,66:aa970025909438d711e9f4b0360603ff}(|){"#",a2b5aac2-33a7-41ec-878c-7dd928ac85cf,184:aa970025909438d711e9f4b0af861cbe}(|)Ніжин, Чернігівська, вул.Синяківська, 79(|)
{"#",47e6dd42-cd5c-4e3a-9bc4-14816ed53d38,66:aa970025909438d711e9f4b955c1f03f}(|){"#",a2b5aac2-33a7-41ec-878c-7dd928ac85cf,184:aa970025909438d711e9f4b9b2ac5964}(|)Десна (Чернігівська обл.), Чернігівська, вул.Довженка, 45-А(|)
{"#",47e6dd42-cd5c-4e3a-9bc4-14816ed53d38,66:aa970025909438d711e9f55b957b74dd}(|){"#",a2b5aac2-33a7-41ec-878c-7dd928ac85cf,184:aa970025909438d711e9f55c095f3383}(|)Київ, Київська, вул.Зоологічна, 4-А(|)
{"#",47e6dd42-cd5c-4e3a-9bc4-14816ed53d38,66:aa970025909438d711e9f4db55529268}(|){"#",a2b5aac2-33a7-41ec-878c-7dd928ac85cf,184:aa970025909438d711e9f55db6cf759b}(|)Київ, Київська, вул.Олекси Тихого, 12(|)
{"#",47e6dd42-cd5c-4e3a-9bc4-14816ed53d38,66:aa970025909438d711e9f55d6a0fb180}(|){"#",a2b5aac2-33a7-41ec-878c-7dd928ac85cf,184:aa970025909438d711e9f55db6cf759b}(|)Київ, Київська, вул.Олекси Тихого, 12(|)
{"#",47e6dd42-cd5c-4e3a-9bc4-14816ed53d38,66:aa970025909438d711e9feeb57002f71}(|){"#",a2b5aac2-33a7-41ec-878c-7dd928ac85cf,184:aa970025909438d711e9feebb96e4574}(|)Красне (Львівська обл.), Львівська, вул.Франка Івана, 83(|)
{"#",47e6dd42-cd5c-4e3a-9bc4-14816ed53d38,66:aa970025909438d711e9fb18b6ca42d7}(|){"#",a2b5aac2-33a7-41ec-878c-7dd928ac85cf,184:aa970025909438d711e9feec71082490}(|)Якушинці, Вінницька, вул.Барське, 22(|)
{"#",47e6dd42-cd5c-4e3a-9bc4-14816ed53d38,66:aa970025909438d711e9ff25741fbbc9}(|){"#",a2b5aac2-33a7-41ec-878c-7dd928ac85cf,184:aa970025909438d711e9ff25e41a69d7}(|)Київ, Київська, вул.Мельниченка, 13(|)
{"#",47e6dd42-cd5c-4e3a-9bc4-14816ed53d38,66:aa970025909438d711ea046bf446aa54}(|){"#",a2b5aac2-33a7-41ec-878c-7dd928ac85cf,184:aa970025909438d711ea046c80868a3e}(|)Харків, Харківська, просп.Любові Малої (Постишева), 99(|)
{"#",47e6dd42-cd5c-4e3a-9bc4-14816ed53d38,66:aa970025909438d711ea0606fffcaad3}(|){"#",a2b5aac2-33a7-41ec-878c-7dd928ac85cf,184:aa970025909438d711ea0607a745e8ca}(|)Полтава, Полтавська, пров.Керамічний, 11(|)
{"#",47e6dd42-cd5c-4e3a-9bc4-14816ed53d38,66:aa970025909438d711ea06bf55cd61a2}(|){"#",a2b5aac2-33a7-41ec-878c-7dd928ac85cf,184:aa970025909438d711ea06bfad1b3863}(|)Тячівський р-н с. Терново вул Центральна 105(|)
{"#",47e6dd42-cd5c-4e3a-9bc4-14816ed53d38,66:ae9a001517d39cec11e3fca25cb64f11}(|){"#",a2b5aac2-33a7-41ec-878c-7dd928ac85cf,184:aa970025909438d711ea0a1107b8ce9d}(|)Вишгород, Київська, вул.Шолуденка, 15(|)
{"#",47e6dd42-cd5c-4e3a-9bc4-14816ed53d38,66:aa970025909438d711ea0acf8d1fde17}(|){"#",a2b5aac2-33a7-41ec-878c-7dd928ac85cf,184:aa970025909438d711ea0ad09d09a73a}(|)Київ, Київська, пров.Балтійський, 20(|)
{"#",47e6dd42-cd5c-4e3a-9bc4-14816ed53d38,66:aa970025909438d711ea0b8c45c5348f}(|){"#",a2b5aac2-33a7-41ec-878c-7dd928ac85cf,184:aa970025909438d711ea0b8dc306d71b}(|)Новотроїцьке (Херсонська обл.), Херсонська, вул.Соборна, 35(|)
{"#",47e6dd42-cd5c-4e3a-9bc4-14816ed53d38,66:aa970025909438d711ea0b8eabcb3c2e}(|){"#",a2b5aac2-33a7-41ec-878c-7dd928ac85cf,184:aa970025909438d711ea0b8f3ba0cbe7}(|)Костопіль, Рівненська, вул.Бурова, 17-Г(|)
{"#",47e6dd42-cd5c-4e3a-9bc4-14816ed53d38,66:aa970025909438d711ea0c3971ea878a}(|){"#",a2b5aac2-33a7-41ec-878c-7dd928ac85cf,184:aa970025909438d711ea0c3a9c3a6d66}(|)Кагарлик, Київська, вул.Білоцерківська, 1-А(|)
{"#",47e6dd42-cd5c-4e3a-9bc4-14816ed53d38,66:aa970025909438d711ea0c44500e9e5e}(|){"#",a2b5aac2-33a7-41ec-878c-7dd928ac85cf,184:aa970025909438d711ea0c45e4ee98c2}(|)Чернігів, Чернігівська, вул.Ціолковського, 11 кор А(|)
{"#",47e6dd42-cd5c-4e3a-9bc4-14816ed53d38,66:aa970025909438d711ea0c466fbf92a4}(|){"#",a2b5aac2-33a7-41ec-878c-7dd928ac85cf,184:aa970025909438d711ea0c45e4ee98c2}(|)Чернігів, Чернігівська, вул.Ціолковського, 11 кор А(|)
{"#",47e6dd42-cd5c-4e3a-9bc4-14816ed53d38,66:aa970025909438d711ea0c65d77b6ae4}(|){"#",a2b5aac2-33a7-41ec-878c-7dd928ac85cf,184:aa970025909438d711ea0c6678315409}(|)Київ, Київська, просп.Правди, 66-А(|)
{"#",47e6dd42-cd5c-4e3a-9bc4-14816ed53d38,66:aa970025909438d711ea11c2549ae665}(|){"#",a2b5aac2-33a7-41ec-878c-7dd928ac85cf,184:aa970025909438d711ea11c296b24609}(|)Київ, Київська, вул.Архипенка Олександра (Мате Залки), 5(|)
{"#",47e6dd42-cd5c-4e3a-9bc4-14816ed53d38,66:aa970025909438d711e9ec19f7f22687}(|){"#",a2b5aac2-33a7-41ec-878c-7dd928ac85cf,184:aa970025909438d711ea1511304378e5}(|)Київ, Київська, просп.Бандери Степана (Московський), 20-А(|)
{"#",47e6dd42-cd5c-4e3a-9bc4-14816ed53d38,66:aa970025909438d711ea1683487a4d2e}(|){"#",a2b5aac2-33a7-41ec-878c-7dd928ac85cf,184:aa970025909438d711ea168402b429d5}(|)Полтава, Полтавська, вул.Кучеренка, 4(|)
{"#",47e6dd42-cd5c-4e3a-9bc4-14816ed53d38,66:9c80001517d39cec11e51332f7edea08}(|){"#",a2b5aac2-33a7-41ec-878c-7dd928ac85cf,184:aa970025909438d711ea175197ce4081}(|)Олешки(Херсонська обл), Херсонська, вул.Гвардійська, 103(|)
{"#",47e6dd42-cd5c-4e3a-9bc4-14816ed53d38,66:aa970025909438d711ea1b5b1a11e4c3}(|){"#",a2b5aac2-33a7-41ec-878c-7dd928ac85cf,184:aa970025909438d711ea1b5c0044e4eb}(|)Київ, Київська, вул.Волинська, 57(|)
{"#",47e6dd42-cd5c-4e3a-9bc4-14816ed53d38,66:aa970025909438d711ea1cbf051e9ee5}(|){"#",a2b5aac2-33a7-41ec-878c-7dd928ac85cf,184:aa970025909438d711ea1cbfa55037f5}(|)Первомайськ(Микол.обл.Первомайс.р-н), Миколаївська, вул.Автодорівська, 22(|)
{"#",47e6dd42-cd5c-4e3a-9bc4-14816ed53d38,66:aa930025909438d611e92f68be2c4c27}(|){"#",a2b5aac2-33a7-41ec-878c-7dd928ac85cf,184:aa970025909438d711ea1cd518860f0c}(|)Київ, Київська, вул.Закревського Миколи, 20(|)
{"#",47e6dd42-cd5c-4e3a-9bc4-14816ed53d38,66:aa970025909438d711ea2005ce93962b}(|){"#",a2b5aac2-33a7-41ec-878c-7dd928ac85cf,184:aa970025909438d711ea20066ad897e1}(|)Житомир, Житомирська, вул.Малинська, 55-А(|)
{"#",47e6dd42-cd5c-4e3a-9bc4-14816ed53d38,66:aa970025909438d711ea200b5e7c1b73}(|){"#",a2b5aac2-33a7-41ec-878c-7dd928ac85cf,184:aa970025909438d711ea200bf9ebf9f3}(|)Бориспіль, Київська, вул.Момота Володимира (Горького), 40-А(|)
{"#",47e6dd42-cd5c-4e3a-9bc4-14816ed53d38,66:aa970025909438d711ea200c442ee57a}(|){"#",a2b5aac2-33a7-41ec-878c-7dd928ac85cf,184:aa970025909438d711ea200cb6b5fdef}(|)Покров (Дніпропетровська обл.), Дніпропетровська, вул.Чехова, 3/11(|)
{"#",47e6dd42-cd5c-4e3a-9bc4-14816ed53d38,66:aa970025909438d711ea2240c7cd2c24}(|){"#",a2b5aac2-33a7-41ec-878c-7dd928ac85cf,184:aa970025909438d711ea2241d84b9a28}(|)Кагарлик, Київська, площаТоргівельна, 6(|)
{"#",47e6dd42-cd5c-4e3a-9bc4-14816ed53d38,66:aa970025909438d711ea35dadcbc111e}(|){"#",a2b5aac2-33a7-41ec-878c-7dd928ac85cf,184:aa970025909438d711ea35db5b6b2821}(|)Недригайлів (Сумська обл.), Сумська, вул.Незалежності, 93(|)
{"#",47e6dd42-cd5c-4e3a-9bc4-14816ed53d38,66:ae9a001517d39cec11e3fca15c114d16}(|){"#",a2b5aac2-33a7-41ec-878c-7dd928ac85cf,184:aa970025909438d711ea385c35c6a8e1}(|)Мена, Чернігівська, вул.Армійська, 16(|)
{"#",47e6dd42-cd5c-4e3a-9bc4-14816ed53d38,66:aa970025909438d711ea3868b7e3b46c}(|){"#",a2b5aac2-33a7-41ec-878c-7dd928ac85cf,184:aa970025909438d711ea3869fbd3a4c5}(|)Київ, Київська, вул.Наумова Генерала, 3(|)
{"#",47e6dd42-cd5c-4e3a-9bc4-14816ed53d38,66:aa970025909438d711ea39413e5e99c3}(|){"#",a2b5aac2-33a7-41ec-878c-7dd928ac85cf,184:aa970025909438d711ea3941b483697f}(|)Іванків (Іванківський р-н), Київська, вул.Поліська, 143(|)
{"#",47e6dd42-cd5c-4e3a-9bc4-14816ed53d38,66:aa970025909438d711ea40e771cea24a}(|){"#",a2b5aac2-33a7-41ec-878c-7dd928ac85cf,184:aa970025909438d711ea40e86e91d4b7}(|)Київ, Київська, вул.Антона Цедіка, 14(|)
{"#",47e6dd42-cd5c-4e3a-9bc4-14816ed53d38,66:aa970025909438d711ea436cf557e8df}(|){"#",a2b5aac2-33a7-41ec-878c-7dd928ac85cf,184:aa970025909438d711ea436da959413a}(|)Демидів, Київська, вул.Київська, 47(|)
{"#",47e6dd42-cd5c-4e3a-9bc4-14816ed53d38,66:aa970025909438d711ea4698507fa8cb}(|){"#",a2b5aac2-33a7-41ec-878c-7dd928ac85cf,184:aa970025909438d711ea4698b81d93f9}(|)Київ, Київська, пров.Хоткевича Гната (Червоногвардійський), 20-А(|)
{"#",47e6dd42-cd5c-4e3a-9bc4-14816ed53d38,66:aa970025909438d711ea4744fc8942af}(|){"#",a2b5aac2-33a7-41ec-878c-7dd928ac85cf,184:aa970025909438d711ea474655eb0f22}(|)Красноград (Харківська обл), Харківська, вул.Короленка, 85(|)
{"#",47e6dd42-cd5c-4e3a-9bc4-14816ed53d38,66:ae9a001517d39cec11e3fca1126fed8c}(|){"#",a2b5aac2-33a7-41ec-878c-7dd928ac85cf,184:aa970025909438d711ea474dda2a9de8}(|)Одеса, Одеська, вул.Паустовського, 2-А(|)
{"#",47e6dd42-cd5c-4e3a-9bc4-14816ed53d38,66:aa970025909438d711ea47fcd5dbff37}(|){"#",a2b5aac2-33a7-41ec-878c-7dd928ac85cf,184:aa970025909438d711ea47fddaad5900}(|)Київ, Київська, вул.Кибальчича Миколи, 2-А(|)
{"#",47e6dd42-cd5c-4e3a-9bc4-14816ed53d38,66:aa970025909438d711ea433c2d0bd4c6}(|){"#",a2b5aac2-33a7-41ec-878c-7dd928ac85cf,184:aa970025909438d711ea48c07c2ae1dd}(|)Костопіль, Рівненська, вул.Гоголя, 18(|)
{"#",47e6dd42-cd5c-4e3a-9bc4-14816ed53d38,66:aa970025909438d711ea48e49a1583a2}(|){"#",a2b5aac2-33a7-41ec-878c-7dd928ac85cf,184:aa970025909438d711ea48e5ab5f4e1a}(|)Миколаїв, Миколаївська, вул.Погранична (Чигрина), 25-А(|)
{"#",47e6dd42-cd5c-4e3a-9bc4-14816ed53d38,66:aa970025909438d711ea4ce05cc63b41}(|){"#",a2b5aac2-33a7-41ec-878c-7dd928ac85cf,184:aa970025909438d711ea4ce35ebc7f35}(|)Вільшани (Харківська обл.), Харківська, вул.Петровського, 18(|)
{"#",47e6dd42-cd5c-4e3a-9bc4-14816ed53d38,66:aa970025909438d711ea4e3c3fc0c8c1}(|){"#",a2b5aac2-33a7-41ec-878c-7dd928ac85cf,184:aa970025909438d711ea4e3ce6bd99f9}(|)Жовква, Львівська, вул.Хмельницького Богдана, 8-А(|)
{"#",47e6dd42-cd5c-4e3a-9bc4-14816ed53d38,66:aa970025909438d711ea4e453478c925}(|){"#",a2b5aac2-33a7-41ec-878c-7dd928ac85cf,184:aa970025909438d711ea4e45905e0333}(|)Харків, Харківська, площаКононенка Юрія, 64(|)
{"#",47e6dd42-cd5c-4e3a-9bc4-14816ed53d38,66:aa970025909438d711ea4f127b6482d3}(|){"#",a2b5aac2-33a7-41ec-878c-7dd928ac85cf,184:aa970025909438d711ea4f12d2c25f96}(|)Конотоп, Сумська, пров.4-й Сарнавський, 22/1(|)
{"#",47e6dd42-cd5c-4e3a-9bc4-14816ed53d38,66:aa980025909438d611ea515f30cf7ccd}(|){"#",a2b5aac2-33a7-41ec-878c-7dd928ac85cf,184:aa980025909438d611ea516016630e9e}(|)Авторинок Центральний, Павлоград, Дніпропетровська(|)
{"#",47e6dd42-cd5c-4e3a-9bc4-14816ed53d38,66:aa980025909438d611ea516056fc4e32}(|){"#",a2b5aac2-33a7-41ec-878c-7dd928ac85cf,184:aa980025909438d611ea5160bc9a7cc4}(|)Рожище, Волинська, вул.Гагаріна, 14(|)
{"#",47e6dd42-cd5c-4e3a-9bc4-14816ed53d38,66:aa980025909438d611ea5161128f4394}(|){"#",a2b5aac2-33a7-41ec-878c-7dd928ac85cf,184:aa980025909438d611ea51621203a403}(|)Костопіль, Рівненська, вул.Рівненська, 61(|)
{"#",47e6dd42-cd5c-4e3a-9bc4-14816ed53d38,66:aa980025909438d611ea51624f3be03c}(|){"#",a2b5aac2-33a7-41ec-878c-7dd928ac85cf,184:aa980025909438d611ea5162d5a969ba}(|)Костопіль, Рівненська, вул.Бурова, 2-А(|)
{"#",47e6dd42-cd5c-4e3a-9bc4-14816ed53d38,66:aa980025909438d611ea5163161e9b2d}(|){"#",a2b5aac2-33a7-41ec-878c-7dd928ac85cf,184:aa980025909438d611ea516381388dcc}(|)Рожище, Волинська, вул.Незалежності, 8(|)
{"#",47e6dd42-cd5c-4e3a-9bc4-14816ed53d38,66:aa980025909438d611ea5163d525ae7c}(|){"#",a2b5aac2-33a7-41ec-878c-7dd928ac85cf,184:aa980025909438d611ea516492b12506}(|)Рокитне (Рівненська обл., Рокитнівський р-н), Рівненська, вул.Соборна, 7(|)
{"#",47e6dd42-cd5c-4e3a-9bc4-14816ed53d38,66:aa980025909438d611ea5164b030779d}(|){"#",a2b5aac2-33a7-41ec-878c-7dd928ac85cf,184:aa980025909438d611ea516511b80899}(|)Рокитне (Рівненська обл., Рокитнівський р-н), Рівненська, вул.Пролетарська, 11/1(|)
{"#",47e6dd42-cd5c-4e3a-9bc4-14816ed53d38,66:aa980025909438d611ea5166528340e2}(|){"#",a2b5aac2-33a7-41ec-878c-7dd928ac85cf,184:aa980025909438d611ea5166b3946ee0}(|)Рокитне (Рівненська обл., Рокитнівський р-н), Рівненська, вул.Нова, 34(|)
{"#",47e6dd42-cd5c-4e3a-9bc4-14816ed53d38,66:aa980025909438d611ea516ab15a2e93}(|){"#",a2b5aac2-33a7-41ec-878c-7dd928ac85cf,184:aa980025909438d611ea516b567d5cc7}(|)Київ, Київська, вул.Коновальця Євгена (Щорса), 44-А(|)
{"#",47e6dd42-cd5c-4e3a-9bc4-14816ed53d38,66:aa980025909438d611ea54b35e1535f8}(|){"#",a2b5aac2-33a7-41ec-878c-7dd928ac85cf,184:aa980025909438d611ea54b40b06140a}(|)Опішня, Полтавська, вул.Незалежності, 24(|)
{"#",47e6dd42-cd5c-4e3a-9bc4-14816ed53d38,66:aa980025909438d611ea57d555934ab6}(|){"#",a2b5aac2-33a7-41ec-878c-7dd928ac85cf,184:aa980025909438d611ea57d5c65de4c9}(|)Закарпатська обл., м.Мукачево, вул.Духновича, будинок № 61(|)
{"#",47e6dd42-cd5c-4e3a-9bc4-14816ed53d38,66:ae9a001517d39cec11e3fca31454ea73}(|){"#",a2b5aac2-33a7-41ec-878c-7dd928ac85cf,184:aa980025909438d611ea58affbcbc41e}(|)Київ, Київська, вул.Проектна, 7(|)
{"#",47e6dd42-cd5c-4e3a-9bc4-14816ed53d38,66:aa980025909438d611ea593b9303d54c}(|){"#",a2b5aac2-33a7-41ec-878c-7dd928ac85cf,184:aa980025909438d611ea593cd98aa62a}(|)Буринь, Сумська, шосеКонотопське, 1(|)
{"#",47e6dd42-cd5c-4e3a-9bc4-14816ed53d38,66:aa980025909438d611ea59413d6402d1}(|){"#",a2b5aac2-33a7-41ec-878c-7dd928ac85cf,184:aa980025909438d611ea5941d258be97}(|)Славутич, Чернігівська, вул.Фестивальна, 295(|)
{"#",47e6dd42-cd5c-4e3a-9bc4-14816ed53d38,66:aa980025909438d611ea5a3470939948}(|){"#",a2b5aac2-33a7-41ec-878c-7dd928ac85cf,184:aa980025909438d611ea5a34bc9c352e}(|)Київ, Київська, вул.Чавдар Єлизавети (район Осокорки), 13(|)
{"#",47e6dd42-cd5c-4e3a-9bc4-14816ed53d38,66:aa980025909438d611ea5c67cfe20540}(|){"#",a2b5aac2-33a7-41ec-878c-7dd928ac85cf,184:aa980025909438d611ea5c684dde1ded}(|)Сарни, Рівненська, вул.Білгородська, 27(|)
{"#",47e6dd42-cd5c-4e3a-9bc4-14816ed53d38,66:aa980025909438d611ea5c68786b0eab}(|){"#",a2b5aac2-33a7-41ec-878c-7dd928ac85cf,184:aa980025909438d611ea5c6918f693ab}(|)Полиці, Рівненська, вул.Хмельницького Богдана, маг ViAVto1(|)
{"#",47e6dd42-cd5c-4e3a-9bc4-14816ed53d38,66:aa980025909438d611ea5c6936acf813}(|){"#",a2b5aac2-33a7-41ec-878c-7dd928ac85cf,184:aa980025909438d611ea5c698bafc96b}(|)Авторинок Центральний, Вараш, Рівненська(|)
{"#",47e6dd42-cd5c-4e3a-9bc4-14816ed53d38,66:aa980025909438d611ea5c69b6e92a1d}(|){"#",a2b5aac2-33a7-41ec-878c-7dd928ac85cf,184:aa980025909438d611ea5c6affe2c3ed}(|)Торчин, Волинська, вул.Незалежності, 43(|)
{"#",47e6dd42-cd5c-4e3a-9bc4-14816ed53d38,66:aa980025909438d611ea5c6b5336e501}(|){"#",a2b5aac2-33a7-41ec-878c-7dd928ac85cf,184:aa980025909438d611ea5c6be5896400}(|)Клевань, Рівненська, вул.Хмельницького Богдана, 37-А(|)
{"#",47e6dd42-cd5c-4e3a-9bc4-14816ed53d38,66:aa980025909438d611ea5c6c127e6b35}(|){"#",a2b5aac2-33a7-41ec-878c-7dd928ac85cf,184:aa980025909438d611ea5c6cbcbcf09b}(|)Клевань, Рівненська, вул.Залізнична, 4-Г(|)
{"#",47e6dd42-cd5c-4e3a-9bc4-14816ed53d38,66:aa980025909438d611ea5c710b0222fc}(|){"#",a2b5aac2-33a7-41ec-878c-7dd928ac85cf,184:aa980025909438d611ea5c71bbc24acc}(|)Луцьк, Волинська, просп.Перемоги, 20(|)
{"#",47e6dd42-cd5c-4e3a-9bc4-14816ed53d38,66:aa980025909438d611ea5d29978a46f4}(|){"#",a2b5aac2-33a7-41ec-878c-7dd928ac85cf,184:aa980025909438d611ea5d2a6a9c2229}(|)Кам'янське(Дніпропетровська обл), Дніпропетровська, вул.Портова, 1(|)
{"#",47e6dd42-cd5c-4e3a-9bc4-14816ed53d38,66:aa980025909438d611ea5edc7bc469bc}(|){"#",a2b5aac2-33a7-41ec-878c-7dd928ac85cf,184:aa980025909438d611ea5edcf4a5e590}(|)Авторинок Центральний (республиканской), Кам'янське(Дніпропетровська обл), Дніпропетровська(|)
{"#",47e6dd42-cd5c-4e3a-9bc4-14816ed53d38,66:aa980025909438d611ea62089235d8b6}(|){"#",a2b5aac2-33a7-41ec-878c-7dd928ac85cf,184:aa980025909438d611ea6217022f0857}(|)Святопетрівське (Києво-Свят.р-н), Київська, вул.Червоного Пахаря, 36-А(|)
{"#",47e6dd42-cd5c-4e3a-9bc4-14816ed53d38,66:aa980025909438d611ea6500b08fb55d}(|){"#",a2b5aac2-33a7-41ec-878c-7dd928ac85cf,184:aa980025909438d611ea652e6c69e87f}(|)Бориспіль, Київська, вул.Запорізька, 38-А(|)
{"#",47e6dd42-cd5c-4e3a-9bc4-14816ed53d38,66:aa980025909438d611ea653b746e254f}(|){"#",a2b5aac2-33a7-41ec-878c-7dd928ac85cf,184:aa980025909438d611ea653c22586a47}(|)Конотоп, Сумська, вул.Тхора Генерала, 92(|)
{"#",47e6dd42-cd5c-4e3a-9bc4-14816ed53d38,66:974f001517d39cec11e7b7e579cc59de}(|){"#",a2b5aac2-33a7-41ec-878c-7dd928ac85cf,184:aa980025909438d611ea6781d20d5f01}(|)Дніпро, Дніпропетровська, вул.Старий Шлях (Кірова), 4(|)
{"#",47e6dd42-cd5c-4e3a-9bc4-14816ed53d38,66:aa980025909438d611ea692c57705d11}(|){"#",a2b5aac2-33a7-41ec-878c-7dd928ac85cf,184:aa980025909438d611ea692cf2f8aa0b}(|)Павлоград, Дніпропетровська, вул.Дніпровська, 348-А(|)
{"#",47e6dd42-cd5c-4e3a-9bc4-14816ed53d38,66:ae9a001517d39cec11e3fc9fe332d6cf}(|){"#",a2b5aac2-33a7-41ec-878c-7dd928ac85cf,184:aa980025909438d611ea69bcc12e4216}(|)Київ, Київська, вул.Березняківська, 20(|)
{"#",47e6dd42-cd5c-4e3a-9bc4-14816ed53d38,66:ae9a001517d39cec11e3fca3b29c273c}(|){"#",a2b5aac2-33a7-41ec-878c-7dd928ac85cf,184:aa980025909438d611ea6a9404d2d8b2}(|)Київ, Київська, вул.Ревуцького, 11-А(|)
{"#",47e6dd42-cd5c-4e3a-9bc4-14816ed53d38,66:aa980025909438d611ea6e7815be1f6a}(|){"#",a2b5aac2-33a7-41ec-878c-7dd928ac85cf,184:aa980025909438d611ea6e787f9e32da}(|)Київ, Київська, вул.Новомостицька, 25(|)
{"#",47e6dd42-cd5c-4e3a-9bc4-14816ed53d38,66:ae9a001517d39cec11e3fca0b6bd3c13}(|){"#",a2b5aac2-33a7-41ec-878c-7dd928ac85cf,184:aa980025909438d611ea7427fab43b3c}(|)Київ, Київська, вул.Калнишевського Петра (Майорова Михайла), 16(|)
{"#",47e6dd42-cd5c-4e3a-9bc4-14816ed53d38,66:aa980025909438d611ea77fd18c091e5}(|){"#",a2b5aac2-33a7-41ec-878c-7dd928ac85cf,184:aa980025909438d611ea77fd9a9571e7}(|)Харків, Харківська, площаГероїв Небесної Сотні (Руднєва), 14/1(|)
{"#",47e6dd42-cd5c-4e3a-9bc4-14816ed53d38,66:ae63001517d39cec11e6d66cda055b58}(|){"#",a2b5aac2-33a7-41ec-878c-7dd928ac85cf,184:aa980025909438d611ea7ef8538e63e7}(|)Любар, Житомирська, вул.Кантемирівська, 10(|)
{"#",47e6dd42-cd5c-4e3a-9bc4-14816ed53d38,66:aa980025909438d611ea5ec2e8dff445}(|){"#",a2b5aac2-33a7-41ec-878c-7dd928ac85cf,184:aa980025909438d611ea7fb65c6f886d}(|)Авторинок Корольова, Черкаси, Черкаська(|)
{"#",47e6dd42-cd5c-4e3a-9bc4-14816ed53d38,66:ae9a001517d39cec11e3fca25cb64f13}(|){"#",a2b5aac2-33a7-41ec-878c-7dd928ac85cf,184:aa980025909438d611ea7fb65c6f886d}(|)Авторинок Корольова, Черкаси, Черкаська(|)
{"#",47e6dd42-cd5c-4e3a-9bc4-14816ed53d38,66:aa980025909438d611ea80a9727ef151}(|){"#",a2b5aac2-33a7-41ec-878c-7dd928ac85cf,184:aa980025909438d611ea80a9dbd15e99}(|)Олександрія (м.Кіровогр.обл.райц), Кіровоградська, вул.Героїв Сталінграду, 32(|)
{"#",47e6dd42-cd5c-4e3a-9bc4-14816ed53d38,66:aa980025909438d611ea854a69edf5c5}(|){"#",a2b5aac2-33a7-41ec-878c-7dd928ac85cf,184:aa980025909438d611ea854aa0c0c971}(|)Дніпро, Дніпропетровська, вул.Щитова, 99(|)
{"#",47e6dd42-cd5c-4e3a-9bc4-14816ed53d38,66:aa980025909438d611ea854ae7cc6cd0}(|){"#",a2b5aac2-33a7-41ec-878c-7dd928ac85cf,184:aa980025909438d611ea854c79174c3b}(|)Дніпро, Дніпропетровська, вул.Дарницька, 11(|)
{"#",47e6dd42-cd5c-4e3a-9bc4-14816ed53d38,66:aa980025909438d611ea89f6bdaeb50a}(|){"#",a2b5aac2-33a7-41ec-878c-7dd928ac85cf,184:aa980025909438d611ea89f7bbda4411}(|)Київ, Київська, просп.Перемоги, 53(|)
{"#",47e6dd42-cd5c-4e3a-9bc4-14816ed53d38,66:aa980025909438d611ea8a0a9e714ba2}(|){"#",a2b5aac2-33a7-41ec-878c-7dd928ac85cf,184:aa980025909438d611ea8a0c3f287f6b}(|)Кам'янське(Дніпропетровська обл), Дніпропетровська, просп.Гімназичний (Пеліна), 32(|)
{"#",47e6dd42-cd5c-4e3a-9bc4-14816ed53d38,66:aa8e0025909438d711e817000c4ade59}(|){"#",a2b5aac2-33a7-41ec-878c-7dd928ac85cf,184:aa980025909438d611ea8ea18caea3a5}(|)Авторинок Жуляни, Київ, Київська(|)096-975-49-68
{"#",47e6dd42-cd5c-4e3a-9bc4-14816ed53d38,66:aa980025909438d611ea941dbe2fd80e}(|){"#",a2b5aac2-33a7-41ec-878c-7dd928ac85cf,184:aa980025909438d611ea943350acbd8c}(|)Нерубайське, Одеська, вул.Терешкової, 45(|)
{"#",47e6dd42-cd5c-4e3a-9bc4-14816ed53d38,66:aa980025909438d611ea968ac1652985}(|){"#",a2b5aac2-33a7-41ec-878c-7dd928ac85cf,184:aa980025909438d611ea968b29c6fb10}(|)Авторинок Козацький, Дубно, Рівненська(|)
{"#",47e6dd42-cd5c-4e3a-9bc4-14816ed53d38,66:aa980025909438d611ea968b7b4c5d1b}(|){"#",a2b5aac2-33a7-41ec-878c-7dd928ac85cf,184:aa980025909438d611ea968bf19d849e}(|)Авторинок Козацький, Дубно, Рівненська(|)
{"#",47e6dd42-cd5c-4e3a-9bc4-14816ed53d38,66:aa980025909438d611ea968c1599891f}(|){"#",a2b5aac2-33a7-41ec-878c-7dd928ac85cf,184:aa980025909438d611ea968d0df21047}(|)Авторинок Козацький, Дубно, Рівненська(|)
{"#",47e6dd42-cd5c-4e3a-9bc4-14816ed53d38,66:aa980025909438d611ea96ae3b277fac}(|){"#",a2b5aac2-33a7-41ec-878c-7dd928ac85cf,184:aa980025909438d611ea96af17fd4c15}(|)Конотоп, Сумська, вул.Клубна, 76(|)
{"#",47e6dd42-cd5c-4e3a-9bc4-14816ed53d38,66:aa980025909438d611ea99a32f9e9d5f}(|){"#",a2b5aac2-33a7-41ec-878c-7dd928ac85cf,184:aa980025909438d611ea99a37ea919d1}(|)Київ, Київська, просп.Оболонський, 52-А(|)
{"#",47e6dd42-cd5c-4e3a-9bc4-14816ed53d38,66:aa980025909438d611ea99af351b89b1}(|){"#",a2b5aac2-33a7-41ec-878c-7dd928ac85cf,184:aa980025909438d611ea99afaeb22df6}(|)Запоріжжя, Запорізька, вул.Новокузнецька, 20(|)
{"#",47e6dd42-cd5c-4e3a-9bc4-14816ed53d38,66:aa980025909438d611eaa4bb41f8c4d7}(|){"#",a2b5aac2-33a7-41ec-878c-7dd928ac85cf,184:aa980025909438d611eaa4bbd5dce555}(|)Суми, Сумська, вул.Чернігівська, 11(|)
{"#",47e6dd42-cd5c-4e3a-9bc4-14816ed53d38,66:aa980025909438d611eaa703ec1cfb7f}(|){"#",a2b5aac2-33a7-41ec-878c-7dd928ac85cf,184:aa980025909438d611eaa7048bff9b18}(|)Магдалинівка, Дніпропетровська, вул.Радянська, 62(|)
{"#",47e6dd42-cd5c-4e3a-9bc4-14816ed53d38,66:9cb8001517d39cec11e7d03b1c79203c}(|){"#",a2b5aac2-33a7-41ec-878c-7dd928ac85cf,184:aa990025909438d611eaaa24eca28fa3}(|)Одеса, Одеська, вул.Дальницька, 16(|)
{"#",47e6dd42-cd5c-4e3a-9bc4-14816ed53d38,66:aa990025909438d611eaab20d46b47e3}(|){"#",a2b5aac2-33a7-41ec-878c-7dd928ac85cf,184:aa990025909438d611eaab21894250f1}(|)Авторинок Спортек, Полтава, Полтавська(|)
{"#",47e6dd42-cd5c-4e3a-9bc4-14816ed53d38,66:aa990025909438d611eaabbe9e80a9f3}(|){"#",a2b5aac2-33a7-41ec-878c-7dd928ac85cf,184:aa990025909438d611eaabbf23e88ab2}(|)Київ, Київська, просп.Порика Василя, 8-А(|)
{"#",47e6dd42-cd5c-4e3a-9bc4-14816ed53d38,66:ae9a001517d39cec11e3fca09e56ab02}(|){"#",a2b5aac2-33a7-41ec-878c-7dd928ac85cf,184:aa990025909438d611eaaf052b7a4128}(|)Павлоград, Дніпропетровська, вул.Полтавська, 107(|)
{"#",47e6dd42-cd5c-4e3a-9bc4-14816ed53d38,66:aa990025909438d611eab15065a95b9e}(|){"#",a2b5aac2-33a7-41ec-878c-7dd928ac85cf,184:aa990025909438d611eab1527b7599a2}(|)Херсон, Херсонська, вул.Університетська (40-річчя Жовтня), 136(|)
{"#",47e6dd42-cd5c-4e3a-9bc4-14816ed53d38,66:aa990025909438d611eab2157c05a41a}(|){"#",a2b5aac2-33a7-41ec-878c-7dd928ac85cf,184:aa990025909438d611eab21806efb875}(|)Білогородка (Київська обл.), Київська, вул.Богатирська, 26(|)
{"#",47e6dd42-cd5c-4e3a-9bc4-14816ed53d38,66:aa990025909438d611eab221f2fec6ef}(|){"#",a2b5aac2-33a7-41ec-878c-7dd928ac85cf,184:aa990025909438d611eab22c2d356359}(|)Новомиколаївка (Верхньодніпров. р-н, Дніпроп. обл), Дніпропетровська, вул.Залізнична, 1(|)
{"#",47e6dd42-cd5c-4e3a-9bc4-14816ed53d38,66:aa990025909438d611eab22d9ad84034}(|){"#",a2b5aac2-33a7-41ec-878c-7dd928ac85cf,184:aa990025909438d611eab22e0c52a6f6}(|)Дніпро, Дніпропетровська, вул.Старий Шлях (Кірова), 3(|)
{"#",47e6dd42-cd5c-4e3a-9bc4-14816ed53d38,66:aa990025909438d611eab533ea706d34}(|){"#",a2b5aac2-33a7-41ec-878c-7dd928ac85cf,184:aa990025909438d611eab53445b2a3f9}(|)Хмельницький, Хмельницька, вул.Заводська, 57(|)
{"#",47e6dd42-cd5c-4e3a-9bc4-14816ed53d38,66:aa990025909438d611eab54c935a2d85}(|){"#",a2b5aac2-33a7-41ec-878c-7dd928ac85cf,184:aa990025909438d611eab54d002efad3}(|)Зміїв, Харківська, вул.Залізнична, 110(|)
{"#",47e6dd42-cd5c-4e3a-9bc4-14816ed53d38,66:aa990025909438d611eab5596c4a1abf}(|){"#",a2b5aac2-33a7-41ec-878c-7dd928ac85cf,184:aa990025909438d611eab559dad7e17f}(|)Ірпінь, Київська, вул.Антонова (Ленінградська), 3-Г(|)
{"#",47e6dd42-cd5c-4e3a-9bc4-14816ed53d38,66:9298001517d39cec11e642b293d0e3b2}(|){"#",a2b5aac2-33a7-41ec-878c-7dd928ac85cf,184:aa990025909438d611eab618eb446cfd}(|)Розсошенці(Полтавська обл.), Полтавська, вул.Комарова, 1-Д(|)
{"#",47e6dd42-cd5c-4e3a-9bc4-14816ed53d38,66:aa990025909438d611eac80701622256}(|){"#",a2b5aac2-33a7-41ec-878c-7dd928ac85cf,184:aa990025909438d611eab61b181f85a8}(|)Київ, Київська, вул.Пирогівський Шлях (Червонопрапорна), 28(|)
{"#",47e6dd42-cd5c-4e3a-9bc4-14816ed53d38,66:b7df001517d39cec11e73afb8a156630}(|){"#",a2b5aac2-33a7-41ec-878c-7dd928ac85cf,184:aa990025909438d611eab61b181f85a8}(|)Київ, Київська, вул.Пирогівський Шлях (Червонопрапорна), 28(|)
{"#",47e6dd42-cd5c-4e3a-9bc4-14816ed53d38,66:aa990025909438d611eab6b470eeb27a}(|){"#",a2b5aac2-33a7-41ec-878c-7dd928ac85cf,184:aa990025909438d611eab6b510a4f1dc}(|)Дніпро, Дніпропетровська, вул.Молодогвардійська, 20(|)
{"#",47e6dd42-cd5c-4e3a-9bc4-14816ed53d38,66:aa990025909438d611eab78d4380a1de}(|){"#",a2b5aac2-33a7-41ec-878c-7dd928ac85cf,184:aa990025909438d611eab78dd32f692a}(|)Красноград (Харківська обл), Харківська, вул.Шевченка, 98(|)
{"#",47e6dd42-cd5c-4e3a-9bc4-14816ed53d38,66:aa990025909438d611eab790add45b9d}(|){"#",a2b5aac2-33a7-41ec-878c-7dd928ac85cf,184:aa990025909438d611eab7910e9e91f9}(|)Харків, Харківська, вул.Ужвій Наталії, 60-А(|)
{"#",47e6dd42-cd5c-4e3a-9bc4-14816ed53d38,66:aa990025909438d611eab7a343bf8259}(|){"#",a2b5aac2-33a7-41ec-878c-7dd928ac85cf,184:aa990025909438d611eab7a3a7998ac1}(|)Одеська обл., м.Ізмаїл, пр-т Суворова, будинок № 368(|)
{"#",47e6dd42-cd5c-4e3a-9bc4-14816ed53d38,66:aa990025909438d611eab9e267ce06be}(|){"#",a2b5aac2-33a7-41ec-878c-7dd928ac85cf,184:aa990025909438d611eab9e3a21c0f2b}(|)Київ, Київська, бульварКольцова, 3(|)
{"#",47e6dd42-cd5c-4e3a-9bc4-14816ed53d38,66:9298001517d39cec11e5dfb465b57eae}(|){"#",a2b5aac2-33a7-41ec-878c-7dd928ac85cf,184:aa990025909438d611eabac698ade7af}(|)Млинів, Рівненська, вул.Рівненська, 57(|)
{"#",47e6dd42-cd5c-4e3a-9bc4-14816ed53d38,66:aa990025909438d611eabb8d3ba3b5b2}(|){"#",a2b5aac2-33a7-41ec-878c-7dd928ac85cf,184:aa990025909438d611eabb8e035f46fc}(|)Переяслав, Київська, вул.Шкільна, 44(|)
{"#",47e6dd42-cd5c-4e3a-9bc4-14816ed53d38,66:aa970025909438d711ea046bf446aa54}(|){"#",a2b5aac2-33a7-41ec-878c-7dd928ac85cf,184:aa990025909438d611eabc41aad9479d}(|)вул.Автомобільна,3-Б, смт Пісочин, Харківська обл.(|)
{"#",47e6dd42-cd5c-4e3a-9bc4-14816ed53d38,66:ae9a001517d39cec11e3fca0e17f0822}(|){"#",a2b5aac2-33a7-41ec-878c-7dd928ac85cf,184:aa990025909438d611eabcfc8e04d467}(|)Київ, Київська, вул.Білицька, 4(|)067-789-59-51
{"#",47e6dd42-cd5c-4e3a-9bc4-14816ed53d38,66:aa990025909438d611eabf5a393e1696}(|){"#",a2b5aac2-33a7-41ec-878c-7dd928ac85cf,184:aa990025909438d611eabf59fc0c597c}(|)Київ, Київська, вул.Празька, 21(|)г. Киев, ул. Пражская 21
{"#",47e6dd42-cd5c-4e3a-9bc4-14816ed53d38,66:aa990025909438d611eac01b88f0e4a7}(|){"#",a2b5aac2-33a7-41ec-878c-7dd928ac85cf,184:aa990025909438d611eac05d32fff074}(|)Київ, Київська, вул.Харченка Євгенія, 21-А(|)
{"#",47e6dd42-cd5c-4e3a-9bc4-14816ed53d38,66:ae9a001517d39cec11e3fca22beb8f3e}(|){"#",a2b5aac2-33a7-41ec-878c-7dd928ac85cf,184:aa990025909438d611eac119c9e84200}(|)Авторинок Кірова Троицкая, Миколаїв, Миколаївська(|)
{"#",47e6dd42-cd5c-4e3a-9bc4-14816ed53d38,66:aa990025909438d611eac5a0bd431adb}(|){"#",a2b5aac2-33a7-41ec-878c-7dd928ac85cf,184:aa990025909438d611eac5a129d390c5}(|)Мила, Київська, вул.Комарова, 40(|)
{"#",47e6dd42-cd5c-4e3a-9bc4-14816ed53d38,66:aa990025909438d611eac5a19e0b1b40}(|){"#",a2b5aac2-33a7-41ec-878c-7dd928ac85cf,184:aa990025909438d611eac5a2248fdcb0}(|)Ірпінь, Київська, вул.Соборна, 160(|)
{"#",47e6dd42-cd5c-4e3a-9bc4-14816ed53d38,66:aa990025909438d611eac670ed2b5999}(|){"#",a2b5aac2-33a7-41ec-878c-7dd928ac85cf,184:aa990025909438d611eac67171350fca}(|)Кролевець, Сумська, вул.Європейська, 4(|)
{"#",47e6dd42-cd5c-4e3a-9bc4-14816ed53d38,66:ae9a001517d39cec11e3fca3b29c2746}(|){"#",a2b5aac2-33a7-41ec-878c-7dd928ac85cf,184:aa990025909438d611eac67830897fcf}(|)Чернігів, Чернігівська, вул.Любецька, 157(|)
{"#",47e6dd42-cd5c-4e3a-9bc4-14816ed53d38,66:aa990025909438d611eac740b5ccac78}(|){"#",a2b5aac2-33a7-41ec-878c-7dd928ac85cf,184:aa990025909438d611eac740f16de0e0}(|)Авторинок Перова, Київ, Київська(|)
{"#",47e6dd42-cd5c-4e3a-9bc4-14816ed53d38,66:ae9a001517d39cec11e3fca16e229f1b}(|){"#",a2b5aac2-33a7-41ec-878c-7dd928ac85cf,184:aa990025909438d611eaca66da676061}(|)Буринь, Сумська, вул.Незалежності, 28(|)
{"#",47e6dd42-cd5c-4e3a-9bc4-14816ed53d38,66:aa990025909438d611eaca7d5c805e46}(|){"#",a2b5aac2-33a7-41ec-878c-7dd928ac85cf,184:aa990025909438d611eaca7e3e1d51c9}(|)Тернопіль, Тернопільська, вул.Чалдаева, 10(|)
{"#",47e6dd42-cd5c-4e3a-9bc4-14816ed53d38,66:ae9a001517d39cec11e3fca1ab08cff4}(|){"#",a2b5aac2-33a7-41ec-878c-7dd928ac85cf,184:aa990025909438d611eacb4c6cb1284b}(|)Баришівка, Київська, вул.Софіївська, 34(|)
{"#",47e6dd42-cd5c-4e3a-9bc4-14816ed53d38,66:ae9a001517d39cec11e3fca1ab08cff4}(|){"#",a2b5aac2-33a7-41ec-878c-7dd928ac85cf,184:aa990025909438d611eacb4cba233d8e}(|)Переяслав, Київська, шосеЗолотоніське, 4(|)
{"#",47e6dd42-cd5c-4e3a-9bc4-14816ed53d38,66:ae9a001517d39cec11e3fca1ab08cff4}(|){"#",a2b5aac2-33a7-41ec-878c-7dd928ac85cf,184:aa990025909438d611eacb4d485f425b}(|)Згурівка, Київська, вул.Шевченка, 22(|)
{"#",47e6dd42-cd5c-4e3a-9bc4-14816ed53d38,66:aa990025909438d611eacca8a1cb88b7}(|){"#",a2b5aac2-33a7-41ec-878c-7dd928ac85cf,184:aa990025909438d611eaccabc00a864d}(|)Токмак, Запорізька, вул.14-го Вересня, 13/2(|)
{"#",47e6dd42-cd5c-4e3a-9bc4-14816ed53d38,66:aa990025909438d611eaccb7fd0c1c97}(|){"#",a2b5aac2-33a7-41ec-878c-7dd928ac85cf,184:aa990025909438d611eaccb86b9a2d8e}(|)Закарпатська обл., м.Мукачево,вул.Юрія Герца,2-А(|)
{"#",47e6dd42-cd5c-4e3a-9bc4-14816ed53d38,66:aa990025909438d611eacdab586840ce}(|){"#",a2b5aac2-33a7-41ec-878c-7dd928ac85cf,184:aa990025909438d611eacdac0a8d9f0d}(|)Луцьк, Волинська, просп.Соборності, 13-А(|)
{"#",47e6dd42-cd5c-4e3a-9bc4-14816ed53d38,66:aa990025909438d611eacffd523a1800}(|){"#",a2b5aac2-33a7-41ec-878c-7dd928ac85cf,184:aa990025909438d611eacffddc1fd98f}(|)Березна (Чернігівська обл.), Чернігівська, площаРеволюції, 25(|)
{"#",47e6dd42-cd5c-4e3a-9bc4-14816ed53d38,66:ae9a001517d39cec11e3fed1645d4167}(|){"#",a2b5aac2-33a7-41ec-878c-7dd928ac85cf,184:aa990025909438d611eacffe880c7727}(|)Розсошенці(Полтавська обл.), Полтавська, вул.Фрунзе, 59(|)
{"#",47e6dd42-cd5c-4e3a-9bc4-14816ed53d38,66:aa9a0025909438d711ead0a4495bc446}(|){"#",a2b5aac2-33a7-41ec-878c-7dd928ac85cf,184:aa9a0025909438d711ead0a4c214008b}(|)Дніпро, Дніпропетровська, вул.Берегова, 210(|)
{"#",47e6dd42-cd5c-4e3a-9bc4-14816ed53d38,66:aa970025909438d711e9ec19f7f22687}(|){"#",a2b5aac2-33a7-41ec-878c-7dd928ac85cf,184:aa9a0025909438d711ead0ada1cb9c34}(|)Мила, Київська, вул.Комарова, 23-Е(|)
{"#",47e6dd42-cd5c-4e3a-9bc4-14816ed53d38,66:aa9a0025909438d711ead260ed0d7849}(|){"#",a2b5aac2-33a7-41ec-878c-7dd928ac85cf,184:aa9a0025909438d711ead2616429d9ba}(|)Березна (Чернігівська обл.), Чернігівська, площаРеволюції, 25(|)
{"#",47e6dd42-cd5c-4e3a-9bc4-14816ed53d38,66:aa9a0025909438d711ead6446629a8c2}(|){"#",a2b5aac2-33a7-41ec-878c-7dd928ac85cf,184:aa9a0025909438d711ead64539c28700}(|)Роздільна (Одеська обл.), Одеська, вул.Новоселів, 48(|)
{"#",47e6dd42-cd5c-4e3a-9bc4-14816ed53d38,66:aa9a0025909438d711ead64582c68b68}(|){"#",a2b5aac2-33a7-41ec-878c-7dd928ac85cf,184:aa9a0025909438d711ead645ef3e26e5}(|)Роздільна (Одеська обл.), Одеська, вул.Садова, 4-А(|)
{"#",47e6dd42-cd5c-4e3a-9bc4-14816ed53d38,66:aa9a0025909438d711ead64619045530}(|){"#",a2b5aac2-33a7-41ec-878c-7dd928ac85cf,184:aa9a0025909438d711ead646ae9d2db1}(|)Роздільна (Одеська обл.), Одеська, вул.Малиновського, 1(|)
{"#",47e6dd42-cd5c-4e3a-9bc4-14816ed53d38,66:aa9a0025909438d711ead647663311ee}(|){"#",a2b5aac2-33a7-41ec-878c-7dd928ac85cf,184:aa9a0025909438d711ead649ac278144}(|)Ширяєве, Одеська, вул.Леніна, 73(|)
{"#",47e6dd42-cd5c-4e3a-9bc4-14816ed53d38,66:aa9a0025909438d711ead649e500a3b1}(|){"#",a2b5aac2-33a7-41ec-878c-7dd928ac85cf,184:aa9a0025909438d711ead64a5d0355ee}(|)Роздільна (Одеська обл.), Одеська, вул.Європейська (Леніна), 34-А(|)
{"#",47e6dd42-cd5c-4e3a-9bc4-14816ed53d38,66:aa9a0025909438d711ead64a94b358e6}(|){"#",a2b5aac2-33a7-41ec-878c-7dd928ac85cf,184:aa9a0025909438d711ead64b1a97ad5e}(|)Ширяєве, Одеська, вул.Соборна, 121(|)
{"#",47e6dd42-cd5c-4e3a-9bc4-14816ed53d38,66:aa930025909438d611e95b78beda4bc4}(|){"#",a2b5aac2-33a7-41ec-878c-7dd928ac85cf,184:aa9a0025909438d711ead656edc18fd5}(|)Авторинок Жуляни, Київ, Київська(|)
{"#",47e6dd42-cd5c-4e3a-9bc4-14816ed53d38,66:ae9a001517d39cec11e3fca1373713e6}(|){"#",a2b5aac2-33a7-41ec-878c-7dd928ac85cf,184:aa9a0025909438d711ead6f4878e57e8}(|)Авторинок Перова, Київ, Київська(|)
{"#",47e6dd42-cd5c-4e3a-9bc4-14816ed53d38,66:ae9a001517d39cec11e3fca0edab29a5}(|){"#",a2b5aac2-33a7-41ec-878c-7dd928ac85cf,184:aa9a0025909438d711ead6fb4faeb822}(|)Авторинок Перова, Київ, Київська(|)
{"#",47e6dd42-cd5c-4e3a-9bc4-14816ed53d38,66:9cb8001517d39cec11e7e00f113b184a}(|){"#",a2b5aac2-33a7-41ec-878c-7dd928ac85cf,184:aa9a0025909438d711ead70c90cc600f}(|)Авторинок Лепсе (Гавела), Київ, Київська(|)
{"#",47e6dd42-cd5c-4e3a-9bc4-14816ed53d38,66:ae9a001517d39cec11e3fca0e17f0823}(|){"#",a2b5aac2-33a7-41ec-878c-7dd928ac85cf,184:aa9a0025909438d711ead7108e5037ec}(|)Авторинок Лепсе (Гавела), Київ, Київська(|)
{"#",47e6dd42-cd5c-4e3a-9bc4-14816ed53d38,66:ae9a001517d39cec11e3fca22beb8f36}(|){"#",a2b5aac2-33a7-41ec-878c-7dd928ac85cf,184:aa9a0025909438d711ead710db3aa101}(|)Авторинок Лепсе (Гавела), Київ, Київська(|)
{"#",47e6dd42-cd5c-4e3a-9bc4-14816ed53d38,66:ae9a001517d39cec11e3fca1b7433f85}(|){"#",a2b5aac2-33a7-41ec-878c-7dd928ac85cf,184:aa9a0025909438d711ead7112a7f2ece}(|)Авторинок Лепсе (Гавела), Київ, Київська(|)
{"#",47e6dd42-cd5c-4e3a-9bc4-14816ed53d38,66:ae9a001517d39cec11e3fca1bd74bb58}(|){"#",a2b5aac2-33a7-41ec-878c-7dd928ac85cf,184:aa9a0025909438d711ead71179b2a85d}(|)Авторинок Лепсе (Гавела), Київ, Київська(|)
{"#",47e6dd42-cd5c-4e3a-9bc4-14816ed53d38,66:ae9a001517d39cec11e3fca06dceacf8}(|){"#",a2b5aac2-33a7-41ec-878c-7dd928ac85cf,184:aa9a0025909438d711ead711c65a3d1c}(|)Авторинок Лепсе (Гавела), Київ, Київська(|)
{"#",47e6dd42-cd5c-4e3a-9bc4-14816ed53d38,66:aa900025909438d711e8a5f6794785db}(|){"#",a2b5aac2-33a7-41ec-878c-7dd928ac85cf,184:aa9a0025909438d711ead71a8883d3ff}(|)Авторинок Спортек, Полтава, Полтавська(|)
{"#",47e6dd42-cd5c-4e3a-9bc4-14816ed53d38,66:ae9a001517d39cec11e3fca0e787fbeb}(|){"#",a2b5aac2-33a7-41ec-878c-7dd928ac85cf,184:aa9a0025909438d711ead7b22c044c58}(|)Авторинок Перова, Київ, Київська(|)
{"#",47e6dd42-cd5c-4e3a-9bc4-14816ed53d38,66:ae9a001517d39cec11e3fca067bc2fdd}(|){"#",a2b5aac2-33a7-41ec-878c-7dd928ac85cf,184:aa9a0025909438d711ead7b3b36438e5}(|)Авторинок Перова, Київ, Київська(|)
{"#",47e6dd42-cd5c-4e3a-9bc4-14816ed53d38,66:ae9a001517d39cec11e3fca3bee0204d}(|){"#",a2b5aac2-33a7-41ec-878c-7dd928ac85cf,184:aa9a0025909438d711ead7b7ca6a3cc1}(|)Авторинок Перова, Київ, Київська(|)
{"#",47e6dd42-cd5c-4e3a-9bc4-14816ed53d38,66:ae9a001517d39cec11e3fca18cc1d306}(|){"#",a2b5aac2-33a7-41ec-878c-7dd928ac85cf,184:aa9a0025909438d711ead7b809ce786d}(|)Авторинок Перова, Київ, Київська(|)
{"#",47e6dd42-cd5c-4e3a-9bc4-14816ed53d38,66:ae9a001517d39cec11e3fca1a4ffdc14}(|){"#",a2b5aac2-33a7-41ec-878c-7dd928ac85cf,184:aa9a0025909438d711ead7b83ad7320f}(|)Авторинок Перова, Київ, Київська(|)
{"#",47e6dd42-cd5c-4e3a-9bc4-14816ed53d38,66:ae9a001517d39cec11e3fca0925a3886}(|){"#",a2b5aac2-33a7-41ec-878c-7dd928ac85cf,184:aa9a0025909438d711ead7c87a001b2b}(|)Авторинок Перова, Київ, Київська(|)
{"#",47e6dd42-cd5c-4e3a-9bc4-14816ed53d38,66:ae9a001517d39cec11e3fca1c9c964cd}(|){"#",a2b5aac2-33a7-41ec-878c-7dd928ac85cf,184:aa9a0025909438d711ead7dc56e898c1}(|)Авторинок Вересневий, Київ, Київська(|)
{"#",47e6dd42-cd5c-4e3a-9bc4-14816ed53d38,66:ae9a001517d39cec11e3fca155ee1f5e}(|){"#",a2b5aac2-33a7-41ec-878c-7dd928ac85cf,184:aa9a0025909438d711ead7dd09e4810d}(|)Авторинок Вересневий, Київ, Київська(|)
{"#",47e6dd42-cd5c-4e3a-9bc4-14816ed53d38,66:9298001517d39cec11e5f4b66ca43356}(|){"#",a2b5aac2-33a7-41ec-878c-7dd928ac85cf,184:aa9a0025909438d711ead7dd2a5ec3d4}(|)Авторинок Вересневий, Київ, Київська(|)
{"#",47e6dd42-cd5c-4e3a-9bc4-14816ed53d38,66:ae9a001517d39cec11e3fca1cffae09d}(|){"#",a2b5aac2-33a7-41ec-878c-7dd928ac85cf,184:aa9a0025909438d711ead7ede36304ea}(|)Авторинок Перова, Київ, Київська(|)
{"#",47e6dd42-cd5c-4e3a-9bc4-14816ed53d38,66:ae9a001517d39cec11e3fca206c2a87f}(|){"#",a2b5aac2-33a7-41ec-878c-7dd928ac85cf,184:aa9a0025909438d711ead7ee07e22548}(|)Авторинок Перова, Київ, Київська(|)
{"#",47e6dd42-cd5c-4e3a-9bc4-14816ed53d38,66:ae9a001517d39cec11e3fca100197754}(|){"#",a2b5aac2-33a7-41ec-878c-7dd928ac85cf,184:aa9a0025909438d711ead7ee21b17e84}(|)Авторинок Перова, Київ, Київська(|)
{"#",47e6dd42-cd5c-4e3a-9bc4-14816ed53d38,66:ae9a001517d39cec11e3fca073dc6589}(|){"#",a2b5aac2-33a7-41ec-878c-7dd928ac85cf,184:aa9a0025909438d711ead7efe6f90566}(|)Авторинок Перова, Київ, Київська(|)
{"#",47e6dd42-cd5c-4e3a-9bc4-14816ed53d38,66:ae9a001517d39cec11e3fca1cffae08e}(|){"#",a2b5aac2-33a7-41ec-878c-7dd928ac85cf,184:aa9a0025909438d711ead7effb0b58b1}(|)Авторинок Перова, Київ, Київська(|)
{"#",47e6dd42-cd5c-4e3a-9bc4-14816ed53d38,66:aa9a0025909438d711ead23199149df8}(|){"#",a2b5aac2-33a7-41ec-878c-7dd928ac85cf,184:aa9a0025909438d711ead7f013405582}(|)Авторинок Перова, Київ, Київська(|)
{"#",47e6dd42-cd5c-4e3a-9bc4-14816ed53d38,66:ae9a001517d39cec11e3fca3b8bcf29e}(|){"#",a2b5aac2-33a7-41ec-878c-7dd928ac85cf,184:aa9a0025909438d711ead7f0270b20d1}(|)Авторинок Перова, Київ, Київська(|)
{"#",47e6dd42-cd5c-4e3a-9bc4-14816ed53d38,66:ae9a001517d39cec11e3fca3cae87e79}(|){"#",a2b5aac2-33a7-41ec-878c-7dd928ac85cf,184:aa9a0025909438d711ead7f0398f436a}(|)Авторинок Перова, Київ, Київська(|)
{"#",47e6dd42-cd5c-4e3a-9bc4-14816ed53d38,66:ae9a001517d39cec11e3fca231e89743}(|){"#",a2b5aac2-33a7-41ec-878c-7dd928ac85cf,184:aa9a0025909438d711ead7f047fa4617}(|)Авторинок Перова, Київ, Київська(|)
{"#",47e6dd42-cd5c-4e3a-9bc4-14816ed53d38,66:ae9a001517d39cec11e3fca34b394e92}(|){"#",a2b5aac2-33a7-41ec-878c-7dd928ac85cf,184:aa9a0025909438d711ead7f047fa4617}(|)Авторинок Перова, Київ, Київська(|)
{"#",47e6dd42-cd5c-4e3a-9bc4-14816ed53d38,66:ae9a001517d39cec11e3fca21faebd49}(|){"#",a2b5aac2-33a7-41ec-878c-7dd928ac85cf,184:aa9a0025909438d711ead7f077eb4981}(|)Авторинок Перова, Київ, Київська(|)
{"#",47e6dd42-cd5c-4e3a-9bc4-14816ed53d38,66:ae9a001517d39cec11e3fca293663f66}(|){"#",a2b5aac2-33a7-41ec-878c-7dd928ac85cf,184:aa9a0025909438d711ead7f08ccb1ca4}(|)Авторинок Перова, Київ, Київська(|)
{"#",47e6dd42-cd5c-4e3a-9bc4-14816ed53d38,66:ae9a001517d39cec11e3fca3dd415716}(|){"#",a2b5aac2-33a7-41ec-878c-7dd928ac85cf,184:aa9a0025909438d711ead7f09f4b49fc}(|)Авторинок Перова, Київ, Київська(|)
{"#",47e6dd42-cd5c-4e3a-9bc4-14816ed53d38,66:ae9a001517d39cec11e3fca2c4526038}(|){"#",a2b5aac2-33a7-41ec-878c-7dd928ac85cf,184:aa9a0025909438d711ead7f0af2112b1}(|)Авторинок Перова, Київ, Київська(|)
{"#",47e6dd42-cd5c-4e3a-9bc4-14816ed53d38,66:ae9a001517d39cec11e3fca1310a5cda}(|){"#",a2b5aac2-33a7-41ec-878c-7dd928ac85cf,184:aa9a0025909438d711ead7f0d21f893e}(|)Авторинок Перова, Київ, Київська(|)
{"#",47e6dd42-cd5c-4e3a-9bc4-14816ed53d38,66:ae9a001517d39cec11e3fca079e094b3}(|){"#",a2b5aac2-33a7-41ec-878c-7dd928ac85cf,184:aa9a0025909438d711ead7f0e5621582}(|)Авторинок Перова, Київ, Київська(|)
{"#",47e6dd42-cd5c-4e3a-9bc4-14816ed53d38,66:ae9a001517d39cec11e3fca1373713e4}(|){"#",a2b5aac2-33a7-41ec-878c-7dd928ac85cf,184:aa9a0025909438d711ead7f0f3223471}(|)Авторинок Перова, Київ, Київська(|)
{"#",47e6dd42-cd5c-4e3a-9bc4-14816ed53d38,66:ae9a001517d39cec11e3fca33f38175f}(|){"#",a2b5aac2-33a7-41ec-878c-7dd928ac85cf,184:aa9a0025909438d711ead7f10723986b}(|)Авторинок Перова, Київ, Київська(|)
{"#",47e6dd42-cd5c-4e3a-9bc4-14816ed53d38,66:ae9a001517d39cec11e3fca09e56ab0d}(|){"#",a2b5aac2-33a7-41ec-878c-7dd928ac85cf,184:aa9a0025909438d711ead7f11915733c}(|)Авторинок Перова, Київ, Київська(|)
{"#",47e6dd42-cd5c-4e3a-9bc4-14816ed53d38,66:9298001517d39cec11e5a9679a2bb730}(|){"#",a2b5aac2-33a7-41ec-878c-7dd928ac85cf,184:aa9a0025909438d711ead7f13facea4e}(|)Авторинок Перова, Київ, Київська(|)
{"#",47e6dd42-cd5c-4e3a-9bc4-14816ed53d38,66:aa930025909438d611e93a968181c00e}(|){"#",a2b5aac2-33a7-41ec-878c-7dd928ac85cf,184:aa9a0025909438d711ead7f1500ae431}(|)Авторинок Перова, Київ, Київська(|)
{"#",47e6dd42-cd5c-4e3a-9bc4-14816ed53d38,66:ae9a001517d39cec11e3fca155ee1f50}(|){"#",a2b5aac2-33a7-41ec-878c-7dd928ac85cf,184:aa9a0025909438d711ead7f15f3e3080}(|)Авторинок Перова, Київ, Київська(|)
{"#",47e6dd42-cd5c-4e3a-9bc4-14816ed53d38,66:ae9b001517d39cec11e4073b64997140}(|){"#",a2b5aac2-33a7-41ec-878c-7dd928ac85cf,184:aa9a0025909438d711ead7f16ca2eb41}(|)Авторинок Перова, Київ, Київська(|)місце 130-Б
{"#",47e6dd42-cd5c-4e3a-9bc4-14816ed53d38,66:ae9a001517d39cec11e3fca1bd74bb4d}(|){"#",a2b5aac2-33a7-41ec-878c-7dd928ac85cf,184:aa9a0025909438d711ead7f186efdc98}(|)Авторинок Перова, Київ, Київська(|)
{"#",47e6dd42-cd5c-4e3a-9bc4-14816ed53d38,66:aa930025909438d611e8ef2a195145fc}(|){"#",a2b5aac2-33a7-41ec-878c-7dd928ac85cf,184:aa9a0025909438d711ead7f1b1cd7ba1}(|)Авторинок Перова, Київ, Київська(|)
{"#",47e6dd42-cd5c-4e3a-9bc4-14816ed53d38,66:9298001517d39cec11e58e0a65ae3140}(|){"#",a2b5aac2-33a7-41ec-878c-7dd928ac85cf,184:aa9a0025909438d711ead8864e6f55a4}(|)Авторинок Жуляни, Київ, Київська(|)
{"#",47e6dd42-cd5c-4e3a-9bc4-14816ed53d38,66:ae9a001517d39cec11e3fca32085d0ab}(|){"#",a2b5aac2-33a7-41ec-878c-7dd928ac85cf,184:aa9a0025909438d711ead8867f525563}(|)Авторинок Жуляни, Київ, Київська(|)
{"#",47e6dd42-cd5c-4e3a-9bc4-14816ed53d38,66:92f7001517d39cec11e716056d3a67e2}(|){"#",a2b5aac2-33a7-41ec-878c-7dd928ac85cf,184:aa9a0025909438d711ead886a38fcf9a}(|)Авторинок Жуляни, Київ, Київська(|)
{"#",47e6dd42-cd5c-4e3a-9bc4-14816ed53d38,66:ae9a001517d39cec11e3fca2fc121c98}(|){"#",a2b5aac2-33a7-41ec-878c-7dd928ac85cf,184:aa9a0025909438d711ead886d4f8373e}(|)Авторинок Жуляни, Київ, Київська(|)сектор Б,місце 44
{"#",47e6dd42-cd5c-4e3a-9bc4-14816ed53d38,66:aa9a0025909438d711ead88d9fd0d299}(|){"#",a2b5aac2-33a7-41ec-878c-7dd928ac85cf,184:aa9a0025909438d711ead88deea47d5f}(|)Авторинок Перова, Київ, Київська(|)
{"#",47e6dd42-cd5c-4e3a-9bc4-14816ed53d38,66:aa9a0025909438d711ead88f33d77700}(|){"#",a2b5aac2-33a7-41ec-878c-7dd928ac85cf,184:aa9a0025909438d711ead88f8b9908d1}(|)Авторинок Перова, Київ, Київська(|)
{"#",47e6dd42-cd5c-4e3a-9bc4-14816ed53d38,66:aa9a0025909438d711ead8901b0c293c}(|){"#",a2b5aac2-33a7-41ec-878c-7dd928ac85cf,184:aa9a0025909438d711ead8911c591f4a}(|)Авторинок Перова, Київ, Київська(|)
{"#",47e6dd42-cd5c-4e3a-9bc4-14816ed53d38,66:ae9a001517d39cec11e3fca0cf321b54}(|){"#",a2b5aac2-33a7-41ec-878c-7dd928ac85cf,184:aa9a0025909438d711eadad5d42f82af}(|)Авторинок Вересневий, Київ, Київська(|)
{"#",47e6dd42-cd5c-4e3a-9bc4-14816ed53d38,66:ae9a001517d39cec11e3fca192cf8b7d}(|){"#",a2b5aac2-33a7-41ec-878c-7dd928ac85cf,184:aa9a0025909438d711eadad81a976cd4}(|)Авторинок Вересневий, Київ, Київська(|)
{"#",47e6dd42-cd5c-4e3a-9bc4-14816ed53d38,66:ae9a001517d39cec11e3fca3bee02041}(|){"#",a2b5aac2-33a7-41ec-878c-7dd928ac85cf,184:aa9a0025909438d711eadad83447248f}(|)Авторинок Вересневий, Київ, Київська(|)
{"#",47e6dd42-cd5c-4e3a-9bc4-14816ed53d38,66:ae9a001517d39cec11e3fca0fa0497ce}(|){"#",a2b5aac2-33a7-41ec-878c-7dd928ac85cf,184:aa9a0025909438d711eadade5e2bf18b}(|)Авторинок Вересневий, Київ, Київська(|)
{"#",47e6dd42-cd5c-4e3a-9bc4-14816ed53d38,66:aa9a0025909438d711eadafb386511ad}(|){"#",a2b5aac2-33a7-41ec-878c-7dd928ac85cf,184:aa9a0025909438d711eadafba75c7f92}(|)Київ, Київська, вул.Ернста Федора, 4(|)
{"#",47e6dd42-cd5c-4e3a-9bc4-14816ed53d38,66:aa9a0025909438d711eadafc91487f8b}(|){"#",a2b5aac2-33a7-41ec-878c-7dd928ac85cf,184:aa9a0025909438d711eadafd4068d787}(|)Новомосковськ, Дніпропетровська, вул.Гетьманська (Радянська), 141-А(|)
{"#",47e6dd42-cd5c-4e3a-9bc4-14816ed53d38,66:aa9a0025909438d711eadbca8ca02a78}(|){"#",a2b5aac2-33a7-41ec-878c-7dd928ac85cf,184:aa9a0025909438d711eadbcafe129c81}(|)Авторинок Столичиний, Київ, Київська(|)
{"#",47e6dd42-cd5c-4e3a-9bc4-14816ed53d38,66:aa9a0025909438d711eadbcc86eba10f}(|){"#",a2b5aac2-33a7-41ec-878c-7dd928ac85cf,184:aa9a0025909438d711eadbcd0e2e4a4d}(|)Київ, Київська, вул.Заболотного Академіка, 156/1(|)
{"#",47e6dd42-cd5c-4e3a-9bc4-14816ed53d38,66:aa9a0025909438d711eadc9b04386334}(|){"#",a2b5aac2-33a7-41ec-878c-7dd928ac85cf,184:aa9a0025909438d711eadc9b7e2c0ecb}(|)Маріуполь, Донецька, вул.Зелінського, 112а(|)
{"#",47e6dd42-cd5c-4e3a-9bc4-14816ed53d38,66:aa900025909438d711e8a5f6794785db}(|){"#",a2b5aac2-33a7-41ec-878c-7dd928ac85cf,184:aa9a0025909438d711eadc9d6d373db8}(|)Розсошенці(Полтавська обл.), Полтавська, вул.Комарова, 1-Д(|)
{"#",47e6dd42-cd5c-4e3a-9bc4-14816ed53d38,66:aa9f0025909438d711eade094897fe6c}(|){"#",a2b5aac2-33a7-41ec-878c-7dd928ac85cf,184:aa9f0025909438d711eade098d8f3093}(|)Маріуполь, Донецька, вул.Поштова, 34(|)
{"#",47e6dd42-cd5c-4e3a-9bc4-14816ed53d38,66:ae9a001517d39cec11e3fca2b810c98d}(|){"#",a2b5aac2-33a7-41ec-878c-7dd928ac85cf,184:aa9f0025909438d711eade16f0e78316}(|)Авторинок Перова, Київ, Київська(|)
{"#",47e6dd42-cd5c-4e3a-9bc4-14816ed53d38,66:aa9f0025909438d711eade0ae27b4eb7}(|){"#",a2b5aac2-33a7-41ec-878c-7dd928ac85cf,184:aa9f0025909438d711eade172ae556db}(|)Маріуполь, Донецька, вул.Купріна, 41а(|)
{"#",47e6dd42-cd5c-4e3a-9bc4-14816ed53d38,66:aa9f0025909438d711eade0b9e55300c}(|){"#",a2b5aac2-33a7-41ec-878c-7dd928ac85cf,184:aa9f0025909438d711eade172ae556db}(|)Маріуполь, Донецька, вул.Купріна, 41а(|)
{"#",47e6dd42-cd5c-4e3a-9bc4-14816ed53d38,66:aa9f0025909438d711eade0bb9e2e494}(|){"#",a2b5aac2-33a7-41ec-878c-7dd928ac85cf,184:aa9f0025909438d711eade172ae556db}(|)Маріуполь, Донецька, вул.Купріна, 41а(|)
{"#",47e6dd42-cd5c-4e3a-9bc4-14816ed53d38,66:aa9f0025909438d711eade0ab3c7adcf}(|){"#",a2b5aac2-33a7-41ec-878c-7dd928ac85cf,184:aa9f0025909438d711eade2e6b3c4130}(|)Авторинок Південний, Маріуполь, Донецька(|)
{"#",47e6dd42-cd5c-4e3a-9bc4-14816ed53d38,66:aa9f0025909438d711eade0b21e54405}(|){"#",a2b5aac2-33a7-41ec-878c-7dd928ac85cf,184:aa9f0025909438d711eade2e6b3c4130}(|)Авторинок Південний, Маріуполь, Донецька(|)
{"#",47e6dd42-cd5c-4e3a-9bc4-14816ed53d38,66:aa9f0025909438d711eade0b7ca3cda2}(|){"#",a2b5aac2-33a7-41ec-878c-7dd928ac85cf,184:aa9f0025909438d711eade2e6b3c4130}(|)Авторинок Південний, Маріуполь, Донецька(|)
{"#",47e6dd42-cd5c-4e3a-9bc4-14816ed53d38,66:aaa10025909438d711eae6a5c2df147c}(|){"#",a2b5aac2-33a7-41ec-878c-7dd928ac85cf,184:aa9f0025909438d711eade2e6b3c4130}(|)Авторинок Південний, Маріуполь, Донецька(|)
{"#",47e6dd42-cd5c-4e3a-9bc4-14816ed53d38,66:aa9f0025909438d711eade077dce7de9}(|){"#",a2b5aac2-33a7-41ec-878c-7dd928ac85cf,184:aa9f0025909438d711eade31a6ae4dc0}(|)Маріуполь, Донецька, вул.Артема, 43(|)
{"#",47e6dd42-cd5c-4e3a-9bc4-14816ed53d38,66:aa9f0025909438d711eade0709349756}(|){"#",a2b5aac2-33a7-41ec-878c-7dd928ac85cf,184:aa9f0025909438d711eade341d3ee3f6}(|)Маріуполь, Донецька, вул.Митрополитська, 110(|)
{"#",47e6dd42-cd5c-4e3a-9bc4-14816ed53d38,66:aa9f0025909438d711eade07fc5b7f0f}(|){"#",a2b5aac2-33a7-41ec-878c-7dd928ac85cf,184:aa9f0025909438d711eade341d3ee3f6}(|)Маріуполь, Донецька, вул.Митрополитська, 110(|)
{"#",47e6dd42-cd5c-4e3a-9bc4-14816ed53d38,66:aa9f0025909438d711eade07362eb9cc}(|){"#",a2b5aac2-33a7-41ec-878c-7dd928ac85cf,184:aa9f0025909438d711eade355947340d}(|)Маріуполь, Донецька, вул.Ломізова, 1(|)
{"#",47e6dd42-cd5c-4e3a-9bc4-14816ed53d38,66:aa9f0025909438d711eade074a7a45ad}(|){"#",a2b5aac2-33a7-41ec-878c-7dd928ac85cf,184:aa9f0025909438d711eade355947340d}(|)Маріуполь, Донецька, вул.Ломізова, 1(|)
{"#",47e6dd42-cd5c-4e3a-9bc4-14816ed53d38,66:aa9f0025909438d711eade0b09b66e0a}(|){"#",a2b5aac2-33a7-41ec-878c-7dd928ac85cf,184:aa9f0025909438d711eade3971996348}(|)Маріуполь, Донецька, вул.Купріна, 41(|)
{"#",47e6dd42-cd5c-4e3a-9bc4-14816ed53d38,66:aa9f0025909438d711eade0b62532427}(|){"#",a2b5aac2-33a7-41ec-878c-7dd928ac85cf,184:aa9f0025909438d711eade3971996348}(|)Маріуполь, Донецька, вул.Купріна, 41(|)
{"#",47e6dd42-cd5c-4e3a-9bc4-14816ed53d38,66:aa9f0025909438d711eade075b585f3e}(|){"#",a2b5aac2-33a7-41ec-878c-7dd928ac85cf,184:aa9f0025909438d711eade3b49559cbf}(|)Маріуполь, Донецька, просп.Металургів, 94(|)
{"#",47e6dd42-cd5c-4e3a-9bc4-14816ed53d38,66:aaa10025909438d711eae124397e3480}(|){"#",a2b5aac2-33a7-41ec-878c-7dd928ac85cf,184:aaa10025909438d711eae12535924006}(|)Стоянка, Київська, шосеЖитомирське, 1-А(|)
{"#",47e6dd42-cd5c-4e3a-9bc4-14816ed53d38,66:9298001517d39cec11e592ba370aaecc}(|){"#",a2b5aac2-33a7-41ec-878c-7dd928ac85cf,184:aaa10025909438d711eae12c49a1840b}(|)Запоріжжя, Запорізька, вул.Брянська, 15(|)
{"#",47e6dd42-cd5c-4e3a-9bc4-14816ed53d38,66:ae9a001517d39cec11e3fca14fbca398}(|){"#",a2b5aac2-33a7-41ec-878c-7dd928ac85cf,184:aaa10025909438d711eae12cb271d9dc}(|)Запоріжжя, Запорізька, вул.Стартова, 3(|)
{"#",47e6dd42-cd5c-4e3a-9bc4-14816ed53d38,66:aa9f0025909438d711eade076b079c0d}(|){"#",a2b5aac2-33a7-41ec-878c-7dd928ac85cf,184:aaa10025909438d711eae14042e4721e}(|)Маріуполь, Донецька, просп.Металургів, 215(|)
{"#",47e6dd42-cd5c-4e3a-9bc4-14816ed53d38,66:aa9f0025909438d711eade079841b0f4}(|){"#",a2b5aac2-33a7-41ec-878c-7dd928ac85cf,184:aaa10025909438d711eae141dc0c0cba}(|)Маріуполь, Донецька, вул.Артема, 63(|)
{"#",47e6dd42-cd5c-4e3a-9bc4-14816ed53d38,66:aa9f0025909438d711eade07a7a72595}(|){"#",a2b5aac2-33a7-41ec-878c-7dd928ac85cf,184:aaa10025909438d711eae1431c6d51d9}(|)Маріуполь, Донецька, просп.Металургів, 225(|)
{"#",47e6dd42-cd5c-4e3a-9bc4-14816ed53d38,66:aa9f0025909438d711eade07cb3bd2c6}(|){"#",a2b5aac2-33a7-41ec-878c-7dd928ac85cf,184:aaa10025909438d711eae1451d479f95}(|)Маріуполь, Донецька, вул.Італійська, 136(|)
{"#",47e6dd42-cd5c-4e3a-9bc4-14816ed53d38,66:aa9f0025909438d711eade0726d5475e}(|){"#",a2b5aac2-33a7-41ec-878c-7dd928ac85cf,184:aaa10025909438d711eae146d1d43267}(|)Маріуполь, Донецька, просп.Перемоги, 86(|)
{"#",47e6dd42-cd5c-4e3a-9bc4-14816ed53d38,66:aa9f0025909438d711eade07ea7e9f60}(|){"#",a2b5aac2-33a7-41ec-878c-7dd928ac85cf,184:aaa10025909438d711eae1499f02da89}(|)Маріуполь, Донецька, просп.Нікопольський, 63(|)
{"#",47e6dd42-cd5c-4e3a-9bc4-14816ed53d38,66:aa9f0025909438d711eade080bcaafd8}(|){"#",a2b5aac2-33a7-41ec-878c-7dd928ac85cf,184:aaa10025909438d711eae154102ec46c}(|)Маріуполь, Донецька, просп.Нікопольський, 26(|)
{"#",47e6dd42-cd5c-4e3a-9bc4-14816ed53d38,66:aa9f0025909438d711eade081a919e87}(|){"#",a2b5aac2-33a7-41ec-878c-7dd928ac85cf,184:aaa10025909438d711eae155197467e8}(|)Маріуполь, Донецька, просп.Перемоги, 32/42(|)
{"#",47e6dd42-cd5c-4e3a-9bc4-14816ed53d38,66:aa9f0025909438d711eade082b5f7e62}(|){"#",a2b5aac2-33a7-41ec-878c-7dd928ac85cf,184:aaa10025909438d711eae158d0248254}(|)Маріуполь, Донецька, вул.Ломізова, 29(|)
{"#",47e6dd42-cd5c-4e3a-9bc4-14816ed53d38,66:aa9f0025909438d711eade083a52daeb}(|){"#",a2b5aac2-33a7-41ec-878c-7dd928ac85cf,184:aaa10025909438d711eae159ee8c792c}(|)Маріуполь, Донецька, вул.Миклухо-Маклая, 3(|)
{"#",47e6dd42-cd5c-4e3a-9bc4-14816ed53d38,66:ae9a001517d39cec11e3fca1681c0d9f}(|){"#",a2b5aac2-33a7-41ec-878c-7dd928ac85cf,184:aaa10025909438d711eae15c549d1d6b}(|)Авторинок Перова, Київ, Київська(|)
{"#",47e6dd42-cd5c-4e3a-9bc4-14816ed53d38,66:aa9f0025909438d711eade0ba9301301}(|){"#",a2b5aac2-33a7-41ec-878c-7dd928ac85cf,184:aaa10025909438d711eae1f85eeb871e}(|)Маріуполь, Донецька, вул.Митрополитська, 19(|)
{"#",47e6dd42-cd5c-4e3a-9bc4-14816ed53d38,66:aa9f0025909438d711eade0b31322573}(|){"#",a2b5aac2-33a7-41ec-878c-7dd928ac85cf,184:aaa10025909438d711eae202ee357503}(|)Маріуполь, Донецька, вул.Митрополитська, 165(|)
{"#",47e6dd42-cd5c-4e3a-9bc4-14816ed53d38,66:aa9f0025909438d711eade0b71553763}(|){"#",a2b5aac2-33a7-41ec-878c-7dd928ac85cf,184:aaa10025909438d711eae203943d4dac}(|)Маріуполь, Донецька, вул.Тополина, 55(|)
{"#",47e6dd42-cd5c-4e3a-9bc4-14816ed53d38,66:aa9f0025909438d711eade0b8bf327f6}(|){"#",a2b5aac2-33a7-41ec-878c-7dd928ac85cf,184:aaa10025909438d711eae2138ed29c03}(|)Маріуполь, Донецька, вул.Володимирська, 121(|)
{"#",47e6dd42-cd5c-4e3a-9bc4-14816ed53d38,66:aa9f0025909438d711eade0b4d8ac8b0}(|){"#",a2b5aac2-33a7-41ec-878c-7dd928ac85cf,184:aaa10025909438d711eae2150d765c5e}(|)Маріуполь, Донецька, вул.Авіаційна, 68(|)
{"#",47e6dd42-cd5c-4e3a-9bc4-14816ed53d38,66:aa9f0025909438d711eade0afb8c1d31}(|){"#",a2b5aac2-33a7-41ec-878c-7dd928ac85cf,184:aaa10025909438d711eae21562278150}(|)Маріуполь, Донецька, вул.Митрополитська, 106(|)
{"#",47e6dd42-cd5c-4e3a-9bc4-14816ed53d38,66:aa9f0025909438d711eade0b3bb619f8}(|){"#",a2b5aac2-33a7-41ec-878c-7dd928ac85cf,184:aaa10025909438d711eae2167882e06e}(|)Маріуполь, Донецька, вул.Грушевського Михайла (60 р. СРСР), 20(|)
{"#",47e6dd42-cd5c-4e3a-9bc4-14816ed53d38,66:aaa10025909438d711eae21edd5aa73c}(|){"#",a2b5aac2-33a7-41ec-878c-7dd928ac85cf,184:aaa10025909438d711eae22ed376df2b}(|)Бердянськ, Запорізька, просп.Азовський (Леніна), 4(|)
{"#",47e6dd42-cd5c-4e3a-9bc4-14816ed53d38,66:aa930025909438d611e8d826f6d2007d}(|){"#",a2b5aac2-33a7-41ec-878c-7dd928ac85cf,184:aaa10025909438d711eae2b611db672c}(|)Чернігів, Чернігівська, вул.Толстого, 151(|)
{"#",47e6dd42-cd5c-4e3a-9bc4-14816ed53d38,66:aaa10025909438d711eae21e96346439}(|){"#",a2b5aac2-33a7-41ec-878c-7dd928ac85cf,184:aaa10025909438d711eae2cca9afdbd1}(|)Авторинок на Ля-Сейнська, Бердянськ, Запорізька(|)
{"#",47e6dd42-cd5c-4e3a-9bc4-14816ed53d38,66:aaa10025909438d711eae21f44470db7}(|){"#",a2b5aac2-33a7-41ec-878c-7dd928ac85cf,184:aaa10025909438d711eae2cca9afdbd1}(|)Авторинок на Ля-Сейнська, Бердянськ, Запорізька(|)
{"#",47e6dd42-cd5c-4e3a-9bc4-14816ed53d38,66:aaa10025909438d711eae220077f7e30}(|){"#",a2b5aac2-33a7-41ec-878c-7dd928ac85cf,184:aaa10025909438d711eae2cca9afdbd1}(|)Авторинок на Ля-Сейнська, Бердянськ, Запорізька(|)
{"#",47e6dd42-cd5c-4e3a-9bc4-14816ed53d38,66:aaa10025909438d711eae21eb928f644}(|){"#",a2b5aac2-33a7-41ec-878c-7dd928ac85cf,184:aaa10025909438d711eae2d1034e7d13}(|)Бердянськ, Запорізька, вул.Правди, 80(|)
{"#",47e6dd42-cd5c-4e3a-9bc4-14816ed53d38,66:aaa10025909438d711eae21fd3ca4038}(|){"#",a2b5aac2-33a7-41ec-878c-7dd928ac85cf,184:aaa10025909438d711eae604dfda7380}(|)Бердянськ, Запорізька, вул.Італійська (Дюміна), 2(|)
{"#",47e6dd42-cd5c-4e3a-9bc4-14816ed53d38,66:aaa10025909438d711eae21ec2b02d9c}(|){"#",a2b5aac2-33a7-41ec-878c-7dd928ac85cf,184:aaa10025909438d711eae6062f4b3f45}(|)Бердянськ, Запорізька, вул.Довганюка, 103(|)
{"#",47e6dd42-cd5c-4e3a-9bc4-14816ed53d38,66:aaa10025909438d711eae21f35793ed4}(|){"#",a2b5aac2-33a7-41ec-878c-7dd928ac85cf,184:aaa10025909438d711eae606a51eebb1}(|)Бердянськ, Запорізька, вул.Щербака, 1(|)
{"#",47e6dd42-cd5c-4e3a-9bc4-14816ed53d38,66:aaa10025909438d711eae21f607bea24}(|){"#",a2b5aac2-33a7-41ec-878c-7dd928ac85cf,184:aaa10025909438d711eae606a51eebb1}(|)Бердянськ, Запорізька, вул.Щербака, 1(|)
{"#",47e6dd42-cd5c-4e3a-9bc4-14816ed53d38,66:aaa10025909438d711eae21f89a3e40f}(|){"#",a2b5aac2-33a7-41ec-878c-7dd928ac85cf,184:aaa10025909438d711eae6077af202cd}(|)Бердянськ, Запорізька, шосеМелітопольське, 74(|)
{"#",47e6dd42-cd5c-4e3a-9bc4-14816ed53d38,66:aaa10025909438d711eae21f6aa5732e}(|){"#",a2b5aac2-33a7-41ec-878c-7dd928ac85cf,184:aaa10025909438d711eae608f0ca5b6f}(|)Бердянськ, Запорізька, вул.Довганюка, 72а(|)
{"#",47e6dd42-cd5c-4e3a-9bc4-14816ed53d38,66:aaa10025909438d711eae21f9df8447d}(|){"#",a2b5aac2-33a7-41ec-878c-7dd928ac85cf,184:aaa10025909438d711eae609f6ca76e9}(|)Бердянськ, Запорізька, вул.Північна (Морозова), 13(|)
{"#",47e6dd42-cd5c-4e3a-9bc4-14816ed53d38,66:aaa10025909438d711eae21fc26026a1}(|){"#",a2b5aac2-33a7-41ec-878c-7dd928ac85cf,184:aaa10025909438d711eae60a689dd121}(|)Бердянськ, Запорізька, шосеМелітопольське, 67б(|)
{"#",47e6dd42-cd5c-4e3a-9bc4-14816ed53d38,66:aaa10025909438d711eae768ff6b0b5a}(|){"#",a2b5aac2-33a7-41ec-878c-7dd928ac85cf,184:aaa10025909438d711eae76a1a2d3284}(|)Одеса, Одеська, вул.Марсельська, 32-А(|)
{"#",47e6dd42-cd5c-4e3a-9bc4-14816ed53d38,66:ae9a001517d39cec11e3fca2750c2fb6}(|){"#",a2b5aac2-33a7-41ec-878c-7dd928ac85cf,184:aaa10025909438d711eae85a2d033dd4}(|)Авторинок Перова, Київ, Київська(|)
{"#",47e6dd42-cd5c-4e3a-9bc4-14816ed53d38,66:aa930025909438d611e9755fc5b1e71e}(|){"#",a2b5aac2-33a7-41ec-878c-7dd928ac85cf,184:aaa10025909438d711eae8f7d5240fa1}(|)Вишневе, Київська, вул.Київська, 1-Б(|)
{"#",47e6dd42-cd5c-4e3a-9bc4-14816ed53d38,66:ae9a001517d39cec11e3fca1ab08cff4}(|){"#",a2b5aac2-33a7-41ec-878c-7dd928ac85cf,184:aaa10025909438d711eaec3678c491c1}(|)Бобровиця, Чернігівська, вул.Горького, 24(|)
{"#",47e6dd42-cd5c-4e3a-9bc4-14816ed53d38,66:aaa10025909438d711eaec410e987768}(|){"#",a2b5aac2-33a7-41ec-878c-7dd928ac85cf,184:aaa10025909438d711eaec41dafef4b0}(|)Хмельницький, Хмельницька, просп.Миру, 41/4(|)
{"#",47e6dd42-cd5c-4e3a-9bc4-14816ed53d38,66:aaa10025909438d711eae79cf77fb183}(|){"#",a2b5aac2-33a7-41ec-878c-7dd928ac85cf,184:aaa10025909438d711eaec441d74e2d9}(|)Дніпро, Дніпропетровська, просп.Хмельницького Богдана, 151(|)
{"#",47e6dd42-cd5c-4e3a-9bc4-14816ed53d38,66:aaa10025909438d711eaec5d478551ec}(|){"#",a2b5aac2-33a7-41ec-878c-7dd928ac85cf,184:aaa10025909438d711eaec5dd1a15746}(|)Житомир, Житомирська, просп.Незалежності (Ватутіна вулиця), 55-А(|)
{"#",47e6dd42-cd5c-4e3a-9bc4-14816ed53d38,66:aaa10025909438d711eaecec8a681e9c}(|){"#",a2b5aac2-33a7-41ec-878c-7dd928ac85cf,184:aaa10025909438d711eaececf6a9bd0e}(|)Вишгород, Київська, вул.Набережна, 2(|)
{"#",47e6dd42-cd5c-4e3a-9bc4-14816ed53d38,66:ae9a001517d39cec11e3fca124fad78b}(|){"#",a2b5aac2-33a7-41ec-878c-7dd928ac85cf,184:aaa10025909438d711eaecfc48ed87f4}(|)Кременчук, Полтавська, вул.Пугачова Вадима (Московська), 49(|)
{"#",47e6dd42-cd5c-4e3a-9bc4-14816ed53d38,66:aaa10025909438d711eaed0736828eed}(|){"#",a2b5aac2-33a7-41ec-878c-7dd928ac85cf,184:aaa10025909438d711eaed07f57942e5}(|)Хмельницький, Хмельницька, просп.Миру, 94/1(|)
{"#",47e6dd42-cd5c-4e3a-9bc4-14816ed53d38,66:aaa10025909438d711eaedd5ac256916}(|){"#",a2b5aac2-33a7-41ec-878c-7dd928ac85cf,184:aaa10025909438d711eaedd616eac1d5}(|)Івано-Франківськ, Івано-Франківська, вул.Мазепи Гетьмана, 42(|)
{"#",47e6dd42-cd5c-4e3a-9bc4-14816ed53d38,66:aaa10025909438d711eaee867a3c0f97}(|){"#",a2b5aac2-33a7-41ec-878c-7dd928ac85cf,184:aaa10025909438d711eaee8763cf2c4e}(|)Полтава, Полтавська, вул.Визволення, 19-Б(|)
{"#",47e6dd42-cd5c-4e3a-9bc4-14816ed53d38,66:aaa10025909438d711eaee9c2c1f012a}(|){"#",a2b5aac2-33a7-41ec-878c-7dd928ac85cf,184:aaa10025909438d711eaee9ccb4f8b3f}(|)Хмельницький, Хмельницька, вул.Свободи, 3-А(|)
{"#",47e6dd42-cd5c-4e3a-9bc4-14816ed53d38,66:aaa10025909438d711eaf1a345af8b83}(|){"#",a2b5aac2-33a7-41ec-878c-7dd928ac85cf,184:aaa10025909438d711eaf1a3fc934021}(|)Кропивницький, Кіровоградська, вул.Автолюбителів, 2(|)
{"#",47e6dd42-cd5c-4e3a-9bc4-14816ed53d38,66:aaa10025909438d711eaf1a462a10917}(|){"#",a2b5aac2-33a7-41ec-878c-7dd928ac85cf,184:aaa10025909438d711eaf1a5493295a1}(|)Кривий Ріг, Дніпропетровська, вул.Криворіжсталі (Орджонікідзе), 12/38(|)
{"#",47e6dd42-cd5c-4e3a-9bc4-14816ed53d38,66:aaa10025909438d711eaf1b0a9b6b000}(|){"#",a2b5aac2-33a7-41ec-878c-7dd928ac85cf,184:aaa10025909438d711eaf1b153c73c93}(|)Погреби, Київська, вул.Городецького, 7(|)
{"#",47e6dd42-cd5c-4e3a-9bc4-14816ed53d38,66:aaa10025909438d711eaf1cda20f02e7}(|){"#",a2b5aac2-33a7-41ec-878c-7dd928ac85cf,184:aaa10025909438d711eaf1cebcb5b6a3}(|)Луцьк, Волинська, с.Гаразджа, Лісова62(|)
{"#",47e6dd42-cd5c-4e3a-9bc4-14816ed53d38,66:aaa10025909438d711eaf28f95d1f802}(|){"#",a2b5aac2-33a7-41ec-878c-7dd928ac85cf,184:aaa10025909438d711eaf290a7474a61}(|)Полтава, Полтавська, вул.Привокзальна, 1(|)
{"#",47e6dd42-cd5c-4e3a-9bc4-14816ed53d38,66:aaa10025909438d711eaf73f06b60045}(|){"#",a2b5aac2-33a7-41ec-878c-7dd928ac85cf,184:aaa10025909438d711eaf74065f3d05d}(|)Вінниця, Вінницька, пров.Індустріальний 2-й, 3(|)
{"#",47e6dd42-cd5c-4e3a-9bc4-14816ed53d38,66:aaa10025909438d711eaf1b0a9b6b000}(|){"#",a2b5aac2-33a7-41ec-878c-7dd928ac85cf,184:aaa10025909438d711eaf7fe294fb3b9}(|)Київ, Київська, вул.Електротехнічна, 44-Б(|)
{"#",47e6dd42-cd5c-4e3a-9bc4-14816ed53d38,66:aaa10025909438d711eaf8b990c5df1b}(|){"#",a2b5aac2-33a7-41ec-878c-7dd928ac85cf,184:aaa10025909438d711eaf8ba2659c581}(|)Солоницівка, Харківська, вул.Заводська, 49(|)
{"#",47e6dd42-cd5c-4e3a-9bc4-14816ed53d38,66:aaa10025909438d711eaf8bb4666171a}(|){"#",a2b5aac2-33a7-41ec-878c-7dd928ac85cf,184:aaa10025909438d711eaf8bcfcbac213}(|)Київ, Київська, вул.Садовського Миколи, 4(|)
{"#",47e6dd42-cd5c-4e3a-9bc4-14816ed53d38,66:aaa10025909438d711eaf8c2f89d0f0d}(|){"#",a2b5aac2-33a7-41ec-878c-7dd928ac85cf,184:aaa10025909438d711eaf8c39fcdf0e4}(|)Авторинок Кірова Троицкая, Миколаїв, Миколаївська(|)
{"#",47e6dd42-cd5c-4e3a-9bc4-14816ed53d38,66:9298001517d39cec11e5d0a3b86fced0}(|){"#",a2b5aac2-33a7-41ec-878c-7dd928ac85cf,184:aaa10025909438d711eaf8d0e968d0c5}(|)Херсон, Херсонська, вул.Нафтовиків, 2-Б(|)
{"#",47e6dd42-cd5c-4e3a-9bc4-14816ed53d38,66:aaa10025909438d711eaf98598638e34}(|){"#",a2b5aac2-33a7-41ec-878c-7dd928ac85cf,184:aaa10025909438d711eaf98661965096}(|)Бровари, Київська, пров.Полярників, 22(|)
{"#",47e6dd42-cd5c-4e3a-9bc4-14816ed53d38,66:aaa10025909438d711eaf9a13ebce406}(|){"#",a2b5aac2-33a7-41ec-878c-7dd928ac85cf,184:aaa10025909438d711eaf9a171c9a9d9}(|)Межиріч, Дніпропетровська, вул.Шевченко, 28(|)
{"#",47e6dd42-cd5c-4e3a-9bc4-14816ed53d38,66:aa930025909438d611e94eff86c7e380}(|){"#",a2b5aac2-33a7-41ec-878c-7dd928ac85cf,184:aaa10025909438d711eafbdae5db1a6a}(|)Львів, Львівська, вул.Патона, 37(|)
{"#",47e6dd42-cd5c-4e3a-9bc4-14816ed53d38,66:aaa10025909438d711eafcbe03f9b134}(|){"#",a2b5aac2-33a7-41ec-878c-7dd928ac85cf,184:aaa10025909438d711eafcbea2e18e41}(|)Маріуполь, Донецька, вул.Зелінського, 112(|)
{"#",47e6dd42-cd5c-4e3a-9bc4-14816ed53d38,66:aa980025909438d611ea9ff91b4c606e}(|){"#",a2b5aac2-33a7-41ec-878c-7dd928ac85cf,184:aaa10025909438d711eafd6d09c00b24}(|)Київ, Київська, с.Софіївська Борщагівка, вул.Соборна11(|)
{"#",47e6dd42-cd5c-4e3a-9bc4-14816ed53d38,66:aaa10025909438d711eafe386b6492cf}(|){"#",a2b5aac2-33a7-41ec-878c-7dd928ac85cf,184:aaa10025909438d711eafe3bd9abfd5a}(|)Київ, Київська, вул.Якуба Коласа, 15(|)
{"#",47e6dd42-cd5c-4e3a-9bc4-14816ed53d38,66:aaa10025909438d711eafe3c6d136a9b}(|){"#",a2b5aac2-33a7-41ec-878c-7dd928ac85cf,184:aaa10025909438d711eafe3bd9abfd5a}(|)Київ, Київська, вул.Якуба Коласа, 15(|)
{"#",47e6dd42-cd5c-4e3a-9bc4-14816ed53d38,66:aaa10025909438d711eafe56ff813c68}(|){"#",a2b5aac2-33a7-41ec-878c-7dd928ac85cf,184:aaa10025909438d711eafe575a6ff9c5}(|)Львів, Львівська, вул.Богданівська, 44(|)
{"#",47e6dd42-cd5c-4e3a-9bc4-14816ed53d38,66:aaa10025909438d711eb017687f2fb40}(|){"#",a2b5aac2-33a7-41ec-878c-7dd928ac85cf,184:aaa10025909438d711eb01773021af4b}(|)Глухів (Сумська обл.), Сумська, вул.Спаська, 39-А/8(|)
{"#",47e6dd42-cd5c-4e3a-9bc4-14816ed53d38,66:aaa10025909438d711eb0177e929ba1b}(|){"#",a2b5aac2-33a7-41ec-878c-7dd928ac85cf,184:aaa10025909438d711eb017864df074c}(|)Нововоронцовка, Херсонська, вул.Бериславська, 53(|)
{"#",47e6dd42-cd5c-4e3a-9bc4-14816ed53d38,66:aaa10025909438d711eb0178cea6671e}(|){"#",a2b5aac2-33a7-41ec-878c-7dd928ac85cf,184:aaa10025909438d711eb017b7a01ca7d}(|)Авторинок Мар'янский, Мар'янське, Дніпропетровська(|)
{"#",47e6dd42-cd5c-4e3a-9bc4-14816ed53d38,66:aaa10025909438d711eb017db10d1309}(|){"#",a2b5aac2-33a7-41ec-878c-7dd928ac85cf,184:aaa10025909438d711eb017e246ebdf1}(|)Грушівка (Дніпропетровська обл.), Дніпропетровська, вул.Шосейна, 1-А(|)
{"#",47e6dd42-cd5c-4e3a-9bc4-14816ed53d38,66:aaa10025909438d711eb023dde8ec013}(|){"#",a2b5aac2-33a7-41ec-878c-7dd928ac85cf,184:aaa10025909438d711eb023e629c7457}(|)Одеса, Одеська, вул.Дальницька, 23(|)
{"#",47e6dd42-cd5c-4e3a-9bc4-14816ed53d38,66:aaa10025909438d711eb023dde8ec013}(|){"#",a2b5aac2-33a7-41ec-878c-7dd928ac85cf,184:aaa10025909438d711eb023e8e73b7f5}(|)Київ, Київська, вул.Проектна, 3(|)
{"#",47e6dd42-cd5c-4e3a-9bc4-14816ed53d38,66:aaa10025909438d711eb025e9ae63297}(|){"#",a2b5aac2-33a7-41ec-878c-7dd928ac85cf,184:aaa10025909438d711eb025f2ec23097}(|)Святогірськ, Донецька, вул.Мазепи Івана, 59(|)
{"#",47e6dd42-cd5c-4e3a-9bc4-14816ed53d38,66:aaa10025909438d711eaf81443ca129a}(|){"#",a2b5aac2-33a7-41ec-878c-7dd928ac85cf,184:aaa10025909438d711eb031b19f70965}(|)Дніпро, Дніпропетровська, вул.Штормова, 124(|)
{"#",47e6dd42-cd5c-4e3a-9bc4-14816ed53d38,66:aaa20025909438d711eb03d9be83efbc}(|){"#",a2b5aac2-33a7-41ec-878c-7dd928ac85cf,184:aaa20025909438d711eb03da16d230ac}(|)Катеринопіль, Черкаська, вул.Енгельса, 2(|)
{"#",47e6dd42-cd5c-4e3a-9bc4-14816ed53d38,66:aaa20025909438d711eb03dabe908797}(|){"#",a2b5aac2-33a7-41ec-878c-7dd928ac85cf,184:aaa20025909438d711eb03de4dd856a1}(|)Рівне, Рівненська, вул.Виговського Гетьмана, 10(|)
{"#",47e6dd42-cd5c-4e3a-9bc4-14816ed53d38,66:aaa20025909438d711eb047ea1241b64}(|){"#",a2b5aac2-33a7-41ec-878c-7dd928ac85cf,184:aaa20025909438d711eb047f28146ede}(|)Петриківка, Дніпропетровська, просп.Калнишевського, 145(|)
{"#",47e6dd42-cd5c-4e3a-9bc4-14816ed53d38,66:aaa10025909438d711eb02f373345b54}(|){"#",a2b5aac2-33a7-41ec-878c-7dd928ac85cf,184:aaa20025909438d711eb04a020f9c37b}(|)Черкаси, Черкаська, вул.Сумгаїтська, 63(|)
{"#",47e6dd42-cd5c-4e3a-9bc4-14816ed53d38,66:aaa20025909438d711eb04b2a399995f}(|){"#",a2b5aac2-33a7-41ec-878c-7dd928ac85cf,184:aaa20025909438d711eb04b32e1fd54a}(|)Конотоп, Сумська, вул.Клубна, 91/1(|)
{"#",47e6dd42-cd5c-4e3a-9bc4-14816ed53d38,66:aaa20025909438d711eb070037bdda7a}(|){"#",a2b5aac2-33a7-41ec-878c-7dd928ac85cf,184:aaa20025909438d711eb07009f7d9302}(|)Хмельницький, Хмельницька, вул.Мирного Панаса, 31/1(|)
{"#",47e6dd42-cd5c-4e3a-9bc4-14816ed53d38,66:aaa20025909438d711eb0702c1e069e2}(|){"#",a2b5aac2-33a7-41ec-878c-7dd928ac85cf,184:aaa20025909438d711eb070356569048}(|)Вишневе, Київська, вул.Балукова, 24(|)
{"#",47e6dd42-cd5c-4e3a-9bc4-14816ed53d38,66:aaa20025909438d711eb07baef0273aa}(|){"#",a2b5aac2-33a7-41ec-878c-7dd928ac85cf,184:aaa20025909438d711eb07bb7542595a}(|)Рівне, Рівненська, вул.Реміснича, 5(|)
{"#",47e6dd42-cd5c-4e3a-9bc4-14816ed53d38,66:aaa20025909438d711eb07cc65a866c6}(|){"#",a2b5aac2-33a7-41ec-878c-7dd928ac85cf,184:aaa20025909438d711eb07cd1e99eb26}(|)Ізюм, Харківська, вул.Орлова капітана, Капітана Орлова2-Г(|)
{"#",47e6dd42-cd5c-4e3a-9bc4-14816ed53d38,66:aaa20025909438d711eb088e84170eab}(|){"#",a2b5aac2-33a7-41ec-878c-7dd928ac85cf,184:aaa20025909438d711eb088f296639f2}(|)Ізмаїл, Одеська, вул.Авраамівська, 70-А(|)
{"#",47e6dd42-cd5c-4e3a-9bc4-14816ed53d38,66:aaa30025909438d511eb09484a113d3a}(|){"#",a2b5aac2-33a7-41ec-878c-7dd928ac85cf,184:aaa30025909438d511eb0949f4167f03}(|)Суми, Сумська, с.Миколаївка, вул.Богдана Хмельницького39(|)
{"#",47e6dd42-cd5c-4e3a-9bc4-14816ed53d38,66:aaa40025909438d711eb0c891cacfcb4}(|){"#",a2b5aac2-33a7-41ec-878c-7dd928ac85cf,184:aaa40025909438d711eb0c8985ed188c}(|)Львів, Львівська, вул.Княгині Ольги, 100-Л(|)
{"#",47e6dd42-cd5c-4e3a-9bc4-14816ed53d38,66:aaa40025909438d711eb0d332417edda}(|){"#",a2b5aac2-33a7-41ec-878c-7dd928ac85cf,184:aaa40025909438d711eb0d3379b884e6}(|)Чернігів, Чернігівська, вул.Мазепи Івана, 59-Б(|)
{"#",47e6dd42-cd5c-4e3a-9bc4-14816ed53d38,66:aaa40025909438d711eb0d383300c127}(|){"#",a2b5aac2-33a7-41ec-878c-7dd928ac85cf,184:aaa40025909438d711eb0d389fb40a88}(|)Авторинок Ярославський, Черкаси, Черкаська(|)
{"#",47e6dd42-cd5c-4e3a-9bc4-14816ed53d38,66:aaa40025909438d711eb0d38f85b25c5}(|){"#",a2b5aac2-33a7-41ec-878c-7dd928ac85cf,184:aaa40025909438d711eb0d3942d19e88}(|)Авторинок Ярославський, Черкаси, Черкаська(|)
{"#",47e6dd42-cd5c-4e3a-9bc4-14816ed53d38,66:aaa40025909438d711eb0d3a38c65d88}(|){"#",a2b5aac2-33a7-41ec-878c-7dd928ac85cf,184:aaa40025909438d711eb0d3a9908d5bb}(|)Черкаси, Черкаська, вул.Корольова, 7(|)
{"#",47e6dd42-cd5c-4e3a-9bc4-14816ed53d38,66:aaa40025909438d711eb0d3bfd22f16e}(|){"#",a2b5aac2-33a7-41ec-878c-7dd928ac85cf,184:aaa40025909438d711eb0d3c9cb19d18}(|)Звенигородка, Черкаська, вул.Шевченко, 4-Б(|)
{"#",47e6dd42-cd5c-4e3a-9bc4-14816ed53d38,66:aaa40025909438d711eb0d3d0e569c21}(|){"#",a2b5aac2-33a7-41ec-878c-7dd928ac85cf,184:aaa40025909438d711eb0d3d96afe9bb}(|)Черкаси, Черкаська, вул.Хоменка, 9(|)
{"#",47e6dd42-cd5c-4e3a-9bc4-14816ed53d38,66:aaa40025909438d711eb0d3007bb75a8}(|){"#",a2b5aac2-33a7-41ec-878c-7dd928ac85cf,184:aaa40025909438d711eb0d62968bf836}(|)Луцьк, Волинська, вул.Кондзелевича Йова, 1(|)
{"#",47e6dd42-cd5c-4e3a-9bc4-14816ed53d38,66:974f001517d39cec11e7b7e1b58685cb}(|){"#",a2b5aac2-33a7-41ec-878c-7dd928ac85cf,184:aaa40025909438d711eb0ef2b72f6e82}(|)Могилів, Дніпропетровська, вул.Костичева, 1-А(|)
{"#",47e6dd42-cd5c-4e3a-9bc4-14816ed53d38,66:aaa40025909438d711eb0f7fe2028b2b}(|){"#",a2b5aac2-33a7-41ec-878c-7dd928ac85cf,184:aaa40025909438d711eb0f8040c640ee}(|)Спаське (Дніпропетровська обл.), Дніпропетровська, вул.Козинця, 72-А(|)
{"#",47e6dd42-cd5c-4e3a-9bc4-14816ed53d38,66:aaa40025909438d711eb0f80927c85d0}(|){"#",a2b5aac2-33a7-41ec-878c-7dd928ac85cf,184:aaa40025909438d711eb0f80bd43df5a}(|)Ватутіне, Черкаська, вул.Ювілейна, 25(|)
{"#",47e6dd42-cd5c-4e3a-9bc4-14816ed53d38,66:aaa40025909438d711eb12c12ea7efc7}(|){"#",a2b5aac2-33a7-41ec-878c-7dd928ac85cf,184:aaa40025909438d711eb12c27fd88494}(|)Корсунь-Шевченківський, Черкаська, вул.Ювілейна, 19(|)
{"#",47e6dd42-cd5c-4e3a-9bc4-14816ed53d38,66:aaa40025909438d711eb12c4d5da9c75}(|){"#",a2b5aac2-33a7-41ec-878c-7dd928ac85cf,184:aaa40025909438d711eb12c570592d66}(|)Сміла, Черкаська, вул.Чорновола В'ячеслава (Дзержинського), 2(|)
{"#",47e6dd42-cd5c-4e3a-9bc4-14816ed53d38,66:aaa40025909438d711eb12c6ad844c76}(|){"#",a2b5aac2-33a7-41ec-878c-7dd928ac85cf,184:aaa40025909438d711eb12c7795e6d5c}(|)Городище (Черкаська обл.), Черкаська, вул.Миру, 112(|)
{"#",47e6dd42-cd5c-4e3a-9bc4-14816ed53d38,66:aaa40025909438d711eb12d2bceb18ed}(|){"#",a2b5aac2-33a7-41ec-878c-7dd928ac85cf,184:aaa40025909438d711eb12d557d6ed6b}(|)Київ, Київська, вул.Зодчих, 5-А(|)
{"#",47e6dd42-cd5c-4e3a-9bc4-14816ed53d38,66:aaa40025909438d711eb12d7e30eaa56}(|){"#",a2b5aac2-33a7-41ec-878c-7dd928ac85cf,184:aaa40025909438d711eb12d83230bdbf}(|)Київ, Київська, вул.Зодчих, 5-А(|)
{"#",47e6dd42-cd5c-4e3a-9bc4-14816ed53d38,66:aaa40025909438d711eb137436eea3c8}(|){"#",a2b5aac2-33a7-41ec-878c-7dd928ac85cf,184:aaa40025909438d711eb1374d599567b}(|)Золотоноша, Черкаська, вул.Новоселівська, 1(|)
{"#",47e6dd42-cd5c-4e3a-9bc4-14816ed53d38,66:aaa40025909438d711eb1438e25763a4}(|){"#",a2b5aac2-33a7-41ec-878c-7dd928ac85cf,184:aaa40025909438d711eb143959c5e4b9}(|)Золотоноша, Черкаська, просп.Шевченка, 9-А(|)
{"#",47e6dd42-cd5c-4e3a-9bc4-14816ed53d38,66:aaa40025909438d711eb14398802fd3e}(|){"#",a2b5aac2-33a7-41ec-878c-7dd928ac85cf,184:aaa40025909438d711eb1439ef704cbe}(|)Золотоноша, Черкаська, вул.Новоселівська, 2-Г(|)
{"#",47e6dd42-cd5c-4e3a-9bc4-14816ed53d38,66:aaa40025909438d711eb145bec1f8990}(|){"#",a2b5aac2-33a7-41ec-878c-7dd928ac85cf,184:aaa40025909438d711eb145c3c63649a}(|)Запоріжжя, Запорізька, вул.Барикадна, 161(|)
{"#",47e6dd42-cd5c-4e3a-9bc4-14816ed53d38,66:aaa40025909438d711eb146db34180d8}(|){"#",a2b5aac2-33a7-41ec-878c-7dd928ac85cf,184:aaa40025909438d711eb146e25a8fe34}(|)Авторинок Паустовського, Одеса, Одеська(|)
{"#",47e6dd42-cd5c-4e3a-9bc4-14816ed53d38,66:aaa50025909438d511eb15041a284449}(|){"#",a2b5aac2-33a7-41ec-878c-7dd928ac85cf,184:aaa50025909438d511eb1504846dfe67}(|)Новомиколаївка (Верхньодніпров. р-н, Дніпроп. обл), Дніпропетровська, вул.Залізнична, 1(|)
{"#",47e6dd42-cd5c-4e3a-9bc4-14816ed53d38,66:aaa50025909438d511eb1504a1fe6058}(|){"#",a2b5aac2-33a7-41ec-878c-7dd928ac85cf,184:aaa50025909438d511eb1504f721b16f}(|)Дніпро, Дніпропетровська, вул.Набережна Заводська, 98-А(|)
{"#",47e6dd42-cd5c-4e3a-9bc4-14816ed53d38,66:aaa50025909438d511eb15051856f08f}(|){"#",a2b5aac2-33a7-41ec-878c-7dd928ac85cf,184:aaa50025909438d511eb15057a8e298b}(|)Кам'янське(Дніпропетровська обл), Дніпропетровська, просп.Аношкіна, 8(|)
{"#",47e6dd42-cd5c-4e3a-9bc4-14816ed53d38,66:aaa50025909438d511eb1505a156480f}(|){"#",a2b5aac2-33a7-41ec-878c-7dd928ac85cf,184:aaa50025909438d511eb1505f9c7be4b}(|)Дніпро, Дніпропетровська, вул.Набережна Заводська, 101-К(|)
{"#",47e6dd42-cd5c-4e3a-9bc4-14816ed53d38,66:aaa50025909438d511eb1506476b617f}(|){"#",a2b5aac2-33a7-41ec-878c-7dd928ac85cf,184:aaa50025909438d511eb15070d9e0911}(|)Дніпро, Дніпропетровська, просп.Миру, 49(|)
{"#",47e6dd42-cd5c-4e3a-9bc4-14816ed53d38,66:aaa50025909438d511eb1ce516cd9765}(|){"#",a2b5aac2-33a7-41ec-878c-7dd928ac85cf,184:aaa50025909438d511eb1ce5f1ea38e2}(|)Рівне, Рівненська, вул.Коновальця Євгена, 7-А(|)
{"#",47e6dd42-cd5c-4e3a-9bc4-14816ed53d38,66:aaa50025909438d511eb1ce75bc77314}(|){"#",a2b5aac2-33a7-41ec-878c-7dd928ac85cf,184:aaa50025909438d511eb1ce7c2ed8093}(|)Сарни, Рівненська, вул.Соборна, 4-А(|)
{"#",47e6dd42-cd5c-4e3a-9bc4-14816ed53d38,66:aaa50025909438d511eb1ce7e7b7b348}(|){"#",a2b5aac2-33a7-41ec-878c-7dd928ac85cf,184:aaa50025909438d511eb1ce84c1b82aa}(|)Рівне, Рівненська, вул.Млинівська, 14(|)
{"#",47e6dd42-cd5c-4e3a-9bc4-14816ed53d38,66:aaa50025909438d511eb1cecf7068063}(|){"#",a2b5aac2-33a7-41ec-878c-7dd928ac85cf,184:aaa50025909438d511eb1ceefaaf13cc}(|)Київ, Київська, вул.Тарасівська, 33/2(|)
{"#",47e6dd42-cd5c-4e3a-9bc4-14816ed53d38,66:aaa6001517d39cec11e7b95c6fcd9205}(|){"#",a2b5aac2-33a7-41ec-878c-7dd928ac85cf,184:aaa6001517d39cec11e7b95ccf3066b9}(|)Новомосковськ, Дніпропетровська, вул.Гетьманська (Радянська), 119-А(|)
{"#",47e6dd42-cd5c-4e3a-9bc4-14816ed53d38,66:aaa6001517d39cec11e7b95d17cde5da}(|){"#",a2b5aac2-33a7-41ec-878c-7dd928ac85cf,184:aaa6001517d39cec11e7b95f5f95d0d9}(|)Новомосковськ, Дніпропетровська, площаПеремоги, 3(|)
{"#",47e6dd42-cd5c-4e3a-9bc4-14816ed53d38,66:aaa6001517d39cec11e7b965b18b42c0}(|){"#",a2b5aac2-33a7-41ec-878c-7dd928ac85cf,184:aaa6001517d39cec11e7b966beab13d8}(|)Новомосковськ, Дніпропетровська, площаПеремоги, 32(|)
{"#",47e6dd42-cd5c-4e3a-9bc4-14816ed53d38,66:aaa6001517d39cec11e7ba1e7262c3f0}(|){"#",a2b5aac2-33a7-41ec-878c-7dd928ac85cf,184:aaa6001517d39cec11e7ba1f7d086386}(|)Кам'янське(Дніпропетровська обл), Дніпропетровська, просп.Гімназичний (Пеліна), 23(|)
{"#",47e6dd42-cd5c-4e3a-9bc4-14816ed53d38,66:aaa6001517d39cec11e7ba2c3f30bad8}(|){"#",a2b5aac2-33a7-41ec-878c-7dd928ac85cf,184:aaa6001517d39cec11e7ba2c8ca13c16}(|)Піщанка(Дніпропетровська обл.), Дніпропетровська, вул.Центральна, 59-А(|)
{"#",47e6dd42-cd5c-4e3a-9bc4-14816ed53d38,66:aaa6001517d39cec11e7baefc0064178}(|){"#",a2b5aac2-33a7-41ec-878c-7dd928ac85cf,184:aaa6001517d39cec11e7baf04b2c602a}(|)Дніпро, Дніпропетровська, вул.Холодильна, 62(|)
{"#",47e6dd42-cd5c-4e3a-9bc4-14816ed53d38,66:aaa6001517d39cec11e7baf304dd451f}(|){"#",a2b5aac2-33a7-41ec-878c-7dd928ac85cf,184:aaa6001517d39cec11e7baf3646fc8da}(|)Синельникове, Дніпропетровська, вул.Ісполкомовська, 28(|)
{"#",47e6dd42-cd5c-4e3a-9bc4-14816ed53d38,66:aaa6001517d39cec11e7baf3ae91e74c}(|){"#",a2b5aac2-33a7-41ec-878c-7dd928ac85cf,184:aaa6001517d39cec11e7baf417985ddc}(|)Синельникове, Дніпропетровська, вул.Залізнична, 5(|)
{"#",47e6dd42-cd5c-4e3a-9bc4-14816ed53d38,66:aaa6001517d39cec11e7baf454cd3c54}(|){"#",a2b5aac2-33a7-41ec-878c-7dd928ac85cf,184:aaa6001517d39cec11e7baf5210cd072}(|)Бровари, Київська, вул.Броварської сотні (Чкалова), 13(|)
{"#",47e6dd42-cd5c-4e3a-9bc4-14816ed53d38,66:aaa6001517d39cec11e7baf78ac4b488}(|){"#",a2b5aac2-33a7-41ec-878c-7dd928ac85cf,184:aaa6001517d39cec11e7baf9d4ec972c}(|)Дніпро, Дніпропетровська, вул.Червоноповстанська Балка, 3(|)
{"#",47e6dd42-cd5c-4e3a-9bc4-14816ed53d38,66:a0ef001517d39cec11e7b408b92b4c10}(|){"#",a2b5aac2-33a7-41ec-878c-7dd928ac85cf,184:aaa6001517d39cec11e7bd5b0b598d02}(|)Кропивницький, Кіровоградська, вул.Кропивницького, 177(|)
{"#",47e6dd42-cd5c-4e3a-9bc4-14816ed53d38,66:ae9a001517d39cec11e3fca3880c6c9c}(|){"#",a2b5aac2-33a7-41ec-878c-7dd928ac85cf,184:aaa6001517d39cec11e7bd5b0b598d02}(|)Кропивницький, Кіровоградська, вул.Кропивницького, 177(|)
{"#",47e6dd42-cd5c-4e3a-9bc4-14816ed53d38,66:aaa6001517d39cec11e7bd6bce31eefe}(|){"#",a2b5aac2-33a7-41ec-878c-7dd928ac85cf,184:aaa6001517d39cec11e7bd6c09a8f5b8}(|)Гадяч, Полтавська, вул.Полтавська, 74(|)
{"#",47e6dd42-cd5c-4e3a-9bc4-14816ed53d38,66:aaa6001517d39cec11e7bd7022d041f1}(|){"#",a2b5aac2-33a7-41ec-878c-7dd928ac85cf,184:aaa6001517d39cec11e7bd707f820f0a}(|)Авторинок Господарський Побутовий ринок (Шевченка), Львів, Львівська(|)
{"#",47e6dd42-cd5c-4e3a-9bc4-14816ed53d38,66:aaa6001517d39cec11e7bd80ba687b44}(|){"#",a2b5aac2-33a7-41ec-878c-7dd928ac85cf,184:aaa6001517d39cec11e7bd817f810163}(|)Кам'янське(Дніпропетровська обл), Дніпропетровська, бульварБудівельників, 7(|)
{"#",47e6dd42-cd5c-4e3a-9bc4-14816ed53d38,66:aaa6001517d39cec11e7bd82139a53ee}(|){"#",a2b5aac2-33a7-41ec-878c-7dd928ac85cf,184:aaa6001517d39cec11e7bd824ed35d85}(|)Борислав (Львівська обл.), Львівська, вул.Бандери Степана, 14-А(|)
{"#",47e6dd42-cd5c-4e3a-9bc4-14816ed53d38,66:aa8e0025909438d711e842f7c88ba42e}(|){"#",a2b5aac2-33a7-41ec-878c-7dd928ac85cf,184:aaa6001517d39cec11e7be2c8c69467d}(|)Кропивницький, Кіровоградська, просп.Промисловий, 6-А(|)
{"#",47e6dd42-cd5c-4e3a-9bc4-14816ed53d38,66:aaa6001517d39cec11e7be34d5dc928e}(|){"#",a2b5aac2-33a7-41ec-878c-7dd928ac85cf,184:aaa6001517d39cec11e7be3507bbe32e}(|)Київ, Київська, вул.Робітнича, 2-А(|)
{"#",47e6dd42-cd5c-4e3a-9bc4-14816ed53d38,66:9cb8001517d39cec11e7d442ddd1c334}(|){"#",a2b5aac2-33a7-41ec-878c-7dd928ac85cf,184:aaa6001517d39cec11e7be3eaada9fd6}(|)Кропивницький, Кіровоградська, вул.Кропивницького, 177(|)
{"#",47e6dd42-cd5c-4e3a-9bc4-14816ed53d38,66:aaa6001517d39cec11e7c09993fce727}(|){"#",a2b5aac2-33a7-41ec-878c-7dd928ac85cf,184:aaa6001517d39cec11e7c099c128343a}(|)Макарів, Київська, вул.Леніна, 42(|)
{"#",47e6dd42-cd5c-4e3a-9bc4-14816ed53d38,66:aa950025909438d711e9a892380b1a5f}(|){"#",a2b5aac2-33a7-41ec-878c-7dd928ac85cf,184:aaa6001517d39cec11e7c09c221a3124}(|)Кропивницький, Кіровоградська, вул.Короленка, 1-А(|)
{"#",47e6dd42-cd5c-4e3a-9bc4-14816ed53d38,66:ae9a001517d39cec11e3fed0a4b518e9}(|){"#",a2b5aac2-33a7-41ec-878c-7dd928ac85cf,184:aaa6001517d39cec11e7c09c221a3124}(|)Кропивницький, Кіровоградська, вул.Короленка, 1-А(|)
{"#",47e6dd42-cd5c-4e3a-9bc4-14816ed53d38,66:aaa6001517d39cec11e7c2cf7d0315e4}(|){"#",a2b5aac2-33a7-41ec-878c-7dd928ac85cf,184:aaa6001517d39cec11e7c2cfc864af71}(|)Авторинок Галицьке, Львів, Львівська(|)
{"#",47e6dd42-cd5c-4e3a-9bc4-14816ed53d38,66:aaa6001517d39cec11e7c2fa27a34136}(|){"#",a2b5aac2-33a7-41ec-878c-7dd928ac85cf,184:aaa6001517d39cec11e7c2fa68ac062a}(|)Авторинок Бам, Новий Розділ, Львівська(|)
{"#",47e6dd42-cd5c-4e3a-9bc4-14816ed53d38,66:aaa6001517d39cec11e7c3915716e262}(|){"#",a2b5aac2-33a7-41ec-878c-7dd928ac85cf,184:aaa6001517d39cec11e7c391b2d0baec}(|)Марганець, Дніпропетровська, вул.Радянська, 52(|)
{"#",47e6dd42-cd5c-4e3a-9bc4-14816ed53d38,66:aaa6001517d39cec11e7c391fb519dd6}(|){"#",a2b5aac2-33a7-41ec-878c-7dd928ac85cf,184:aaa6001517d39cec11e7c39336aa25be}(|)Дніпро, Дніпропетровська, просп.Хмельницького Богдана, 112(|)
{"#",47e6dd42-cd5c-4e3a-9bc4-14816ed53d38,66:aaa6001517d39cec11e7c39c1f177efd}(|){"#",a2b5aac2-33a7-41ec-878c-7dd928ac85cf,184:aaa6001517d39cec11e7c39c7546c058}(|)Харків, Харківська, вул.Китаєнка, 4(|)
{"#",47e6dd42-cd5c-4e3a-9bc4-14816ed53d38,66:aaa6001517d39cec11e7c39cebf46e4e}(|){"#",a2b5aac2-33a7-41ec-878c-7dd928ac85cf,184:aaa6001517d39cec11e7c39d2ffa861e}(|)Авторинок Центральний, Луцьк, Волинська(|)
{"#",47e6dd42-cd5c-4e3a-9bc4-14816ed53d38,66:aaa6001517d39cec11e7c39d53d0deee}(|){"#",a2b5aac2-33a7-41ec-878c-7dd928ac85cf,184:aaa6001517d39cec11e7c39d9550d978}(|)Авторинок Формула, Луцьк, Волинська(|)
{"#",47e6dd42-cd5c-4e3a-9bc4-14816ed53d38,66:aaa6001517d39cec11e7c39f33bc594c}(|){"#",a2b5aac2-33a7-41ec-878c-7dd928ac85cf,184:aaa6001517d39cec11e7c39f94c9f2ee}(|)Підгайці (Луцький р-н), Волинська, вул.Дубнівська, 39-А(|)
{"#",47e6dd42-cd5c-4e3a-9bc4-14816ed53d38,66:aaa6001517d39cec11e7c3bdea2cd472}(|){"#",a2b5aac2-33a7-41ec-878c-7dd928ac85cf,184:aaa6001517d39cec11e7c3be4a8c626a}(|)Рожище, Волинська, вул.Гагаріна, 14(|)
{"#",47e6dd42-cd5c-4e3a-9bc4-14816ed53d38,66:aaa6001517d39cec11e7c3d09c2d37f4}(|){"#",a2b5aac2-33a7-41ec-878c-7dd928ac85cf,184:aaa6001517d39cec11e7c3d0f1ac0b4c}(|)Боярка, Київська, вул.Східна, 11(|)
{"#",47e6dd42-cd5c-4e3a-9bc4-14816ed53d38,66:aaa6001517d39cec11e7c473915eb278}(|){"#",a2b5aac2-33a7-41ec-878c-7dd928ac85cf,184:aaa6001517d39cec11e7c47400a7554b}(|)Полтава, Полтавська, вул.Визволення, 21-А(|)
{"#",47e6dd42-cd5c-4e3a-9bc4-14816ed53d38,66:aaa6001517d39cec11e7c4794a571f40}(|){"#",a2b5aac2-33a7-41ec-878c-7dd928ac85cf,184:aaa6001517d39cec11e7c479a46632dc}(|)Велика Багачка, Полтавська, вул.Європейська, 8-Д(|)
{"#",47e6dd42-cd5c-4e3a-9bc4-14816ed53d38,66:aaa6001517d39cec11e7c47a0392317b}(|){"#",a2b5aac2-33a7-41ec-878c-7dd928ac85cf,184:aaa6001517d39cec11e7c47a514efdf9}(|)Полтава, Полтавська, шосеХарківське, 6-Б(|)
{"#",47e6dd42-cd5c-4e3a-9bc4-14816ed53d38,66:ae9a001517d39cec11e3fed002e3de63}(|){"#",a2b5aac2-33a7-41ec-878c-7dd928ac85cf,184:aaa6001517d39cec11e7c5245950ae66}(|)Київ, Київська, вул.Пшенична, 16-А(|)
{"#",47e6dd42-cd5c-4e3a-9bc4-14816ed53d38,66:aaa6001517d39cec11e7c5453eab4dde}(|){"#",a2b5aac2-33a7-41ec-878c-7dd928ac85cf,184:aaa6001517d39cec11e7c545d9878ba6}(|)Синельникове, Дніпропетровська, вул.Каштанова, 21(|)
{"#",47e6dd42-cd5c-4e3a-9bc4-14816ed53d38,66:aaa6001517d39cec11e7c5f158bd678c}(|){"#",a2b5aac2-33a7-41ec-878c-7dd928ac85cf,184:aaa6001517d39cec11e7c5f25bcbea9c}(|)Дніпро, Дніпропетровська, вул.Спогадів, 181(|)
{"#",47e6dd42-cd5c-4e3a-9bc4-14816ed53d38,66:aaa6001517d39cec11e7c5f2abfbc190}(|){"#",a2b5aac2-33a7-41ec-878c-7dd928ac85cf,184:aaa6001517d39cec11e7c5f2da2d5150}(|)Авторинок Торпедо, Львів, Львівська(|)
{"#",47e6dd42-cd5c-4e3a-9bc4-14816ed53d38,66:aaa6001517d39cec11e7c5f34020ffdf}(|){"#",a2b5aac2-33a7-41ec-878c-7dd928ac85cf,184:aaa6001517d39cec11e7c5f3888081dc}(|)Харків, Харківська, вул.Ландау Льва, 58(|)
{"#",47e6dd42-cd5c-4e3a-9bc4-14816ed53d38,66:ae9a001517d39cec11e3fc9fdd3109ff}(|){"#",a2b5aac2-33a7-41ec-878c-7dd928ac85cf,184:aaa6001517d39cec11e7c8555c0f7342}(|)м.Харків(|)
{"#",47e6dd42-cd5c-4e3a-9bc4-14816ed53d38,66:aaa6001517d39cec11e7c860760020e8}(|){"#",a2b5aac2-33a7-41ec-878c-7dd928ac85cf,184:aaa6001517d39cec11e7c860c1a47c4c}(|)Авторинок Господарський Побутовий ринок (Шевченка), Львів, Львівська(|)
{"#",47e6dd42-cd5c-4e3a-9bc4-14816ed53d38,66:aaa6001517d39cec11e7c87d6df1f972}(|){"#",a2b5aac2-33a7-41ec-878c-7dd928ac85cf,184:aaa6001517d39cec11e7c87e28efa81e}(|)Новгород-Сіверський, Чернігівська, вул.Шевченка, 23-Ж(|)
{"#",47e6dd42-cd5c-4e3a-9bc4-14816ed53d38,66:aaa80025909438d611eb1dc63e5a07c7}(|){"#",a2b5aac2-33a7-41ec-878c-7dd928ac85cf,184:aaa80025909438d611eb1dc6fa42c588}(|)Мелітополь, Запорізька, вул.Ломоносова, 347(|)
{"#",47e6dd42-cd5c-4e3a-9bc4-14816ed53d38,66:aaa90025909438d711eb1f5f712ea903}(|){"#",a2b5aac2-33a7-41ec-878c-7dd928ac85cf,184:aaa90025909438d711eb1f5fd2c6efb1}(|)Золотоноша, Черкаська, вул.Обухова, 65(|)
{"#",47e6dd42-cd5c-4e3a-9bc4-14816ed53d38,66:aaa90025909438d711eb1f77fa81421a}(|){"#",a2b5aac2-33a7-41ec-878c-7dd928ac85cf,184:aaa90025909438d711eb1f78f069e7e4}(|)Ковель, Волинська, вул.Сагайдачного, 15(|)
{"#",47e6dd42-cd5c-4e3a-9bc4-14816ed53d38,66:aaa90025909438d711eb1f79253d7561}(|){"#",a2b5aac2-33a7-41ec-878c-7dd928ac85cf,184:aaa90025909438d711eb1f7997143b5c}(|)Ковель, Волинська, вул.Сагайдачного, 6(|)
{"#",47e6dd42-cd5c-4e3a-9bc4-14816ed53d38,66:aaa90025909438d711eb1f79c37ed796}(|){"#",a2b5aac2-33a7-41ec-878c-7dd928ac85cf,184:aaa90025909438d711eb1f7a28aff412}(|)Ковель, Волинська, вул.Сагайдачного, 4-А(|)
{"#",47e6dd42-cd5c-4e3a-9bc4-14816ed53d38,66:aaa90025909438d711eb1f7b2141cbcb}(|){"#",a2b5aac2-33a7-41ec-878c-7dd928ac85cf,184:aaa90025909438d711eb1f7b82de8065}(|)Ковель, Волинська, вул.Володимирська, 42(|)
{"#",47e6dd42-cd5c-4e3a-9bc4-14816ed53d38,66:aaaa0025909438d711eb200958d377ce}(|){"#",a2b5aac2-33a7-41ec-878c-7dd928ac85cf,184:aaaa0025909438d711eb200b65049fe4}(|)Пісочин, Харківська, вул.Автомобільна, 3-Б(|)
{"#",47e6dd42-cd5c-4e3a-9bc4-14816ed53d38,66:aaab0025909438d711eb23401a029eeb}(|){"#",a2b5aac2-33a7-41ec-878c-7dd928ac85cf,184:aaab0025909438d711eb2347bc2de947}(|)Авторинок Светлый, Мирноград, Донецька(|)
{"#",47e6dd42-cd5c-4e3a-9bc4-14816ed53d38,66:ae9a001517d39cec11e3fca15c114d0b}(|){"#",a2b5aac2-33a7-41ec-878c-7dd928ac85cf,184:aaab0025909438d711eb234eb2da2f86}(|)Нові Петрівці, Київська, вул.Свято-Покровська, 1(|)066-759-49-92 Лариса
{"#",47e6dd42-cd5c-4e3a-9bc4-14816ed53d38,66:aaad0025909438d711eb25848db88009}(|){"#",a2b5aac2-33a7-41ec-878c-7dd928ac85cf,184:aaae0025909438d511eb25977ba30f55}(|)Київ, Київська, вул.Генерала Воробйова Геннадія, 10(|)
{"#",47e6dd42-cd5c-4e3a-9bc4-14816ed53d38,66:aaae0025909438d511eb25ae3565ee04}(|){"#",a2b5aac2-33a7-41ec-878c-7dd928ac85cf,184:aaae0025909438d511eb25ae89271638}(|)Івано-Франківськ, Івано-Франківська, вул.Селянська, 28(|)
{"#",47e6dd42-cd5c-4e3a-9bc4-14816ed53d38,66:aaae0025909438d511eb25b64145bb08}(|){"#",a2b5aac2-33a7-41ec-878c-7dd928ac85cf,184:aaae0025909438d511eb25b732f38636}(|)Кам'янське(Дніпропетровська обл), Дніпропетровська, пров.3-й Травневий (3-й Баглійський), 1-А(|)
{"#",47e6dd42-cd5c-4e3a-9bc4-14816ed53d38,66:aaae0025909438d511eb25b7d8fcbcb6}(|){"#",a2b5aac2-33a7-41ec-878c-7dd928ac85cf,184:aaae0025909438d511eb25b90016ac03}(|)Новомиколаївка (Верхньодніпров. р-н, Дніпроп. обл), Дніпропетровська, вул.Залізнична, 46(|)
{"#",47e6dd42-cd5c-4e3a-9bc4-14816ed53d38,66:aaae0025909438d511eb25baf10f5a03}(|){"#",a2b5aac2-33a7-41ec-878c-7dd928ac85cf,184:aaae0025909438d511eb25bb63e49855}(|)Кам'янське(Дніпропетровська обл), Дніпропетровська, просп.Конституції, 15-А(|)
{"#",47e6dd42-cd5c-4e3a-9bc4-14816ed53d38,66:aab00025909438d611eb28f00c62814c}(|){"#",a2b5aac2-33a7-41ec-878c-7dd928ac85cf,184:aab00025909438d611eb28f05f14d378}(|)Дніпро, Дніпропетровська, просп.Хмельницького Богдана, 45(|)
{"#",47e6dd42-cd5c-4e3a-9bc4-14816ed53d38,66:ab18001517d39cec11eb179fa6d3ccdd}(|){"#",a2b5aac2-33a7-41ec-878c-7dd928ac85cf,184:ab18001517d39cec11eb17a0250326f2}(|)Народичі, Житомирська, вул.Юрченка, 27(|)
{"#",47e6dd42-cd5c-4e3a-9bc4-14816ed53d38,66:ab18001517d39cec11eb18331da2ca1d}(|){"#",a2b5aac2-33a7-41ec-878c-7dd928ac85cf,184:ab18001517d39cec11eb1833a1c22474}(|)Київ, Київська, вул.Волинська, 65(|)
{"#",47e6dd42-cd5c-4e3a-9bc4-14816ed53d38,66:ab18001517d39cec11eb18650eb706af}(|){"#",a2b5aac2-33a7-41ec-878c-7dd928ac85cf,184:ab18001517d39cec11eb1865702acf25}(|)Київ, Київська, бульварРоллана Ромена, 7(|)
{"#",47e6dd42-cd5c-4e3a-9bc4-14816ed53d38,66:ab18001517d39cec11eb190a62b92099}(|){"#",a2b5aac2-33a7-41ec-878c-7dd928ac85cf,184:ab18001517d39cec11eb18fe16c8f6e7}(|)Ірпінь, Київська, вул.Центральна, 22(|)
{"#",47e6dd42-cd5c-4e3a-9bc4-14816ed53d38,66:ae9a001517d39cec11e3fc9fdd310a07}(|){"#",a2b5aac2-33a7-41ec-878c-7dd928ac85cf,184:ab18001517d39cec11eb18fe16c8f6e7}(|)Ірпінь, Київська, вул.Центральна, 22(|)
{"#",47e6dd42-cd5c-4e3a-9bc4-14816ed53d38,66:ab19001517d39cec11eb19e17a8910c4}(|){"#",a2b5aac2-33a7-41ec-878c-7dd928ac85cf,184:ab19001517d39cec11eb19e1f363187c}(|)Дубно, Рівненська, вул.Грушевського, 174-А(|)
{"#",47e6dd42-cd5c-4e3a-9bc4-14816ed53d38,66:ab19001517d39cec11eb19f3dfef5f21}(|){"#",a2b5aac2-33a7-41ec-878c-7dd928ac85cf,184:ab19001517d39cec11eb19f451d9ef97}(|)Васильків (Київська обл., Васильківський р-н), Київська, вул.Грушевського, 16/5-А(|)
{"#",47e6dd42-cd5c-4e3a-9bc4-14816ed53d38,66:ab77001517d39cec11e7a1cd7566bf48}(|){"#",a2b5aac2-33a7-41ec-878c-7dd928ac85cf,184:ab77001517d39cec11e7a1ced75e7f1f}(|)Львів, Львівська, вул.Пасічна, 127-А(|)
{"#",47e6dd42-cd5c-4e3a-9bc4-14816ed53d38,66:ab77001517d39cec11e7a1d1471cf4aa}(|){"#",a2b5aac2-33a7-41ec-878c-7dd928ac85cf,184:ab77001517d39cec11e7a1d19ecc10a0}(|)Авторинок Галицьке, Львів, Львівська(|)
{"#",47e6dd42-cd5c-4e3a-9bc4-14816ed53d38,66:ab77001517d39cec11e7a1d1e6e40c13}(|){"#",a2b5aac2-33a7-41ec-878c-7dd928ac85cf,184:ab77001517d39cec11e7a1d236f746ce}(|)Авторинок Перфецького, Львів, Львівська(|)
{"#",47e6dd42-cd5c-4e3a-9bc4-14816ed53d38,66:ab77001517d39cec11e7a1e05d4c6b48}(|){"#",a2b5aac2-33a7-41ec-878c-7dd928ac85cf,184:ab77001517d39cec11e7a1e0a05f533c}(|)Авторинок Зелене Коло, Львів, Львівська(|)
{"#",47e6dd42-cd5c-4e3a-9bc4-14816ed53d38,66:ab77001517d39cec11e7a1f7c30b3499}(|){"#",a2b5aac2-33a7-41ec-878c-7dd928ac85cf,184:ab77001517d39cec11e7a1f80b55416c}(|)Яворів, Львівська, вул.Левада, 1(|)
{"#",47e6dd42-cd5c-4e3a-9bc4-14816ed53d38,66:ab77001517d39cec11e7a36d5cb0d046}(|){"#",a2b5aac2-33a7-41ec-878c-7dd928ac85cf,184:ab77001517d39cec11e7a36dd1f67b28}(|)Верхньодніпровськ, Дніпропетровська, вул.Палехи, 1(|)
{"#",47e6dd42-cd5c-4e3a-9bc4-14816ed53d38,66:911f001517d39cec11e431a949d5aaf2}(|){"#",a2b5aac2-33a7-41ec-878c-7dd928ac85cf,184:ab77001517d39cec11e7a3799353aad7}(|)Велика Багачка, Полтавська, вул.Шевченка, 95(|)
{"#",47e6dd42-cd5c-4e3a-9bc4-14816ed53d38,66:9298001517d39cec11e642b293d0e3b2}(|){"#",a2b5aac2-33a7-41ec-878c-7dd928ac85cf,184:ab77001517d39cec11e7a379c58ff72a}(|)Полтава, Полтавська, вул.Великотирнівська, 25/2(|)
{"#",47e6dd42-cd5c-4e3a-9bc4-14816ed53d38,66:ae63001517d39cec11e6736496fb0b5c}(|){"#",a2b5aac2-33a7-41ec-878c-7dd928ac85cf,184:ae63001517d39cec11e6736523571bc2}(|)Розсошенці(Полтавська обл.), Полтавська, вул.Коцюбинського, 3(|)
{"#",47e6dd42-cd5c-4e3a-9bc4-14816ed53d38,66:ae63001517d39cec11e674122fe1f670}(|){"#",a2b5aac2-33a7-41ec-878c-7dd928ac85cf,184:ae63001517d39cec11e6741295aabaab}(|)Авторинок Центральний, Дніпро, Дніпропетровська(|)
{"#",47e6dd42-cd5c-4e3a-9bc4-14816ed53d38,66:ae63001517d39cec11e6734b91403728}(|){"#",a2b5aac2-33a7-41ec-878c-7dd928ac85cf,184:ae63001517d39cec11e678bbb16afc98}(|)Буча, Київська, вул.Центральна, 33(|)
{"#",47e6dd42-cd5c-4e3a-9bc4-14816ed53d38,66:ae63001517d39cec11e67b318f23ce62}(|){"#",a2b5aac2-33a7-41ec-878c-7dd928ac85cf,184:ae63001517d39cec11e67b31d941281e}(|)м.Херсон, автобазар АВАЛОН №2-12(|)
{"#",47e6dd42-cd5c-4e3a-9bc4-14816ed53d38,66:ae63001517d39cec11e67e5b0814197c}(|){"#",a2b5aac2-33a7-41ec-878c-7dd928ac85cf,184:ae63001517d39cec11e67e6efbe14289}(|)Павлоград, Дніпропетровська, вул.Дніпровська, 249(|)
{"#",47e6dd42-cd5c-4e3a-9bc4-14816ed53d38,66:ae63001517d39cec11e67f368b35e84a}(|){"#",a2b5aac2-33a7-41ec-878c-7dd928ac85cf,184:ae63001517d39cec11e67f3712d6ce18}(|)Світловодськ, Кіровоградська, вул.Героїв України (Леніна), 21(|)
{"#",47e6dd42-cd5c-4e3a-9bc4-14816ed53d38,66:9298001517d39cec11e64f13f05f85c6}(|){"#",a2b5aac2-33a7-41ec-878c-7dd928ac85cf,184:ae63001517d39cec11e68003a9549ef2}(|)Київ, Київська, вул.Тираспольська, 43(|)
{"#",47e6dd42-cd5c-4e3a-9bc4-14816ed53d38,66:ae63001517d39cec11e683e319ff1f47}(|){"#",a2b5aac2-33a7-41ec-878c-7dd928ac85cf,184:ae63001517d39cec11e683e39744ce24}(|)Авторинок Центральний (республиканской), Кам'янське(Дніпропетровська обл), Дніпропетровська(|)
{"#",47e6dd42-cd5c-4e3a-9bc4-14816ed53d38,66:ae63001517d39cec11e684a80b5665c4}(|){"#",a2b5aac2-33a7-41ec-878c-7dd928ac85cf,184:ae63001517d39cec11e684a87bf8bd90}(|)Суми, Сумська, вул.Шкільна, 17(|)
{"#",47e6dd42-cd5c-4e3a-9bc4-14816ed53d38,66:ae63001517d39cec11e684a80b5665c4}(|){"#",a2b5aac2-33a7-41ec-878c-7dd928ac85cf,184:ae63001517d39cec11e684a8a172b440}(|)Суми, Сумська, просп.Курський, 40(|)
{"#",47e6dd42-cd5c-4e3a-9bc4-14816ed53d38,66:ae63001517d39cec11e684a80b5665c4}(|){"#",a2b5aac2-33a7-41ec-878c-7dd928ac85cf,184:ae63001517d39cec11e684a8bacc7534}(|)Суми, Сумська, просп.Лушпи Михайла, 8(|)
{"#",47e6dd42-cd5c-4e3a-9bc4-14816ed53d38,66:ae63001517d39cec11e68a2ad4045bb7}(|){"#",a2b5aac2-33a7-41ec-878c-7dd928ac85cf,184:ae63001517d39cec11e68a2bb94a3e7b}(|)Нова Каховка, Херсонська, вул.Довженко, 1(|)
{"#",47e6dd42-cd5c-4e3a-9bc4-14816ed53d38,66:ae63001517d39cec11e68c5a079fb552}(|){"#",a2b5aac2-33a7-41ec-878c-7dd928ac85cf,184:ae63001517d39cec11e68c5a45b4b0d6}(|)Полтава, Полтавська, вул.Серьогіна, 17(|)
{"#",47e6dd42-cd5c-4e3a-9bc4-14816ed53d38,66:ae63001517d39cec11e68f86261e30e2}(|){"#",a2b5aac2-33a7-41ec-878c-7dd928ac85cf,184:ae63001517d39cec11e68f86798230c7}(|)Жовті Води, Дніпропетровська, вул.Гагаріна, 33(|)
{"#",47e6dd42-cd5c-4e3a-9bc4-14816ed53d38,66:ae63001517d39cec11e691167bbd2922}(|){"#",a2b5aac2-33a7-41ec-878c-7dd928ac85cf,184:ae63001517d39cec11e69116be9b9d5c}(|)Короп, Київська, вул.Шкляра Ігоря, 35(|)
{"#",47e6dd42-cd5c-4e3a-9bc4-14816ed53d38,66:ae63001517d39cec11e6913ef488f016}(|){"#",a2b5aac2-33a7-41ec-878c-7dd928ac85cf,184:ae63001517d39cec11e6913f8c29dde0}(|)Очаків, Миколаївська, вул.8-го Березня, 40/23(|)
{"#",47e6dd42-cd5c-4e3a-9bc4-14816ed53d38,66:911f001517d39cec11e4422d6fec1767}(|){"#",a2b5aac2-33a7-41ec-878c-7dd928ac85cf,184:ae63001517d39cec11e695e93fcef468}(|)Харків, Харківська, вул.Лебединська, 128(|)
{"#",47e6dd42-cd5c-4e3a-9bc4-14816ed53d38,66:ae63001517d39cec11e69696fff01044}(|){"#",a2b5aac2-33a7-41ec-878c-7dd928ac85cf,184:ae63001517d39cec11e6969745b6622c}(|)Одеса, Одеська, вул.Інглезі (25 Чапаєвської Дивізії), 7(|)
{"#",47e6dd42-cd5c-4e3a-9bc4-14816ed53d38,66:9c80001517d39cec11e5037be500661c}(|){"#",a2b5aac2-33a7-41ec-878c-7dd928ac85cf,184:ae63001517d39cec11e6969b80b10b44}(|)Павлоград, Дніпропетровська, вул.Харківська, 12(|)
{"#",47e6dd42-cd5c-4e3a-9bc4-14816ed53d38,66:ae9a001517d39cec11e3fca073dc6596}(|){"#",a2b5aac2-33a7-41ec-878c-7dd928ac85cf,184:ae63001517d39cec11e69aaea68561c8}(|)Житомир, Житомирська, вул.Шевченка, 24-А(|)
{"#",47e6dd42-cd5c-4e3a-9bc4-14816ed53d38,66:ae9a001517d39cec11e3fca1808c2820}(|){"#",a2b5aac2-33a7-41ec-878c-7dd928ac85cf,184:ae63001517d39cec11e69aaea68561c8}(|)Житомир, Житомирська, вул.Шевченка, 24-А(|)
{"#",47e6dd42-cd5c-4e3a-9bc4-14816ed53d38,66:ae63001517d39cec11e69ac33c8cacb2}(|){"#",a2b5aac2-33a7-41ec-878c-7dd928ac85cf,184:ae63001517d39cec11e69ac37cb08fe8}(|)Київ, Київська, вул.Електриків, 26(|)
{"#",47e6dd42-cd5c-4e3a-9bc4-14816ed53d38,66:9298001517d39cec11e64519c071d1c4}(|){"#",a2b5aac2-33a7-41ec-878c-7dd928ac85cf,184:ae63001517d39cec11e69c17f7c65a34}(|)Покров (Дніпропетровська обл.), Дніпропетровська, вул.Партизанська, 1(|)
{"#",47e6dd42-cd5c-4e3a-9bc4-14816ed53d38,66:ae63001517d39cec11e69c2408485976}(|){"#",a2b5aac2-33a7-41ec-878c-7dd928ac85cf,184:ae63001517d39cec11e69c24745f35b2}(|)Шостка, Сумська, вул.Короленка, 47(|)
{"#",47e6dd42-cd5c-4e3a-9bc4-14816ed53d38,66:ae9a001517d39cec11e3fca1a4ffdc1d}(|){"#",a2b5aac2-33a7-41ec-878c-7dd928ac85cf,184:ae63001517d39cec11e6a017cb7ba9b1}(|)Кривий Ріг, Дніпропетровська, вул.Головка Адмірала, 40(|)вул.Головка,40, м.Кривий Ріг, Дніпропетровська обл.
{"#",47e6dd42-cd5c-4e3a-9bc4-14816ed53d38,66:ae63001517d39cec11e6a105f353a052}(|){"#",a2b5aac2-33a7-41ec-878c-7dd928ac85cf,184:ae63001517d39cec11e6a106b4f79e02}(|)Дніпро, Дніпропетровська, шосеКриворізьке, 18-А(|)
{"#",47e6dd42-cd5c-4e3a-9bc4-14816ed53d38,66:ae63001517d39cec11e6a4d6ff2e8818}(|){"#",a2b5aac2-33a7-41ec-878c-7dd928ac85cf,184:ae63001517d39cec11e6a4d79f6a72ba}(|)Дніпро, Дніпропетровська, просп.Хмельницького Богдана, 38(|)
{"#",47e6dd42-cd5c-4e3a-9bc4-14816ed53d38,66:ae63001517d39cec11e6a595d7b4f690}(|){"#",a2b5aac2-33a7-41ec-878c-7dd928ac85cf,184:ae63001517d39cec11e6a596d9bad49a}(|)Шостка, Сумська, вул.Знаменська (Комуністична), 4(|)
{"#",47e6dd42-cd5c-4e3a-9bc4-14816ed53d38,66:ae63001517d39cec11e6aa65d36f0fce}(|){"#",a2b5aac2-33a7-41ec-878c-7dd928ac85cf,184:ae63001517d39cec11e6aa66419bfaca}(|)Авторинок Авторинок, Кременчук, Полтавська(|)
{"#",47e6dd42-cd5c-4e3a-9bc4-14816ed53d38,66:ae63001517d39cec11e6ab24b5f2f630}(|){"#",a2b5aac2-33a7-41ec-878c-7dd928ac85cf,184:ae63001517d39cec11e6ab2510f9fe5c}(|)Харків, Харківська, просп.Московський, 251(|)
{"#",47e6dd42-cd5c-4e3a-9bc4-14816ed53d38,66:ae63001517d39cec11e6abfb2764b552}(|){"#",a2b5aac2-33a7-41ec-878c-7dd928ac85cf,184:ae63001517d39cec11e6abfb8ecc52b8}(|)Київ, Київська, вул.Робітнича, 2-А(|)
{"#",47e6dd42-cd5c-4e3a-9bc4-14816ed53d38,66:ae63001517d39cec11e6acbbc5dfb2d4}(|){"#",a2b5aac2-33a7-41ec-878c-7dd928ac85cf,184:ae63001517d39cec11e6acbc1ea82446}(|)Одеьска обл., м.Болград, автобазар №7(|)
{"#",47e6dd42-cd5c-4e3a-9bc4-14816ed53d38,66:ae63001517d39cec11e6afdaab4304ea}(|){"#",a2b5aac2-33a7-41ec-878c-7dd928ac85cf,184:ae63001517d39cec11e6afdd175fa55a}(|)Охтирка, Сумська, вул.Першотравнева, Андрія Шаталова38-А(|)
{"#",47e6dd42-cd5c-4e3a-9bc4-14816ed53d38,66:ae63001517d39cec11e6b0b83d29e76b}(|){"#",a2b5aac2-33a7-41ec-878c-7dd928ac85cf,184:ae63001517d39cec11e6b0b8827903c1}(|)Харків, Харківська, вул.Перемоги  (Перемога), 75/2(|)
{"#",47e6dd42-cd5c-4e3a-9bc4-14816ed53d38,66:92f7001517d39cec11e7203a68b4d344}(|){"#",a2b5aac2-33a7-41ec-878c-7dd928ac85cf,184:ae63001517d39cec11e6b1749bff90de}(|)Київ, Київська, вул.Булгакова, 18(|)
{"#",47e6dd42-cd5c-4e3a-9bc4-14816ed53d38,66:9cb8001517d39cec11e7d8d5afdefe31}(|){"#",a2b5aac2-33a7-41ec-878c-7dd928ac85cf,184:ae63001517d39cec11e6b1749bff90de}(|)Київ, Київська, вул.Булгакова, 18(|)
{"#",47e6dd42-cd5c-4e3a-9bc4-14816ed53d38,66:aa8e0025909438d711e817b477092ce9}(|){"#",a2b5aac2-33a7-41ec-878c-7dd928ac85cf,184:ae63001517d39cec11e6b1749bff90de}(|)Київ, Київська, вул.Булгакова, 18(|)
{"#",47e6dd42-cd5c-4e3a-9bc4-14816ed53d38,66:aa8e0025909438d711e83c9717737c47}(|){"#",a2b5aac2-33a7-41ec-878c-7dd928ac85cf,184:ae63001517d39cec11e6b1749bff90de}(|)Київ, Київська, вул.Булгакова, 18(|)
{"#",47e6dd42-cd5c-4e3a-9bc4-14816ed53d38,66:aa8f0025909438d711e851cef098eb3b}(|){"#",a2b5aac2-33a7-41ec-878c-7dd928ac85cf,184:ae63001517d39cec11e6b1749bff90de}(|)Київ, Київська, вул.Булгакова, 18(|)
{"#",47e6dd42-cd5c-4e3a-9bc4-14816ed53d38,66:aa950025909438d711e9ac7545f04da8}(|){"#",a2b5aac2-33a7-41ec-878c-7dd928ac85cf,184:ae63001517d39cec11e6b1749bff90de}(|)Київ, Київська, вул.Булгакова, 18(|)
{"#",47e6dd42-cd5c-4e3a-9bc4-14816ed53d38,66:aa980025909438d611eaa4c8fc0536fa}(|){"#",a2b5aac2-33a7-41ec-878c-7dd928ac85cf,184:ae63001517d39cec11e6b1749bff90de}(|)Київ, Київська, вул.Булгакова, 18(|)
{"#",47e6dd42-cd5c-4e3a-9bc4-14816ed53d38,66:aaa6001517d39cec11e7c09fbfebb79e}(|){"#",a2b5aac2-33a7-41ec-878c-7dd928ac85cf,184:ae63001517d39cec11e6b1749bff90de}(|)Київ, Київська, вул.Булгакова, 18(|)
{"#",47e6dd42-cd5c-4e3a-9bc4-14816ed53d38,66:ae63001517d39cec11e6f377235d87ae}(|){"#",a2b5aac2-33a7-41ec-878c-7dd928ac85cf,184:ae63001517d39cec11e6b1749bff90de}(|)Київ, Київська, вул.Булгакова, 18(|)
{"#",47e6dd42-cd5c-4e3a-9bc4-14816ed53d38,66:ae9a001517d39cec11e3fc9fe332d6ba}(|){"#",a2b5aac2-33a7-41ec-878c-7dd928ac85cf,184:ae63001517d39cec11e6b1749bff90de}(|)Київ, Київська, вул.Булгакова, 18(|)
{"#",47e6dd42-cd5c-4e3a-9bc4-14816ed53d38,66:ae9a001517d39cec11e3fc9fef4e47c1}(|){"#",a2b5aac2-33a7-41ec-878c-7dd928ac85cf,184:ae63001517d39cec11e6b1749bff90de}(|)Київ, Київська, вул.Булгакова, 18(|)
{"#",47e6dd42-cd5c-4e3a-9bc4-14816ed53d38,66:ae9a001517d39cec11e3fc9fef4e47cf}(|){"#",a2b5aac2-33a7-41ec-878c-7dd928ac85cf,184:ae63001517d39cec11e6b1749bff90de}(|)Київ, Київська, вул.Булгакова, 18(|)
{"#",47e6dd42-cd5c-4e3a-9bc4-14816ed53d38,66:ae9a001517d39cec11e3fc9fef4e47d5}(|){"#",a2b5aac2-33a7-41ec-878c-7dd928ac85cf,184:ae63001517d39cec11e6b1749bff90de}(|)Київ, Київська, вул.Булгакова, 18(|)
{"#",47e6dd42-cd5c-4e3a-9bc4-14816ed53d38,66:ae9a001517d39cec11e3fca28d4c9b2b}(|){"#",a2b5aac2-33a7-41ec-878c-7dd928ac85cf,184:ae63001517d39cec11e6b1749bff90de}(|)Київ, Київська, вул.Булгакова, 18(|)
{"#",47e6dd42-cd5c-4e3a-9bc4-14816ed53d38,66:b7df001517d39cec11e73706e01d4cbd}(|){"#",a2b5aac2-33a7-41ec-878c-7dd928ac85cf,184:ae63001517d39cec11e6b1749bff90de}(|)Київ, Київська, вул.Булгакова, 18(|)
{"#",47e6dd42-cd5c-4e3a-9bc4-14816ed53d38,66:b7df001517d39cec11e750102b59b48c}(|){"#",a2b5aac2-33a7-41ec-878c-7dd928ac85cf,184:ae63001517d39cec11e6b1749bff90de}(|)Київ, Київська, вул.Булгакова, 18(|)
{"#",47e6dd42-cd5c-4e3a-9bc4-14816ed53d38,66:b7df001517d39cec11e775f073f20573}(|){"#",a2b5aac2-33a7-41ec-878c-7dd928ac85cf,184:ae63001517d39cec11e6b1749bff90de}(|)Київ, Київська, вул.Булгакова, 18(|)
{"#",47e6dd42-cd5c-4e3a-9bc4-14816ed53d38,66:b7df001517d39cec11e79c53af2a1ea3}(|){"#",a2b5aac2-33a7-41ec-878c-7dd928ac85cf,184:ae63001517d39cec11e6b1749bff90de}(|)Київ, Київська, вул.Булгакова, 18(|)
{"#",47e6dd42-cd5c-4e3a-9bc4-14816ed53d38,66:b7df001517d39cec11e79c53defa878e}(|){"#",a2b5aac2-33a7-41ec-878c-7dd928ac85cf,184:ae63001517d39cec11e6b1749bff90de}(|)Київ, Київська, вул.Булгакова, 18(|)
{"#",47e6dd42-cd5c-4e3a-9bc4-14816ed53d38,66:ae63001517d39cec11e6b613eb41acc4}(|){"#",a2b5aac2-33a7-41ec-878c-7dd928ac85cf,184:ae63001517d39cec11e6b6143b5749da}(|)Одеська обл., м.Татарбунари, вул.В.Тура, будинок № 125(|)
{"#",47e6dd42-cd5c-4e3a-9bc4-14816ed53d38,66:aa8f0025909438d711e86fadb09ea192}(|){"#",a2b5aac2-33a7-41ec-878c-7dd928ac85cf,184:ae63001517d39cec11e6b86dc175bd66}(|)Чернігів, Чернігівська, вул.Любецька, 40-А(|)
{"#",47e6dd42-cd5c-4e3a-9bc4-14816ed53d38,66:aa970025909438d711ea0c4303a7eaa8}(|){"#",a2b5aac2-33a7-41ec-878c-7dd928ac85cf,184:ae63001517d39cec11e6b86dc175bd66}(|)Чернігів, Чернігівська, вул.Любецька, 40-А(|)
{"#",47e6dd42-cd5c-4e3a-9bc4-14816ed53d38,66:ae63001517d39cec11e6b86c4ffeb491}(|){"#",a2b5aac2-33a7-41ec-878c-7dd928ac85cf,184:ae63001517d39cec11e6b86dc175bd66}(|)Чернігів, Чернігівська, вул.Любецька, 40-А(|)
{"#",47e6dd42-cd5c-4e3a-9bc4-14816ed53d38,66:b7df001517d39cec11e7413836382475}(|){"#",a2b5aac2-33a7-41ec-878c-7dd928ac85cf,184:ae63001517d39cec11e6b86dc175bd66}(|)Чернігів, Чернігівська, вул.Любецька, 40-А(|)
{"#",47e6dd42-cd5c-4e3a-9bc4-14816ed53d38,66:aa930025909438d611e8dc1792c81e62}(|){"#",a2b5aac2-33a7-41ec-878c-7dd928ac85cf,184:ae63001517d39cec11e6c04a75533da2}(|)Запоріжжя, Запорізька, вул.Карпенка-Карого, 4(|)
{"#",47e6dd42-cd5c-4e3a-9bc4-14816ed53d38,66:ae9a001517d39cec11e3fca1808c281a}(|){"#",a2b5aac2-33a7-41ec-878c-7dd928ac85cf,184:ae63001517d39cec11e6c04a75533da2}(|)Запоріжжя, Запорізька, вул.Карпенка-Карого, 4(|)
{"#",47e6dd42-cd5c-4e3a-9bc4-14816ed53d38,66:ae9a001517d39cec11e3fca19efe0f57}(|){"#",a2b5aac2-33a7-41ec-878c-7dd928ac85cf,184:ae63001517d39cec11e6c04ac173934e}(|)Запоріжжя, Запорізька, вул.Карпенка-Карого, 54(|)
{"#",47e6dd42-cd5c-4e3a-9bc4-14816ed53d38,66:ae63001517d39cec11e6c789466dde53}(|){"#",a2b5aac2-33a7-41ec-878c-7dd928ac85cf,184:ae63001517d39cec11e6c789151673be}(|)Авторинок РЕАЛ, Тернопіль, Тернопільська(|)
{"#",47e6dd42-cd5c-4e3a-9bc4-14816ed53d38,66:ae63001517d39cec11e6c911660fa18a}(|){"#",a2b5aac2-33a7-41ec-878c-7dd928ac85cf,184:ae63001517d39cec11e6c9153c6deeb4}(|)Рівне, Рівненська, вул.Млинівська, 60(|)
{"#",47e6dd42-cd5c-4e3a-9bc4-14816ed53d38,66:ae63001517d39cec11e6cc1ce85a9a42}(|){"#",a2b5aac2-33a7-41ec-878c-7dd928ac85cf,184:ae63001517d39cec11e6cc239ecb072a}(|)Київ, Київська, вул.Червоноткацька, 59-А/2(|)
{"#",47e6dd42-cd5c-4e3a-9bc4-14816ed53d38,66:ae63001517d39cec11e6cc2c43ba2ea2}(|){"#",a2b5aac2-33a7-41ec-878c-7dd928ac85cf,184:ae63001517d39cec11e6cc2d924bac2a}(|)Коломия, Івано-Франківська, с.Малий Гвіздець, вул Франка (Нова Пошта від №1)46(|)
{"#",47e6dd42-cd5c-4e3a-9bc4-14816ed53d38,66:ae63001517d39cec11e6d74c1d5e4042}(|){"#",a2b5aac2-33a7-41ec-878c-7dd928ac85cf,184:ae63001517d39cec11e6d74cd7960bc0}(|)Київ, Київська, вул.Автозаводська, 83(|)
{"#",47e6dd42-cd5c-4e3a-9bc4-14816ed53d38,66:ae63001517d39cec11e6d7e5adf544d6}(|){"#",a2b5aac2-33a7-41ec-878c-7dd928ac85cf,184:ae63001517d39cec11e6d7e85e5d2148}(|)Дніпро, Дніпропетровська, просп.Хмельницького Богдана, 47(|)
{"#",47e6dd42-cd5c-4e3a-9bc4-14816ed53d38,66:ae63001517d39cec11e6ef9d846a3c3c}(|){"#",a2b5aac2-33a7-41ec-878c-7dd928ac85cf,184:ae63001517d39cec11e6d7e85e5d2148}(|)Дніпро, Дніпропетровська, просп.Хмельницького Богдана, 47(|)
{"#",47e6dd42-cd5c-4e3a-9bc4-14816ed53d38,66:ae63001517d39cec11e6d81481648d58}(|){"#",a2b5aac2-33a7-41ec-878c-7dd928ac85cf,184:ae63001517d39cec11e6d814f9c4274a}(|)Нікополь (Дніпропетровська обл.), Дніпропетровська, вул.Електрометалургів, 215(|)
{"#",47e6dd42-cd5c-4e3a-9bc4-14816ed53d38,66:ae63001517d39cec11e6de25939a23cd}(|){"#",a2b5aac2-33a7-41ec-878c-7dd928ac85cf,184:ae63001517d39cec11e6de25eb0da4f8}(|)Миколаїв, Миколаївська, вул.Новобудівна (Корабельний р-н), 48(|)
{"#",47e6dd42-cd5c-4e3a-9bc4-14816ed53d38,66:ae63001517d39cec11e6df01d9d2a1c0}(|){"#",a2b5aac2-33a7-41ec-878c-7dd928ac85cf,184:ae63001517d39cec11e6df0271d08b40}(|)Чернігів, Чернігівська, вул.Ремзаводська (Гончарова), 8(|)
{"#",47e6dd42-cd5c-4e3a-9bc4-14816ed53d38,66:ae63001517d39cec11e6e46d0fc13ace}(|){"#",a2b5aac2-33a7-41ec-878c-7dd928ac85cf,184:ae63001517d39cec11e6e473491ba7e0}(|)Київ, Київська, вул.Пимоненка Миколи, 20(|)
{"#",47e6dd42-cd5c-4e3a-9bc4-14816ed53d38,66:ae63001517d39cec11e6e6fbc6710cfa}(|){"#",a2b5aac2-33a7-41ec-878c-7dd928ac85cf,184:ae63001517d39cec11e6e6fc40790980}(|)Полтава, Полтавська, вул.Визволення, 19-Б(|)
{"#",47e6dd42-cd5c-4e3a-9bc4-14816ed53d38,66:ae63001517d39cec11e6ea219910f6e8}(|){"#",a2b5aac2-33a7-41ec-878c-7dd928ac85cf,184:ae63001517d39cec11e6ea22a196fe56}(|)Київ, Київська, вул.Садова (Жуляни), 64(|)
{"#",47e6dd42-cd5c-4e3a-9bc4-14816ed53d38,66:ae63001517d39cec11e6ed268c76dbdf}(|){"#",a2b5aac2-33a7-41ec-878c-7dd928ac85cf,184:ae63001517d39cec11e6ed2869781632}(|)Здолбунів, Рівненська, вул.Шевченка, 254(|)
{"#",47e6dd42-cd5c-4e3a-9bc4-14816ed53d38,66:ae63001517d39cec11e6ed2e71254409}(|){"#",a2b5aac2-33a7-41ec-878c-7dd928ac85cf,184:ae63001517d39cec11e6ed2ec7acbc66}(|)Квасилів (Рівненська обл.), Рівненська, вул.Рівненська, 1(|)
{"#",47e6dd42-cd5c-4e3a-9bc4-14816ed53d38,66:ae63001517d39cec11e6eded7f3e953e}(|){"#",a2b5aac2-33a7-41ec-878c-7dd928ac85cf,184:ae63001517d39cec11e6edede3936aa0}(|)Охтирка, Сумська, вул.Червоноармійська, 89(|)
{"#",47e6dd42-cd5c-4e3a-9bc4-14816ed53d38,66:ae63001517d39cec11e6f43e601a5c0e}(|){"#",a2b5aac2-33a7-41ec-878c-7dd928ac85cf,184:ae63001517d39cec11e6f43eb94e1753}(|)Херсон, Херсонська, вул.Херсонська, 127(|)
{"#",47e6dd42-cd5c-4e3a-9bc4-14816ed53d38,66:ae63001517d39cec11e6f844b1e9de9c}(|){"#",a2b5aac2-33a7-41ec-878c-7dd928ac85cf,184:ae63001517d39cec11e6f844f41ca984}(|)м.Дніпро(|)
{"#",47e6dd42-cd5c-4e3a-9bc4-14816ed53d38,66:ae63001517d39cec11e6f8dac25b4860}(|){"#",a2b5aac2-33a7-41ec-878c-7dd928ac85cf,184:ae63001517d39cec11e6f8daee4bdf0c}(|)Київ, Київська, бульварВацлава Гавели (Лепсе Івана), 30(|)
{"#",47e6dd42-cd5c-4e3a-9bc4-14816ed53d38,66:ae63001517d39cec11e6f8f763add108}(|){"#",a2b5aac2-33a7-41ec-878c-7dd928ac85cf,184:ae63001517d39cec11e6f8f7ac3378a6}(|)Дніпро, Дніпропетровська, вул.Робоча, 170(|)
{"#",47e6dd42-cd5c-4e3a-9bc4-14816ed53d38,66:ae63001517d39cec11e6f8f7d3320ea4}(|){"#",a2b5aac2-33a7-41ec-878c-7dd928ac85cf,184:ae63001517d39cec11e6f8f810b59ab6}(|)Дніпро, Дніпропетровська, вул.Робоча, 172(|)
{"#",47e6dd42-cd5c-4e3a-9bc4-14816ed53d38,66:ae63001517d39cec11e6f8f836096bc6}(|){"#",a2b5aac2-33a7-41ec-878c-7dd928ac85cf,184:ae63001517d39cec11e6f8f810b59ab6}(|)Дніпро, Дніпропетровська, вул.Робоча, 172(|)
{"#",47e6dd42-cd5c-4e3a-9bc4-14816ed53d38,66:ae63001517d39cec11e6f99f97f0bb13}(|){"#",a2b5aac2-33a7-41ec-878c-7dd928ac85cf,184:ae63001517d39cec11e6f99fd590e35c}(|)Дніпро, Дніпропетровська, просп.Нігояна Сергія, 19(|)
{"#",47e6dd42-cd5c-4e3a-9bc4-14816ed53d38,66:ae63001517d39cec11e6f99ff7133048}(|){"#",a2b5aac2-33a7-41ec-878c-7dd928ac85cf,184:ae63001517d39cec11e6f9a03cde46e4}(|)Дніпро, Дніпропетровська, просп.Нігояна Сергія, 12-А(|)
{"#",47e6dd42-cd5c-4e3a-9bc4-14816ed53d38,66:ae63001517d39cec11e6f9a2c4101dad}(|){"#",a2b5aac2-33a7-41ec-878c-7dd928ac85cf,184:ae63001517d39cec11e6f9a329915b5a}(|)Дніпро, Дніпропетровська, вул.Калинова, 66(|)
{"#",47e6dd42-cd5c-4e3a-9bc4-14816ed53d38,66:ae63001517d39cec11e6fa7060ce1fc2}(|){"#",a2b5aac2-33a7-41ec-878c-7dd928ac85cf,184:ae63001517d39cec11e6fa70c90eb326}(|)Одеська обл., м.Ізмаїл, вул.Покровська,46 м-н "На колесах"(|)
{"#",47e6dd42-cd5c-4e3a-9bc4-14816ed53d38,66:ae63001517d39cec11e6fa9473879cf0}(|){"#",a2b5aac2-33a7-41ec-878c-7dd928ac85cf,184:ae63001517d39cec11e6fa94dade89e1}(|)Кобеляки, Полтавська, вул.Московська, 44(|)
{"#",47e6dd42-cd5c-4e3a-9bc4-14816ed53d38,66:ae63001517d39cec11e6fa9560e2f8de}(|){"#",a2b5aac2-33a7-41ec-878c-7dd928ac85cf,184:ae63001517d39cec11e6fa959ed8f5ce}(|)Дніпро, Дніпропетровська, вул.Калинова, 53(|)
{"#",47e6dd42-cd5c-4e3a-9bc4-14816ed53d38,66:ae63001517d39cec11e6fcd050dc8933}(|){"#",a2b5aac2-33a7-41ec-878c-7dd928ac85cf,184:ae63001517d39cec11e6fcd08595695d}(|)Київ, Київська, вул.Булгакова, 18(|)
{"#",47e6dd42-cd5c-4e3a-9bc4-14816ed53d38,66:ae63001517d39cec11e6fcf1c4e01dde}(|){"#",a2b5aac2-33a7-41ec-878c-7dd928ac85cf,184:ae63001517d39cec11e6fcf2222a8178}(|)Рівне, Рівненська, просп.Генерала Безручка, 30(|)
{"#",47e6dd42-cd5c-4e3a-9bc4-14816ed53d38,66:ae63001517d39cec11e6fdae9e6108b8}(|){"#",a2b5aac2-33a7-41ec-878c-7dd928ac85cf,184:ae63001517d39cec11e6fdaeed516490}(|)Авторинок Центральний (республиканской), Кам'янське(Дніпропетровська обл), Дніпропетровська(|)
{"#",47e6dd42-cd5c-4e3a-9bc4-14816ed53d38,66:ae63001517d39cec11e6fe5d77bcbbd0}(|){"#",a2b5aac2-33a7-41ec-878c-7dd928ac85cf,184:ae63001517d39cec11e6fe5f7e49d076}(|)Білгород-Дністровський, Одеська, вул.Портова (Лазо Сергія), 12-А(|)
{"#",47e6dd42-cd5c-4e3a-9bc4-14816ed53d38,66:ae63001517d39cec11e6fe5fa7063e32}(|){"#",a2b5aac2-33a7-41ec-878c-7dd928ac85cf,184:ae63001517d39cec11e6fe5f7e49d076}(|)Білгород-Дністровський, Одеська, вул.Портова (Лазо Сергія), 12-А(|)
{"#",47e6dd42-cd5c-4e3a-9bc4-14816ed53d38,66:ae63001517d39cec11e6fe606cb75ad0}(|){"#",a2b5aac2-33a7-41ec-878c-7dd928ac85cf,184:ae63001517d39cec11e6fe60a7746a1e}(|)Авторинок Автобазар, Білгород-Дністровський, Одеська(|)
{"#",47e6dd42-cd5c-4e3a-9bc4-14816ed53d38,66:ae63001517d39cec11e6fe94dad34e78}(|){"#",a2b5aac2-33a7-41ec-878c-7dd928ac85cf,184:ae63001517d39cec11e6fe9561c6289c}(|)Павлоград, Дніпропетровська, вул.Полтавська, 154(|)
{"#",47e6dd42-cd5c-4e3a-9bc4-14816ed53d38,66:ae9a001517d39cec11e3fca1681c0d90}(|){"#",a2b5aac2-33a7-41ec-878c-7dd928ac85cf,184:ae9a001517d39cec11e3fca4ead13722}(|)Березань, Київська, вул.Войкова, 30(|)
{"#",47e6dd42-cd5c-4e3a-9bc4-14816ed53d38,66:ae9a001517d39cec11e3fca186c0063f}(|){"#",a2b5aac2-33a7-41ec-878c-7dd928ac85cf,184:ae9a001517d39cec11e3fca4ead13722}(|)Березань, Київська, вул.Войкова, 30(|)
{"#",47e6dd42-cd5c-4e3a-9bc4-14816ed53d38,66:ae9a001517d39cec11e3fca18cc1d2f7}(|){"#",a2b5aac2-33a7-41ec-878c-7dd928ac85cf,184:ae9a001517d39cec11e3fca4ead13722}(|)Березань, Київська, вул.Войкова, 30(|)
{"#",47e6dd42-cd5c-4e3a-9bc4-14816ed53d38,66:92f7001517d39cec11e72a7f219e7d1c}(|){"#",a2b5aac2-33a7-41ec-878c-7dd928ac85cf,184:ae9a001517d39cec11e3fca4ead13724}(|)Березань, Київська, вул.Фрунзе, 20(|)
{"#",47e6dd42-cd5c-4e3a-9bc4-14816ed53d38,66:ae9a001517d39cec11e3fca1681c0d90}(|){"#",a2b5aac2-33a7-41ec-878c-7dd928ac85cf,184:ae9a001517d39cec11e3fca4ead13724}(|)Березань, Київська, вул.Фрунзе, 20(|)
{"#",47e6dd42-cd5c-4e3a-9bc4-14816ed53d38,66:ae9a001517d39cec11e3fca186c0063f}(|){"#",a2b5aac2-33a7-41ec-878c-7dd928ac85cf,184:ae9a001517d39cec11e3fca4ead13724}(|)Березань, Київська, вул.Фрунзе, 20(|)
{"#",47e6dd42-cd5c-4e3a-9bc4-14816ed53d38,66:ae9a001517d39cec11e3fca18cc1d2f7}(|){"#",a2b5aac2-33a7-41ec-878c-7dd928ac85cf,184:ae9a001517d39cec11e3fca4ead13724}(|)Березань, Київська, вул.Фрунзе, 20(|)
{"#",47e6dd42-cd5c-4e3a-9bc4-14816ed53d38,66:ae9a001517d39cec11e3fca1ab08cff4}(|){"#",a2b5aac2-33a7-41ec-878c-7dd928ac85cf,184:ae9a001517d39cec11e3fca4ead13727}(|)Березань, Київська, мікрорайонСадовий, 7(|)
{"#",47e6dd42-cd5c-4e3a-9bc4-14816ed53d38,66:ae9a001517d39cec11e3fca20d322172}(|){"#",a2b5aac2-33a7-41ec-878c-7dd928ac85cf,184:ae9a001517d39cec11e3fca4ead13727}(|)Березань, Київська, мікрорайонСадовий, 7(|)
{"#",47e6dd42-cd5c-4e3a-9bc4-14816ed53d38,66:9298001517d39cec11e64e48c80f99ba}(|){"#",a2b5aac2-33a7-41ec-878c-7dd928ac85cf,184:ae9a001517d39cec11e3fca4ead1372b}(|)Березань, Київська, вул.Фрунзе, 49-А(|)
{"#",47e6dd42-cd5c-4e3a-9bc4-14816ed53d38,66:ae9a001517d39cec11e3fca0c8fbdacb}(|){"#",a2b5aac2-33a7-41ec-878c-7dd928ac85cf,184:ae9a001517d39cec11e3fca4ead1372b}(|)Березань, Київська, вул.Фрунзе, 49-А(|)
{"#",47e6dd42-cd5c-4e3a-9bc4-14816ed53d38,66:ae9a001517d39cec11e3fca14fbca38a}(|){"#",a2b5aac2-33a7-41ec-878c-7dd928ac85cf,184:ae9a001517d39cec11e3fca4ead1372b}(|)Березань, Київська, вул.Фрунзе, 49-А(|)
{"#",47e6dd42-cd5c-4e3a-9bc4-14816ed53d38,66:ae9a001517d39cec11e3fca085fe6817}(|){"#",a2b5aac2-33a7-41ec-878c-7dd928ac85cf,184:ae9a001517d39cec11e3fca4f0cbdc59}(|)Авторинок Ринок (вул Шкільна), Переяслав, Київська(|)
{"#",47e6dd42-cd5c-4e3a-9bc4-14816ed53d38,66:ae9a001517d39cec11e3fca0b0b6aa9e}(|){"#",a2b5aac2-33a7-41ec-878c-7dd928ac85cf,184:ae9a001517d39cec11e3fca4f0cbdc59}(|)Авторинок Ринок (вул Шкільна), Переяслав, Київська(|)
{"#",47e6dd42-cd5c-4e3a-9bc4-14816ed53d38,66:ae9a001517d39cec11e3fca174541ada}(|){"#",a2b5aac2-33a7-41ec-878c-7dd928ac85cf,184:ae9a001517d39cec11e3fca4f0cbdc59}(|)Авторинок Ринок (вул Шкільна), Переяслав, Київська(|)
{"#",47e6dd42-cd5c-4e3a-9bc4-14816ed53d38,66:ae9a001517d39cec11e3fca192cf8b8a}(|){"#",a2b5aac2-33a7-41ec-878c-7dd928ac85cf,184:ae9a001517d39cec11e3fca4f0cbdc59}(|)Авторинок Ринок (вул Шкільна), Переяслав, Київська(|)
{"#",47e6dd42-cd5c-4e3a-9bc4-14816ed53d38,66:ae9a001517d39cec11e3fca206c2a881}(|){"#",a2b5aac2-33a7-41ec-878c-7dd928ac85cf,184:ae9a001517d39cec11e3fca4f0cbdc59}(|)Авторинок Ринок (вул Шкільна), Переяслав, Київська(|)
{"#",47e6dd42-cd5c-4e3a-9bc4-14816ed53d38,66:ae9a001517d39cec11e3fca206c2a884}(|){"#",a2b5aac2-33a7-41ec-878c-7dd928ac85cf,184:ae9a001517d39cec11e3fca4f0cbdc59}(|)Авторинок Ринок (вул Шкільна), Переяслав, Київська(|)
{"#",47e6dd42-cd5c-4e3a-9bc4-14816ed53d38,66:ae9a001517d39cec11e3fca237fd76dd}(|){"#",a2b5aac2-33a7-41ec-878c-7dd928ac85cf,184:ae9a001517d39cec11e3fca4f0cbdc59}(|)Авторинок Ринок (вул Шкільна), Переяслав, Київська(|)
{"#",47e6dd42-cd5c-4e3a-9bc4-14816ed53d38,66:ae9a001517d39cec11e3fca34b394e94}(|){"#",a2b5aac2-33a7-41ec-878c-7dd928ac85cf,184:ae9a001517d39cec11e3fca4f0cbdc59}(|)Авторинок Ринок (вул Шкільна), Переяслав, Київська(|)
{"#",47e6dd42-cd5c-4e3a-9bc4-14816ed53d38,66:ae9a001517d39cec11e3fca3577fa9f6}(|){"#",a2b5aac2-33a7-41ec-878c-7dd928ac85cf,184:ae9a001517d39cec11e3fca4f0cbdc5b}(|)Вороньків, Київська, вул.Київська, 1(|)
{"#",47e6dd42-cd5c-4e3a-9bc4-14816ed53d38,66:ae9a001517d39cec11e3fca1ab08cfea}(|){"#",a2b5aac2-33a7-41ec-878c-7dd928ac85cf,184:ae9a001517d39cec11e3fca4f0cbdc60}(|)Київ, Київська, просп.Соборності (Возз'єднання), 7-Б(|)
{"#",47e6dd42-cd5c-4e3a-9bc4-14816ed53d38,66:ae9a001517d39cec11e3fca4f0cbdc63}(|){"#",a2b5aac2-33a7-41ec-878c-7dd928ac85cf,184:ae9a001517d39cec11e3fca4f0cbdc62}(|)Київ, Київська, вул.Ревуцького, 1-А(|)
{"#",47e6dd42-cd5c-4e3a-9bc4-14816ed53d38,66:ae9a001517d39cec11e3fca1808c2817}(|){"#",a2b5aac2-33a7-41ec-878c-7dd928ac85cf,184:ae9a001517d39cec11e3fca4f0cbdc65}(|)Одеса, Одеська, вул.Хутірська, 1-Б(|)
{"#",47e6dd42-cd5c-4e3a-9bc4-14816ed53d38,66:ae9a001517d39cec11e3fca1f470f6e8}(|){"#",a2b5aac2-33a7-41ec-878c-7dd928ac85cf,184:ae9a001517d39cec11e3fca4f0cbdc65}(|)Одеса, Одеська, вул.Хутірська, 1-Б(|)
{"#",47e6dd42-cd5c-4e3a-9bc4-14816ed53d38,66:9c80001517d39cec11e4b289ebcaf82e}(|){"#",a2b5aac2-33a7-41ec-878c-7dd928ac85cf,184:ae9a001517d39cec11e3fca4f0cbdc67}(|)Авторинок Куяльник (Яма), Одеса, Одеська(|)маг.№786
{"#",47e6dd42-cd5c-4e3a-9bc4-14816ed53d38,66:ae9a001517d39cec11e3fca073dc6588}(|){"#",a2b5aac2-33a7-41ec-878c-7dd928ac85cf,184:ae9a001517d39cec11e3fca4f0cbdc67}(|)Авторинок Куяльник (Яма), Одеса, Одеська(|)
{"#",47e6dd42-cd5c-4e3a-9bc4-14816ed53d38,66:ae9a001517d39cec11e3fca0925a3891}(|){"#",a2b5aac2-33a7-41ec-878c-7dd928ac85cf,184:ae9a001517d39cec11e3fca4f0cbdc67}(|)Авторинок Куяльник (Яма), Одеса, Одеська(|)
{"#",47e6dd42-cd5c-4e3a-9bc4-14816ed53d38,66:ae9a001517d39cec11e3fca09859a2ef}(|){"#",a2b5aac2-33a7-41ec-878c-7dd928ac85cf,184:ae9a001517d39cec11e3fca4f0cbdc67}(|)Авторинок Куяльник (Яма), Одеса, Одеська(|)
{"#",47e6dd42-cd5c-4e3a-9bc4-14816ed53d38,66:ae9a001517d39cec11e3fca09859a2f9}(|){"#",a2b5aac2-33a7-41ec-878c-7dd928ac85cf,184:ae9a001517d39cec11e3fca4f0cbdc67}(|)Авторинок Куяльник (Яма), Одеса, Одеська(|)
{"#",47e6dd42-cd5c-4e3a-9bc4-14816ed53d38,66:ae9a001517d39cec11e3fca0b6bd3c1c}(|){"#",a2b5aac2-33a7-41ec-878c-7dd928ac85cf,184:ae9a001517d39cec11e3fca4f0cbdc67}(|)Авторинок Куяльник (Яма), Одеса, Одеська(|)Авторинок Яма, Одеса, Одеська, Одеська
{"#",47e6dd42-cd5c-4e3a-9bc4-14816ed53d38,66:ae9a001517d39cec11e3fca0c2dfd42b}(|){"#",a2b5aac2-33a7-41ec-878c-7dd928ac85cf,184:ae9a001517d39cec11e3fca4f0cbdc67}(|)Авторинок Куяльник (Яма), Одеса, Одеська(|)
{"#",47e6dd42-cd5c-4e3a-9bc4-14816ed53d38,66:ae9a001517d39cec11e3fca0c2dfd43a}(|){"#",a2b5aac2-33a7-41ec-878c-7dd928ac85cf,184:ae9a001517d39cec11e3fca4f0cbdc67}(|)Авторинок Куяльник (Яма), Одеса, Одеська(|)
{"#",47e6dd42-cd5c-4e3a-9bc4-14816ed53d38,66:ae9a001517d39cec11e3fca0e787fbfa}(|){"#",a2b5aac2-33a7-41ec-878c-7dd928ac85cf,184:ae9a001517d39cec11e3fca4f0cbdc67}(|)Авторинок Куяльник (Яма), Одеса, Одеська(|)Авторинок Яма, Одеса, Одеська, Одеська
{"#",47e6dd42-cd5c-4e3a-9bc4-14816ed53d38,66:ae9a001517d39cec11e3fca1126feda1}(|){"#",a2b5aac2-33a7-41ec-878c-7dd928ac85cf,184:ae9a001517d39cec11e3fca4f0cbdc67}(|)Авторинок Куяльник (Яма), Одеса, Одеська(|)
{"#",47e6dd42-cd5c-4e3a-9bc4-14816ed53d38,66:ae9a001517d39cec11e3fca1126feda2}(|){"#",a2b5aac2-33a7-41ec-878c-7dd928ac85cf,184:ae9a001517d39cec11e3fca4f0cbdc67}(|)Авторинок Куяльник (Яма), Одеса, Одеська(|)
{"#",47e6dd42-cd5c-4e3a-9bc4-14816ed53d38,66:ae9a001517d39cec11e3fca118d37ac1}(|){"#",a2b5aac2-33a7-41ec-878c-7dd928ac85cf,184:ae9a001517d39cec11e3fca4f0cbdc67}(|)Авторинок Куяльник (Яма), Одеса, Одеська(|)
{"#",47e6dd42-cd5c-4e3a-9bc4-14816ed53d38,66:ae9a001517d39cec11e3fca149a09ceb}(|){"#",a2b5aac2-33a7-41ec-878c-7dd928ac85cf,184:ae9a001517d39cec11e3fca4f0cbdc67}(|)Авторинок Куяльник (Яма), Одеса, Одеська(|)
{"#",47e6dd42-cd5c-4e3a-9bc4-14816ed53d38,66:ae9a001517d39cec11e3fca198c7cee8}(|){"#",a2b5aac2-33a7-41ec-878c-7dd928ac85cf,184:ae9a001517d39cec11e3fca4f0cbdc67}(|)Авторинок Куяльник (Яма), Одеса, Одеська(|)
{"#",47e6dd42-cd5c-4e3a-9bc4-14816ed53d38,66:ae9a001517d39cec11e3fca1a4ffdc2b}(|){"#",a2b5aac2-33a7-41ec-878c-7dd928ac85cf,184:ae9a001517d39cec11e3fca4f0cbdc67}(|)Авторинок Куяльник (Яма), Одеса, Одеська(|)
{"#",47e6dd42-cd5c-4e3a-9bc4-14816ed53d38,66:ae9a001517d39cec11e3fca1ab08cfe4}(|){"#",a2b5aac2-33a7-41ec-878c-7dd928ac85cf,184:ae9a001517d39cec11e3fca4f0cbdc67}(|)Авторинок Куяльник (Яма), Одеса, Одеська(|)
{"#",47e6dd42-cd5c-4e3a-9bc4-14816ed53d38,66:ae9a001517d39cec11e3fca1e240a64e}(|){"#",a2b5aac2-33a7-41ec-878c-7dd928ac85cf,184:ae9a001517d39cec11e3fca4f0cbdc67}(|)Авторинок Куяльник (Яма), Одеса, Одеська(|)
{"#",47e6dd42-cd5c-4e3a-9bc4-14816ed53d38,66:ae9a001517d39cec11e3fca1f470f6f4}(|){"#",a2b5aac2-33a7-41ec-878c-7dd928ac85cf,184:ae9a001517d39cec11e3fca4f0cbdc67}(|)Авторинок Куяльник (Яма), Одеса, Одеська(|)
{"#",47e6dd42-cd5c-4e3a-9bc4-14816ed53d38,66:ae9a001517d39cec11e3fca1f470f6fa}(|){"#",a2b5aac2-33a7-41ec-878c-7dd928ac85cf,184:ae9a001517d39cec11e3fca4f0cbdc67}(|)Авторинок Куяльник (Яма), Одеса, Одеська(|)
{"#",47e6dd42-cd5c-4e3a-9bc4-14816ed53d38,66:ae9a001517d39cec11e3fca1fa8a9b2e}(|){"#",a2b5aac2-33a7-41ec-878c-7dd928ac85cf,184:ae9a001517d39cec11e3fca4f0cbdc67}(|)Авторинок Куяльник (Яма), Одеса, Одеська(|)
{"#",47e6dd42-cd5c-4e3a-9bc4-14816ed53d38,66:ae9a001517d39cec11e3fca23e197d70}(|){"#",a2b5aac2-33a7-41ec-878c-7dd928ac85cf,184:ae9a001517d39cec11e3fca4f0cbdc67}(|)Авторинок Куяльник (Яма), Одеса, Одеська(|)
{"#",47e6dd42-cd5c-4e3a-9bc4-14816ed53d38,66:ae9a001517d39cec11e3fca2568e5cb4}(|){"#",a2b5aac2-33a7-41ec-878c-7dd928ac85cf,184:ae9a001517d39cec11e3fca4f0cbdc67}(|)Авторинок Куяльник (Яма), Одеса, Одеська(|)
{"#",47e6dd42-cd5c-4e3a-9bc4-14816ed53d38,66:ae9a001517d39cec11e3fca27b105ebe}(|){"#",a2b5aac2-33a7-41ec-878c-7dd928ac85cf,184:ae9a001517d39cec11e3fca4f0cbdc67}(|)Авторинок Куяльник (Яма), Одеса, Одеська(|)
{"#",47e6dd42-cd5c-4e3a-9bc4-14816ed53d38,66:ae9a001517d39cec11e3fca27b105ebf}(|){"#",a2b5aac2-33a7-41ec-878c-7dd928ac85cf,184:ae9a001517d39cec11e3fca4f0cbdc67}(|)Авторинок Куяльник (Яма), Одеса, Одеська(|)
{"#",47e6dd42-cd5c-4e3a-9bc4-14816ed53d38,66:ae9a001517d39cec11e3fca2be3b1e41}(|){"#",a2b5aac2-33a7-41ec-878c-7dd928ac85cf,184:ae9a001517d39cec11e3fca4f0cbdc67}(|)Авторинок Куяльник (Яма), Одеса, Одеська(|)
{"#",47e6dd42-cd5c-4e3a-9bc4-14816ed53d38,66:ae9a001517d39cec11e3fca35171f16d}(|){"#",a2b5aac2-33a7-41ec-878c-7dd928ac85cf,184:ae9a001517d39cec11e3fca4f0cbdc67}(|)Авторинок Куяльник (Яма), Одеса, Одеська(|)
{"#",47e6dd42-cd5c-4e3a-9bc4-14816ed53d38,66:ae9a001517d39cec11e3fca3577fa9e5}(|){"#",a2b5aac2-33a7-41ec-878c-7dd928ac85cf,184:ae9a001517d39cec11e3fca4f0cbdc67}(|)Авторинок Куяльник (Яма), Одеса, Одеська(|)
{"#",47e6dd42-cd5c-4e3a-9bc4-14816ed53d38,66:ae9a001517d39cec11e3fca3880c6c9a}(|){"#",a2b5aac2-33a7-41ec-878c-7dd928ac85cf,184:ae9a001517d39cec11e3fca4f0cbdc67}(|)Авторинок Куяльник (Яма), Одеса, Одеська(|)
{"#",47e6dd42-cd5c-4e3a-9bc4-14816ed53d38,66:ae9a001517d39cec11e3fca39a7f7f15}(|){"#",a2b5aac2-33a7-41ec-878c-7dd928ac85cf,184:ae9a001517d39cec11e3fca4f0cbdc67}(|)Авторинок Куяльник (Яма), Одеса, Одеська(|)
{"#",47e6dd42-cd5c-4e3a-9bc4-14816ed53d38,66:ae9a001517d39cec11e3fca3d7313c3c}(|){"#",a2b5aac2-33a7-41ec-878c-7dd928ac85cf,184:ae9a001517d39cec11e3fca4f0cbdc67}(|)Авторинок Куяльник (Яма), Одеса, Одеська(|)
{"#",47e6dd42-cd5c-4e3a-9bc4-14816ed53d38,66:b7df001517d39cec11e7362f5ea2a16f}(|){"#",a2b5aac2-33a7-41ec-878c-7dd928ac85cf,184:ae9a001517d39cec11e3fca4f0cbdc67}(|)Авторинок Куяльник (Яма), Одеса, Одеська(|)
{"#",47e6dd42-cd5c-4e3a-9bc4-14816ed53d38,66:b7df001517d39cec11e73630a85c5826}(|){"#",a2b5aac2-33a7-41ec-878c-7dd928ac85cf,184:ae9a001517d39cec11e3fca4f0cbdc67}(|)Авторинок Куяльник (Яма), Одеса, Одеська(|)
{"#",47e6dd42-cd5c-4e3a-9bc4-14816ed53d38,66:aa930025909438d611e9044600ded3a4}(|){"#",a2b5aac2-33a7-41ec-878c-7dd928ac85cf,184:ae9a001517d39cec11e3fca4f0cbdc70}(|)Авторинок Паустовського, Одеса, Одеська(|)
{"#",47e6dd42-cd5c-4e3a-9bc4-14816ed53d38,66:ae9a001517d39cec11e3fca0925a3887}(|){"#",a2b5aac2-33a7-41ec-878c-7dd928ac85cf,184:ae9a001517d39cec11e3fca4f0cbdc70}(|)Авторинок Паустовського, Одеса, Одеська(|)
{"#",47e6dd42-cd5c-4e3a-9bc4-14816ed53d38,66:ae9a001517d39cec11e3fca11eed1f13}(|){"#",a2b5aac2-33a7-41ec-878c-7dd928ac85cf,184:ae9a001517d39cec11e3fca4f0cbdc70}(|)Авторинок Паустовського, Одеса, Одеська(|)
{"#",47e6dd42-cd5c-4e3a-9bc4-14816ed53d38,66:ae9a001517d39cec11e3fca262c8cc3c}(|){"#",a2b5aac2-33a7-41ec-878c-7dd928ac85cf,184:ae9a001517d39cec11e3fca4f0cbdc70}(|)Авторинок Паустовського, Одеса, Одеська(|)
{"#",47e6dd42-cd5c-4e3a-9bc4-14816ed53d38,66:ae9a001517d39cec11e3fca30218ae0e}(|){"#",a2b5aac2-33a7-41ec-878c-7dd928ac85cf,184:ae9a001517d39cec11e3fca4f0cbdc70}(|)Авторинок Паустовського, Одеса, Одеська(|)
{"#",47e6dd42-cd5c-4e3a-9bc4-14816ed53d38,66:ae9a001517d39cec11e3fca34b394e93}(|){"#",a2b5aac2-33a7-41ec-878c-7dd928ac85cf,184:ae9a001517d39cec11e3fca4f0cbdc70}(|)Авторинок Паустовського, Одеса, Одеська(|)
{"#",47e6dd42-cd5c-4e3a-9bc4-14816ed53d38,66:ae9a001517d39cec11e3fca35171f15d}(|){"#",a2b5aac2-33a7-41ec-878c-7dd928ac85cf,184:ae9a001517d39cec11e3fca4f0cbdc70}(|)Авторинок Паустовського, Одеса, Одеська(|)
{"#",47e6dd42-cd5c-4e3a-9bc4-14816ed53d38,66:ae9a001517d39cec11e3fca604d4be8a}(|){"#",a2b5aac2-33a7-41ec-878c-7dd928ac85cf,184:ae9a001517d39cec11e3fca4f0cbdc70}(|)Авторинок Паустовського, Одеса, Одеська(|)
{"#",47e6dd42-cd5c-4e3a-9bc4-14816ed53d38,66:b7df001517d39cec11e7309a7d49b4ee}(|){"#",a2b5aac2-33a7-41ec-878c-7dd928ac85cf,184:ae9a001517d39cec11e3fca4f0cbdc70}(|)Авторинок Паустовського, Одеса, Одеська(|)
{"#",47e6dd42-cd5c-4e3a-9bc4-14816ed53d38,66:86a1001517d39cec11e41c95c869ad92}(|){"#",a2b5aac2-33a7-41ec-878c-7dd928ac85cf,184:ae9a001517d39cec11e3fca4f0cbdc72}(|)Авторинок Лоск, Харків, Харківська(|)
{"#",47e6dd42-cd5c-4e3a-9bc4-14816ed53d38,66:911f001517d39cec11e4425814180515}(|){"#",a2b5aac2-33a7-41ec-878c-7dd928ac85cf,184:ae9a001517d39cec11e3fca4f0cbdc72}(|)Авторинок Лоск, Харків, Харківська(|)
{"#",47e6dd42-cd5c-4e3a-9bc4-14816ed53d38,66:9298001517d39cec11e59cc09bfcde44}(|){"#",a2b5aac2-33a7-41ec-878c-7dd928ac85cf,184:ae9a001517d39cec11e3fca4f0cbdc72}(|)Авторинок Лоск, Харків, Харківська(|)
{"#",47e6dd42-cd5c-4e3a-9bc4-14816ed53d38,66:9298001517d39cec11e5e449e67cc3f2}(|){"#",a2b5aac2-33a7-41ec-878c-7dd928ac85cf,184:ae9a001517d39cec11e3fca4f0cbdc72}(|)Авторинок Лоск, Харків, Харківська(|)
{"#",47e6dd42-cd5c-4e3a-9bc4-14816ed53d38,66:9298001517d39cec11e607a6eb41187b}(|){"#",a2b5aac2-33a7-41ec-878c-7dd928ac85cf,184:ae9a001517d39cec11e3fca4f0cbdc72}(|)Авторинок Лоск, Харків, Харківська(|)
{"#",47e6dd42-cd5c-4e3a-9bc4-14816ed53d38,66:92f7001517d39cec11e7186072f26b0b}(|){"#",a2b5aac2-33a7-41ec-878c-7dd928ac85cf,184:ae9a001517d39cec11e3fca4f0cbdc72}(|)Авторинок Лоск, Харків, Харківська(|)
{"#",47e6dd42-cd5c-4e3a-9bc4-14816ed53d38,66:9c80001517d39cec11e49a397f83618c}(|){"#",a2b5aac2-33a7-41ec-878c-7dd928ac85cf,184:ae9a001517d39cec11e3fca4f0cbdc72}(|)Авторинок Лоск, Харків, Харківська(|)19/10
{"#",47e6dd42-cd5c-4e3a-9bc4-14816ed53d38,66:9c80001517d39cec11e4a5335d21fd42}(|){"#",a2b5aac2-33a7-41ec-878c-7dd928ac85cf,184:ae9a001517d39cec11e3fca4f0cbdc72}(|)Авторинок Лоск, Харків, Харківська(|)7/52
{"#",47e6dd42-cd5c-4e3a-9bc4-14816ed53d38,66:9c80001517d39cec11e55aad36b7e3b2}(|){"#",a2b5aac2-33a7-41ec-878c-7dd928ac85cf,184:ae9a001517d39cec11e3fca4f0cbdc72}(|)Авторинок Лоск, Харків, Харківська(|)
{"#",47e6dd42-cd5c-4e3a-9bc4-14816ed53d38,66:9ce9001517d39cec11e46e6ea582772a}(|){"#",a2b5aac2-33a7-41ec-878c-7dd928ac85cf,184:ae9a001517d39cec11e3fca4f0cbdc72}(|)Авторинок Лоск, Харків, Харківська(|)
{"#",47e6dd42-cd5c-4e3a-9bc4-14816ed53d38,66:aa930025909438d611e8dc5136e550e9}(|){"#",a2b5aac2-33a7-41ec-878c-7dd928ac85cf,184:ae9a001517d39cec11e3fca4f0cbdc72}(|)Авторинок Лоск, Харків, Харківська(|)
{"#",47e6dd42-cd5c-4e3a-9bc4-14816ed53d38,66:aa930025909438d611e8f7caa89cc4d5}(|){"#",a2b5aac2-33a7-41ec-878c-7dd928ac85cf,184:ae9a001517d39cec11e3fca4f0cbdc72}(|)Авторинок Лоск, Харків, Харківська(|)
{"#",47e6dd42-cd5c-4e3a-9bc4-14816ed53d38,66:aa930025909438d611e92e9bfa1037fe}(|){"#",a2b5aac2-33a7-41ec-878c-7dd928ac85cf,184:ae9a001517d39cec11e3fca4f0cbdc72}(|)Авторинок Лоск, Харків, Харківська(|)
{"#",47e6dd42-cd5c-4e3a-9bc4-14816ed53d38,66:ae9a001517d39cec11e3fca061bcc575}(|){"#",a2b5aac2-33a7-41ec-878c-7dd928ac85cf,184:ae9a001517d39cec11e3fca4f0cbdc72}(|)Авторинок Лоск, Харків, Харківська(|)10/33
{"#",47e6dd42-cd5c-4e3a-9bc4-14816ed53d38,66:ae9a001517d39cec11e3fca073dc6587}(|){"#",a2b5aac2-33a7-41ec-878c-7dd928ac85cf,184:ae9a001517d39cec11e3fca4f0cbdc72}(|)Авторинок Лоск, Харків, Харківська(|)Автобазар "Лоск" ряд7 місце 78 м.Харків
{"#",47e6dd42-cd5c-4e3a-9bc4-14816ed53d38,66:ae9a001517d39cec11e3fca085fe680b}(|){"#",a2b5aac2-33a7-41ec-878c-7dd928ac85cf,184:ae9a001517d39cec11e3fca4f0cbdc72}(|)Авторинок Лоск, Харків, Харківська(|)4/53
{"#",47e6dd42-cd5c-4e3a-9bc4-14816ed53d38,66:ae9a001517d39cec11e3fca0925a3882}(|){"#",a2b5aac2-33a7-41ec-878c-7dd928ac85cf,184:ae9a001517d39cec11e3fca4f0cbdc72}(|)Авторинок Лоск, Харків, Харківська(|)
{"#",47e6dd42-cd5c-4e3a-9bc4-14816ed53d38,66:ae9a001517d39cec11e3fca0a45ada26}(|){"#",a2b5aac2-33a7-41ec-878c-7dd928ac85cf,184:ae9a001517d39cec11e3fca4f0cbdc72}(|)Авторинок Лоск, Харків, Харківська(|)8/74
{"#",47e6dd42-cd5c-4e3a-9bc4-14816ed53d38,66:ae9a001517d39cec11e3fca0b6bd3c1b}(|){"#",a2b5aac2-33a7-41ec-878c-7dd928ac85cf,184:ae9a001517d39cec11e3fca4f0cbdc72}(|)Авторинок Лоск, Харків, Харківська(|)
{"#",47e6dd42-cd5c-4e3a-9bc4-14816ed53d38,66:ae9a001517d39cec11e3fca0cf321b4b}(|){"#",a2b5aac2-33a7-41ec-878c-7dd928ac85cf,184:ae9a001517d39cec11e3fca4f0cbdc72}(|)Авторинок Лоск, Харків, Харківська(|)14 ряд
{"#",47e6dd42-cd5c-4e3a-9bc4-14816ed53d38,66:ae9a001517d39cec11e3fca0e787fbef}(|){"#",a2b5aac2-33a7-41ec-878c-7dd928ac85cf,184:ae9a001517d39cec11e3fca4f0cbdc72}(|)Авторинок Лоск, Харків, Харківська(|)
{"#",47e6dd42-cd5c-4e3a-9bc4-14816ed53d38,66:ae9a001517d39cec11e3fca0fa0497d2}(|){"#",a2b5aac2-33a7-41ec-878c-7dd928ac85cf,184:ae9a001517d39cec11e3fca4f0cbdc72}(|)Авторинок Лоск, Харків, Харківська(|)автобазар "ЛОСК" буд № 7, кв. 86-88, Писочин, Харьківська
{"#",47e6dd42-cd5c-4e3a-9bc4-14816ed53d38,66:ae9a001517d39cec11e3fca106521a2b}(|){"#",a2b5aac2-33a7-41ec-878c-7dd928ac85cf,184:ae9a001517d39cec11e3fca4f0cbdc72}(|)Авторинок Лоск, Харків, Харківська(|)10/25
{"#",47e6dd42-cd5c-4e3a-9bc4-14816ed53d38,66:ae9a001517d39cec11e3fca10c5d7052}(|){"#",a2b5aac2-33a7-41ec-878c-7dd928ac85cf,184:ae9a001517d39cec11e3fca4f0cbdc72}(|)Авторинок Лоск, Харків, Харківська(|)
{"#",47e6dd42-cd5c-4e3a-9bc4-14816ed53d38,66:ae9a001517d39cec11e3fca10c5d705d}(|){"#",a2b5aac2-33a7-41ec-878c-7dd928ac85cf,184:ae9a001517d39cec11e3fca4f0cbdc72}(|)Авторинок Лоск, Харків, Харківська(|)4/82
{"#",47e6dd42-cd5c-4e3a-9bc4-14816ed53d38,66:ae9a001517d39cec11e3fca10c5d705e}(|){"#",a2b5aac2-33a7-41ec-878c-7dd928ac85cf,184:ae9a001517d39cec11e3fca4f0cbdc72}(|)Авторинок Лоск, Харків, Харківська(|)5/73
{"#",47e6dd42-cd5c-4e3a-9bc4-14816ed53d38,66:ae9a001517d39cec11e3fca11eed1f09}(|){"#",a2b5aac2-33a7-41ec-878c-7dd928ac85cf,184:ae9a001517d39cec11e3fca4f0cbdc72}(|)Авторинок Лоск, Харків, Харківська(|)
{"#",47e6dd42-cd5c-4e3a-9bc4-14816ed53d38,66:ae9a001517d39cec11e3fca149a09cfe}(|){"#",a2b5aac2-33a7-41ec-878c-7dd928ac85cf,184:ae9a001517d39cec11e3fca4f0cbdc72}(|)Авторинок Лоск, Харків, Харківська(|)
{"#",47e6dd42-cd5c-4e3a-9bc4-14816ed53d38,66:ae9a001517d39cec11e3fca1681c0d9d}(|){"#",a2b5aac2-33a7-41ec-878c-7dd928ac85cf,184:ae9a001517d39cec11e3fca4f0cbdc72}(|)Авторинок Лоск, Харків, Харківська(|)
{"#",47e6dd42-cd5c-4e3a-9bc4-14816ed53d38,66:ae9a001517d39cec11e3fca19efe0f64}(|){"#",a2b5aac2-33a7-41ec-878c-7dd928ac85cf,184:ae9a001517d39cec11e3fca4f0cbdc72}(|)Авторинок Лоск, Харків, Харківська(|)92в
{"#",47e6dd42-cd5c-4e3a-9bc4-14816ed53d38,66:ae9a001517d39cec11e3fca1e240a658}(|){"#",a2b5aac2-33a7-41ec-878c-7dd928ac85cf,184:ae9a001517d39cec11e3fca4f0cbdc72}(|)Авторинок Лоск, Харків, Харківська(|)
{"#",47e6dd42-cd5c-4e3a-9bc4-14816ed53d38,66:ae9a001517d39cec11e3fca1e85585f1}(|){"#",a2b5aac2-33a7-41ec-878c-7dd928ac85cf,184:ae9a001517d39cec11e3fca4f0cbdc72}(|)Авторинок Лоск, Харків, Харківська(|)
{"#",47e6dd42-cd5c-4e3a-9bc4-14816ed53d38,66:ae9a001517d39cec11e3fca2199518f7}(|){"#",a2b5aac2-33a7-41ec-878c-7dd928ac85cf,184:ae9a001517d39cec11e3fca4f0cbdc72}(|)Авторинок Лоск, Харків, Харківська(|)6 ряд, 85 м.
{"#",47e6dd42-cd5c-4e3a-9bc4-14816ed53d38,66:ae9a001517d39cec11e3fca2199518f9}(|){"#",a2b5aac2-33a7-41ec-878c-7dd928ac85cf,184:ae9a001517d39cec11e3fca4f0cbdc72}(|)Авторинок Лоск, Харків, Харківська(|)
{"#",47e6dd42-cd5c-4e3a-9bc4-14816ed53d38,66:ae9a001517d39cec11e3fca237fd76cd}(|){"#",a2b5aac2-33a7-41ec-878c-7dd928ac85cf,184:ae9a001517d39cec11e3fca4f0cbdc72}(|)Авторинок Лоск, Харків, Харківська(|)ряд 2, место 36
{"#",47e6dd42-cd5c-4e3a-9bc4-14816ed53d38,66:ae9a001517d39cec11e3fca24a53ed0d}(|){"#",a2b5aac2-33a7-41ec-878c-7dd928ac85cf,184:ae9a001517d39cec11e3fca4f0cbdc72}(|)Авторинок Лоск, Харків, Харківська(|)
{"#",47e6dd42-cd5c-4e3a-9bc4-14816ed53d38,66:ae9a001517d39cec11e3fca25093b6f5}(|){"#",a2b5aac2-33a7-41ec-878c-7dd928ac85cf,184:ae9a001517d39cec11e3fca4f0cbdc72}(|)Авторинок Лоск, Харків, Харківська(|)5/68
{"#",47e6dd42-cd5c-4e3a-9bc4-14816ed53d38,66:ae9a001517d39cec11e3fca25cb64f02}(|){"#",a2b5aac2-33a7-41ec-878c-7dd928ac85cf,184:ae9a001517d39cec11e3fca4f0cbdc72}(|)Авторинок Лоск, Харків, Харківська(|)
{"#",47e6dd42-cd5c-4e3a-9bc4-14816ed53d38,66:ae9a001517d39cec11e3fca25cb64f09}(|){"#",a2b5aac2-33a7-41ec-878c-7dd928ac85cf,184:ae9a001517d39cec11e3fca4f0cbdc72}(|)Авторинок Лоск, Харків, Харківська(|)4/75
{"#",47e6dd42-cd5c-4e3a-9bc4-14816ed53d38,66:ae9a001517d39cec11e3fca2812a0309}(|){"#",a2b5aac2-33a7-41ec-878c-7dd928ac85cf,184:ae9a001517d39cec11e3fca4f0cbdc72}(|)Авторинок Лоск, Харків, Харківська(|)9/22
{"#",47e6dd42-cd5c-4e3a-9bc4-14816ed53d38,66:ae9a001517d39cec11e3fca28d4c9b2a}(|){"#",a2b5aac2-33a7-41ec-878c-7dd928ac85cf,184:ae9a001517d39cec11e3fca4f0cbdc72}(|)Авторинок Лоск, Харків, Харківська(|)7/21
{"#",47e6dd42-cd5c-4e3a-9bc4-14816ed53d38,66:ae9a001517d39cec11e3fca29f94c34c}(|){"#",a2b5aac2-33a7-41ec-878c-7dd928ac85cf,184:ae9a001517d39cec11e3fca4f0cbdc72}(|)Авторинок Лоск, Харків, Харківська(|)автобазар "ЛОСК" ряд10, місце 6
{"#",47e6dd42-cd5c-4e3a-9bc4-14816ed53d38,66:ae9a001517d39cec11e3fca2a5a01962}(|){"#",a2b5aac2-33a7-41ec-878c-7dd928ac85cf,184:ae9a001517d39cec11e3fca4f0cbdc72}(|)Авторинок Лоск, Харків, Харківська(|)
{"#",47e6dd42-cd5c-4e3a-9bc4-14816ed53d38,66:ae9a001517d39cec11e3fca2a5a01965}(|){"#",a2b5aac2-33a7-41ec-878c-7dd928ac85cf,184:ae9a001517d39cec11e3fca4f0cbdc72}(|)Авторинок Лоск, Харків, Харківська(|)АР "ЛОСК" 3 ряд місце Д
{"#",47e6dd42-cd5c-4e3a-9bc4-14816ed53d38,66:ae9a001517d39cec11e3fca2abb4f8f8}(|){"#",a2b5aac2-33a7-41ec-878c-7dd928ac85cf,184:ae9a001517d39cec11e3fca4f0cbdc72}(|)Авторинок Лоск, Харків, Харківська(|)9 ряд, 53 місце
{"#",47e6dd42-cd5c-4e3a-9bc4-14816ed53d38,66:ae9a001517d39cec11e3fca2abb4f905}(|){"#",a2b5aac2-33a7-41ec-878c-7dd928ac85cf,184:ae9a001517d39cec11e3fca4f0cbdc72}(|)Авторинок Лоск, Харків, Харківська(|)
{"#",47e6dd42-cd5c-4e3a-9bc4-14816ed53d38,66:ae9a001517d39cec11e3fca2b1eb397d}(|){"#",a2b5aac2-33a7-41ec-878c-7dd928ac85cf,184:ae9a001517d39cec11e3fca4f0cbdc72}(|)Авторинок Лоск, Харків, Харківська(|)13/32
{"#",47e6dd42-cd5c-4e3a-9bc4-14816ed53d38,66:ae9a001517d39cec11e3fca2be3b1e44}(|){"#",a2b5aac2-33a7-41ec-878c-7dd928ac85cf,184:ae9a001517d39cec11e3fca4f0cbdc72}(|)Авторинок Лоск, Харків, Харківська(|)ряд23 місце 8
{"#",47e6dd42-cd5c-4e3a-9bc4-14816ed53d38,66:ae9a001517d39cec11e3fca2d6dd4a2f}(|){"#",a2b5aac2-33a7-41ec-878c-7dd928ac85cf,184:ae9a001517d39cec11e3fca4f0cbdc72}(|)Авторинок Лоск, Харків, Харківська(|)9 ряд,м58
{"#",47e6dd42-cd5c-4e3a-9bc4-14816ed53d38,66:ae9a001517d39cec11e3fca2dd15ed08}(|){"#",a2b5aac2-33a7-41ec-878c-7dd928ac85cf,184:ae9a001517d39cec11e3fca4f0cbdc72}(|)Авторинок Лоск, Харків, Харківська(|)9 ряд 92 місце
{"#",47e6dd42-cd5c-4e3a-9bc4-14816ed53d38,66:ae9a001517d39cec11e3fca2e96a966d}(|){"#",a2b5aac2-33a7-41ec-878c-7dd928ac85cf,184:ae9a001517d39cec11e3fca4f0cbdc72}(|)Авторинок Лоск, Харків, Харківська(|)9/76
{"#",47e6dd42-cd5c-4e3a-9bc4-14816ed53d38,66:ae9a001517d39cec11e3fca2e96a966e}(|){"#",a2b5aac2-33a7-41ec-878c-7dd928ac85cf,184:ae9a001517d39cec11e3fca4f0cbdc72}(|)Авторинок Лоск, Харків, Харківська(|)10/4
{"#",47e6dd42-cd5c-4e3a-9bc4-14816ed53d38,66:ae9a001517d39cec11e3fca2ef9c123c}(|){"#",a2b5aac2-33a7-41ec-878c-7dd928ac85cf,184:ae9a001517d39cec11e3fca4f0cbdc72}(|)Авторинок Лоск, Харків, Харківська(|)2/24
{"#",47e6dd42-cd5c-4e3a-9bc4-14816ed53d38,66:ae9a001517d39cec11e3fca2f5ea2a39}(|){"#",a2b5aac2-33a7-41ec-878c-7dd928ac85cf,184:ae9a001517d39cec11e3fca4f0cbdc72}(|)Авторинок Лоск, Харків, Харківська(|)
{"#",47e6dd42-cd5c-4e3a-9bc4-14816ed53d38,66:ae9a001517d39cec11e3fca2f5ea2a42}(|){"#",a2b5aac2-33a7-41ec-878c-7dd928ac85cf,184:ae9a001517d39cec11e3fca4f0cbdc72}(|)Авторинок Лоск, Харків, Харківська(|)
{"#",47e6dd42-cd5c-4e3a-9bc4-14816ed53d38,66:ae9a001517d39cec11e3fca2f5ea2a4b}(|){"#",a2b5aac2-33a7-41ec-878c-7dd928ac85cf,184:ae9a001517d39cec11e3fca4f0cbdc72}(|)Авторинок Лоск, Харків, Харківська(|)
{"#",47e6dd42-cd5c-4e3a-9bc4-14816ed53d38,66:ae9a001517d39cec11e3fca2fc121c9b}(|){"#",a2b5aac2-33a7-41ec-878c-7dd928ac85cf,184:ae9a001517d39cec11e3fca4f0cbdc72}(|)Авторинок Лоск, Харків, Харківська(|)Автобазар "Лоск" ряд11 место 73-75
{"#",47e6dd42-cd5c-4e3a-9bc4-14816ed53d38,66:ae9a001517d39cec11e3fca3085150e7}(|){"#",a2b5aac2-33a7-41ec-878c-7dd928ac85cf,184:ae9a001517d39cec11e3fca4f0cbdc72}(|)Авторинок Лоск, Харків, Харківська(|)6ряд.46м.
{"#",47e6dd42-cd5c-4e3a-9bc4-14816ed53d38,66:ae9a001517d39cec11e3fca30e4bf6a5}(|){"#",a2b5aac2-33a7-41ec-878c-7dd928ac85cf,184:ae9a001517d39cec11e3fca4f0cbdc72}(|)Авторинок Лоск, Харків, Харківська(|)10/68
{"#",47e6dd42-cd5c-4e3a-9bc4-14816ed53d38,66:ae9a001517d39cec11e3fca31454ea6b}(|){"#",a2b5aac2-33a7-41ec-878c-7dd928ac85cf,184:ae9a001517d39cec11e3fca4f0cbdc72}(|)Авторинок Лоск, Харків, Харківська(|)АР "Лоск" 9 ряд 8 місце
{"#",47e6dd42-cd5c-4e3a-9bc4-14816ed53d38,66:ae9a001517d39cec11e3fca31a735362}(|){"#",a2b5aac2-33a7-41ec-878c-7dd928ac85cf,184:ae9a001517d39cec11e3fca4f0cbdc72}(|)Авторинок Лоск, Харків, Харківська(|)7 ряд,58 місце
{"#",47e6dd42-cd5c-4e3a-9bc4-14816ed53d38,66:ae9a001517d39cec11e3fca31a735378}(|){"#",a2b5aac2-33a7-41ec-878c-7dd928ac85cf,184:ae9a001517d39cec11e3fca4f0cbdc72}(|)Авторинок Лоск, Харків, Харківська(|)
{"#",47e6dd42-cd5c-4e3a-9bc4-14816ed53d38,66:ae9a001517d39cec11e3fca32695eb78}(|){"#",a2b5aac2-33a7-41ec-878c-7dd928ac85cf,184:ae9a001517d39cec11e3fca4f0cbdc72}(|)Авторинок Лоск, Харків, Харківська(|)
{"#",47e6dd42-cd5c-4e3a-9bc4-14816ed53d38,66:ae9a001517d39cec11e3fca32cc9c9a3}(|){"#",a2b5aac2-33a7-41ec-878c-7dd928ac85cf,184:ae9a001517d39cec11e3fca4f0cbdc72}(|)Авторинок Лоск, Харків, Харківська(|)13/33
{"#",47e6dd42-cd5c-4e3a-9bc4-14816ed53d38,66:ae9a001517d39cec11e3fca32cc9c9a9}(|){"#",a2b5aac2-33a7-41ec-878c-7dd928ac85cf,184:ae9a001517d39cec11e3fca4f0cbdc72}(|)Авторинок Лоск, Харків, Харківська(|)7/90
{"#",47e6dd42-cd5c-4e3a-9bc4-14816ed53d38,66:ae9a001517d39cec11e3fca32cc9c9aa}(|){"#",a2b5aac2-33a7-41ec-878c-7dd928ac85cf,184:ae9a001517d39cec11e3fca4f0cbdc72}(|)Авторинок Лоск, Харків, Харківська(|)8/26
{"#",47e6dd42-cd5c-4e3a-9bc4-14816ed53d38,66:ae9a001517d39cec11e3fca32cc9c9ad}(|){"#",a2b5aac2-33a7-41ec-878c-7dd928ac85cf,184:ae9a001517d39cec11e3fca4f0cbdc72}(|)Авторинок Лоск, Харків, Харківська(|)
{"#",47e6dd42-cd5c-4e3a-9bc4-14816ed53d38,66:ae9a001517d39cec11e3fca32cc9c9b1}(|){"#",a2b5aac2-33a7-41ec-878c-7dd928ac85cf,184:ae9a001517d39cec11e3fca4f0cbdc72}(|)Авторинок Лоск, Харків, Харківська(|)
{"#",47e6dd42-cd5c-4e3a-9bc4-14816ed53d38,66:ae9a001517d39cec11e3fca332c46f59}(|){"#",a2b5aac2-33a7-41ec-878c-7dd928ac85cf,184:ae9a001517d39cec11e3fca4f0cbdc72}(|)Авторинок Лоск, Харків, Харківська(|)
{"#",47e6dd42-cd5c-4e3a-9bc4-14816ed53d38,66:ae9a001517d39cec11e3fca332c46f63}(|){"#",a2b5aac2-33a7-41ec-878c-7dd928ac85cf,184:ae9a001517d39cec11e3fca4f0cbdc72}(|)Авторинок Лоск, Харків, Харківська(|)2 ряд 18 место
{"#",47e6dd42-cd5c-4e3a-9bc4-14816ed53d38,66:ae9a001517d39cec11e3fca338f5eb1a}(|){"#",a2b5aac2-33a7-41ec-878c-7dd928ac85cf,184:ae9a001517d39cec11e3fca4f0cbdc72}(|)Авторинок Лоск, Харків, Харківська(|)8 ряд,67 місце
{"#",47e6dd42-cd5c-4e3a-9bc4-14816ed53d38,66:ae9a001517d39cec11e3fca338f5eb2f}(|){"#",a2b5aac2-33a7-41ec-878c-7dd928ac85cf,184:ae9a001517d39cec11e3fca4f0cbdc72}(|)Авторинок Лоск, Харків, Харківська(|)
{"#",47e6dd42-cd5c-4e3a-9bc4-14816ed53d38,66:ae9a001517d39cec11e3fca34b394e8b}(|){"#",a2b5aac2-33a7-41ec-878c-7dd928ac85cf,184:ae9a001517d39cec11e3fca4f0cbdc72}(|)Авторинок Лоск, Харків, Харківська(|)ряд 9 место42
{"#",47e6dd42-cd5c-4e3a-9bc4-14816ed53d38,66:ae9a001517d39cec11e3fca35171f16c}(|){"#",a2b5aac2-33a7-41ec-878c-7dd928ac85cf,184:ae9a001517d39cec11e3fca4f0cbdc72}(|)Авторинок Лоск, Харків, Харківська(|)8/67
{"#",47e6dd42-cd5c-4e3a-9bc4-14816ed53d38,66:ae9a001517d39cec11e3fca35da9fe9c}(|){"#",a2b5aac2-33a7-41ec-878c-7dd928ac85cf,184:ae9a001517d39cec11e3fca4f0cbdc72}(|)Авторинок Лоск, Харків, Харківська(|)9/86
{"#",47e6dd42-cd5c-4e3a-9bc4-14816ed53d38,66:ae9a001517d39cec11e3fca35da9fe9d}(|){"#",a2b5aac2-33a7-41ec-878c-7dd928ac85cf,184:ae9a001517d39cec11e3fca4f0cbdc72}(|)Авторинок Лоск, Харків, Харківська(|)4/44,21
{"#",47e6dd42-cd5c-4e3a-9bc4-14816ed53d38,66:ae9a001517d39cec11e3fca35da9feb4}(|){"#",a2b5aac2-33a7-41ec-878c-7dd928ac85cf,184:ae9a001517d39cec11e3fca4f0cbdc72}(|)Авторинок Лоск, Харків, Харківська(|)10/Б
{"#",47e6dd42-cd5c-4e3a-9bc4-14816ed53d38,66:ae9a001517d39cec11e3fca369ad9826}(|){"#",a2b5aac2-33a7-41ec-878c-7dd928ac85cf,184:ae9a001517d39cec11e3fca4f0cbdc72}(|)Авторинок Лоск, Харків, Харківська(|)2/4
{"#",47e6dd42-cd5c-4e3a-9bc4-14816ed53d38,66:ae9a001517d39cec11e3fca369ad982c}(|){"#",a2b5aac2-33a7-41ec-878c-7dd928ac85cf,184:ae9a001517d39cec11e3fca4f0cbdc72}(|)Авторинок Лоск, Харків, Харківська(|)4 ряд 29 місце
{"#",47e6dd42-cd5c-4e3a-9bc4-14816ed53d38,66:ae9a001517d39cec11e3fca369ad9835}(|){"#",a2b5aac2-33a7-41ec-878c-7dd928ac85cf,184:ae9a001517d39cec11e3fca4f0cbdc72}(|)Авторинок Лоск, Харків, Харківська(|)9/83
{"#",47e6dd42-cd5c-4e3a-9bc4-14816ed53d38,66:ae9a001517d39cec11e3fca36fc4da21}(|){"#",a2b5aac2-33a7-41ec-878c-7dd928ac85cf,184:ae9a001517d39cec11e3fca4f0cbdc72}(|)Авторинок Лоск, Харків, Харківська(|)АР "Лоск" 3 ряд 56 місце
{"#",47e6dd42-cd5c-4e3a-9bc4-14816ed53d38,66:ae9a001517d39cec11e3fca375de7e5b}(|){"#",a2b5aac2-33a7-41ec-878c-7dd928ac85cf,184:ae9a001517d39cec11e3fca4f0cbdc72}(|)Авторинок Лоск, Харків, Харківська(|)7/63
{"#",47e6dd42-cd5c-4e3a-9bc4-14816ed53d38,66:ae9a001517d39cec11e3fca37bdde8ba}(|){"#",a2b5aac2-33a7-41ec-878c-7dd928ac85cf,184:ae9a001517d39cec11e3fca4f0cbdc72}(|)Авторинок Лоск, Харків, Харківська(|)8 ряд,67місце
{"#",47e6dd42-cd5c-4e3a-9bc4-14816ed53d38,66:ae9a001517d39cec11e3fca382142945}(|){"#",a2b5aac2-33a7-41ec-878c-7dd928ac85cf,184:ae9a001517d39cec11e3fca4f0cbdc72}(|)Авторинок Лоск, Харків, Харківська(|)7/79
{"#",47e6dd42-cd5c-4e3a-9bc4-14816ed53d38,66:ae9a001517d39cec11e3fca382142949}(|){"#",a2b5aac2-33a7-41ec-878c-7dd928ac85cf,184:ae9a001517d39cec11e3fca4f0cbdc72}(|)Авторинок Лоск, Харків, Харківська(|)
{"#",47e6dd42-cd5c-4e3a-9bc4-14816ed53d38,66:ae9a001517d39cec11e3fca3880c6c9d}(|){"#",a2b5aac2-33a7-41ec-878c-7dd928ac85cf,184:ae9a001517d39cec11e3fca4f0cbdc72}(|)Авторинок Лоск, Харків, Харківська(|)6 ряд 41
{"#",47e6dd42-cd5c-4e3a-9bc4-14816ed53d38,66:ae9a001517d39cec11e3fca3880c6ca0}(|){"#",a2b5aac2-33a7-41ec-878c-7dd928ac85cf,184:ae9a001517d39cec11e3fca4f0cbdc72}(|)Авторинок Лоск, Харків, Харківська(|)7 ряд 84 м
{"#",47e6dd42-cd5c-4e3a-9bc4-14816ed53d38,66:ae9a001517d39cec11e3fca38e4771d8}(|){"#",a2b5aac2-33a7-41ec-878c-7dd928ac85cf,184:ae9a001517d39cec11e3fca4f0cbdc72}(|)Авторинок Лоск, Харків, Харківська(|)3/92
{"#",47e6dd42-cd5c-4e3a-9bc4-14816ed53d38,66:ae9a001517d39cec11e3fca394578ca2}(|){"#",a2b5aac2-33a7-41ec-878c-7dd928ac85cf,184:ae9a001517d39cec11e3fca4f0cbdc72}(|)Авторинок Лоск, Харків, Харківська(|)Автобазар "Лоск" ряд 20 место 24
{"#",47e6dd42-cd5c-4e3a-9bc4-14816ed53d38,66:ae9a001517d39cec11e3fca394578ca4}(|){"#",a2b5aac2-33a7-41ec-878c-7dd928ac85cf,184:ae9a001517d39cec11e3fca4f0cbdc72}(|)Авторинок Лоск, Харків, Харківська(|)5/76
{"#",47e6dd42-cd5c-4e3a-9bc4-14816ed53d38,66:ae9a001517d39cec11e3fca3a07a24bf}(|){"#",a2b5aac2-33a7-41ec-878c-7dd928ac85cf,184:ae9a001517d39cec11e3fca4f0cbdc72}(|)Авторинок Лоск, Харків, Харківська(|)
{"#",47e6dd42-cd5c-4e3a-9bc4-14816ed53d38,66:ae9a001517d39cec11e3fca3a07a24c1}(|){"#",a2b5aac2-33a7-41ec-878c-7dd928ac85cf,184:ae9a001517d39cec11e3fca4f0cbdc72}(|)Авторинок Лоск, Харків, Харківська(|)7/13
{"#",47e6dd42-cd5c-4e3a-9bc4-14816ed53d38,66:ae9a001517d39cec11e3fca3ac9f1f2c}(|){"#",a2b5aac2-33a7-41ec-878c-7dd928ac85cf,184:ae9a001517d39cec11e3fca4f0cbdc72}(|)Авторинок Лоск, Харків, Харківська(|)
{"#",47e6dd42-cd5c-4e3a-9bc4-14816ed53d38,66:ae9a001517d39cec11e3fca3ac9f1f2e}(|){"#",a2b5aac2-33a7-41ec-878c-7dd928ac85cf,184:ae9a001517d39cec11e3fca4f0cbdc72}(|)Авторинок Лоск, Харків, Харківська(|)
{"#",47e6dd42-cd5c-4e3a-9bc4-14816ed53d38,66:ae9a001517d39cec11e3fca3b29c2741}(|){"#",a2b5aac2-33a7-41ec-878c-7dd928ac85cf,184:ae9a001517d39cec11e3fca4f0cbdc72}(|)Авторинок Лоск, Харків, Харківська(|)91А
{"#",47e6dd42-cd5c-4e3a-9bc4-14816ed53d38,66:ae9a001517d39cec11e3fca3d11797ed}(|){"#",a2b5aac2-33a7-41ec-878c-7dd928ac85cf,184:ae9a001517d39cec11e3fca4f0cbdc72}(|)Авторинок Лоск, Харків, Харківська(|)6/95.1
{"#",47e6dd42-cd5c-4e3a-9bc4-14816ed53d38,66:ae9a001517d39cec11e3fca3d11797ef}(|){"#",a2b5aac2-33a7-41ec-878c-7dd928ac85cf,184:ae9a001517d39cec11e3fca4f0cbdc72}(|)Авторинок Лоск, Харків, Харківська(|)7/87
{"#",47e6dd42-cd5c-4e3a-9bc4-14816ed53d38,66:ae9a001517d39cec11e3fca3e37c5c3e}(|){"#",a2b5aac2-33a7-41ec-878c-7dd928ac85cf,184:ae9a001517d39cec11e3fca4f0cbdc72}(|)Авторинок Лоск, Харків, Харківська(|)
{"#",47e6dd42-cd5c-4e3a-9bc4-14816ed53d38,66:ae9a001517d39cec11e3fca3e37c5c3f}(|){"#",a2b5aac2-33a7-41ec-878c-7dd928ac85cf,184:ae9a001517d39cec11e3fca4f0cbdc72}(|)Авторинок Лоск, Харків, Харківська(|)
{"#",47e6dd42-cd5c-4e3a-9bc4-14816ed53d38,66:ae9a001517d39cec11e3fca3e37c5c40}(|){"#",a2b5aac2-33a7-41ec-878c-7dd928ac85cf,184:ae9a001517d39cec11e3fca4f0cbdc72}(|)Авторинок Лоск, Харків, Харківська(|)АР "Лоск" 5 ряд 36 місце
{"#",47e6dd42-cd5c-4e3a-9bc4-14816ed53d38,66:ae9a001517d39cec11e3fca544a711e3}(|){"#",a2b5aac2-33a7-41ec-878c-7dd928ac85cf,184:ae9a001517d39cec11e3fca4f0cbdc72}(|)Авторинок Лоск, Харків, Харківська(|)7/30
{"#",47e6dd42-cd5c-4e3a-9bc4-14816ed53d38,66:ae9a001517d39cec11e3fca574a729d9}(|){"#",a2b5aac2-33a7-41ec-878c-7dd928ac85cf,184:ae9a001517d39cec11e3fca4f0cbdc72}(|)Авторинок Лоск, Харків, Харківська(|)
{"#",47e6dd42-cd5c-4e3a-9bc4-14816ed53d38,66:ae9a001517d39cec11e3fca574a729e1}(|){"#",a2b5aac2-33a7-41ec-878c-7dd928ac85cf,184:ae9a001517d39cec11e3fca4f0cbdc72}(|)Авторинок Лоск, Харків, Харківська(|)
{"#",47e6dd42-cd5c-4e3a-9bc4-14816ed53d38,66:ae9a001517d39cec11e3fca5e0ad55c8}(|){"#",a2b5aac2-33a7-41ec-878c-7dd928ac85cf,184:ae9a001517d39cec11e3fca4f0cbdc72}(|)Авторинок Лоск, Харків, Харківська(|)ряд 8 місце 90
{"#",47e6dd42-cd5c-4e3a-9bc4-14816ed53d38,66:ae9a001517d39cec11e3fca5f8d12500}(|){"#",a2b5aac2-33a7-41ec-878c-7dd928ac85cf,184:ae9a001517d39cec11e3fca4f0cbdc72}(|)Авторинок Лоск, Харків, Харківська(|)
{"#",47e6dd42-cd5c-4e3a-9bc4-14816ed53d38,66:ae9b001517d39cec11e41170b8b00df4}(|){"#",a2b5aac2-33a7-41ec-878c-7dd928ac85cf,184:ae9a001517d39cec11e3fca4f0cbdc72}(|)Авторинок Лоск, Харків, Харківська(|)16/44
{"#",47e6dd42-cd5c-4e3a-9bc4-14816ed53d38,66:b7df001517d39cec11e733bbdc24f540}(|){"#",a2b5aac2-33a7-41ec-878c-7dd928ac85cf,184:ae9a001517d39cec11e3fca4f0cbdc72}(|)Авторинок Лоск, Харків, Харківська(|)
{"#",47e6dd42-cd5c-4e3a-9bc4-14816ed53d38,66:ae9a001517d39cec11e3fca0925a3892}(|){"#",a2b5aac2-33a7-41ec-878c-7dd928ac85cf,184:ae9a001517d39cec11e3fca4f0cbdc75}(|)Авторинок Средняя, Одеса, Одеська(|)
{"#",47e6dd42-cd5c-4e3a-9bc4-14816ed53d38,66:ae9a001517d39cec11e3fca0bccd56fc}(|){"#",a2b5aac2-33a7-41ec-878c-7dd928ac85cf,184:ae9a001517d39cec11e3fca4f0cbdc75}(|)Авторинок Средняя, Одеса, Одеська(|)
{"#",47e6dd42-cd5c-4e3a-9bc4-14816ed53d38,66:ae9a001517d39cec11e3fca124fad782}(|){"#",a2b5aac2-33a7-41ec-878c-7dd928ac85cf,184:ae9a001517d39cec11e3fca4f0cbdc75}(|)Авторинок Средняя, Одеса, Одеська(|)
{"#",47e6dd42-cd5c-4e3a-9bc4-14816ed53d38,66:ae9a001517d39cec11e3fca124fad788}(|){"#",a2b5aac2-33a7-41ec-878c-7dd928ac85cf,184:ae9a001517d39cec11e3fca4f0cbdc75}(|)Авторинок Средняя, Одеса, Одеська(|)
{"#",47e6dd42-cd5c-4e3a-9bc4-14816ed53d38,66:ae9a001517d39cec11e3fca1ee765143}(|){"#",a2b5aac2-33a7-41ec-878c-7dd928ac85cf,184:ae9a001517d39cec11e3fca4f0cbdc75}(|)Авторинок Средняя, Одеса, Одеська(|)
{"#",47e6dd42-cd5c-4e3a-9bc4-14816ed53d38,66:ae9a001517d39cec11e3fca1ee765144}(|){"#",a2b5aac2-33a7-41ec-878c-7dd928ac85cf,184:ae9a001517d39cec11e3fca4f0cbdc75}(|)Авторинок Средняя, Одеса, Одеська(|)
{"#",47e6dd42-cd5c-4e3a-9bc4-14816ed53d38,66:ae9a001517d39cec11e3fca1f470f6f1}(|){"#",a2b5aac2-33a7-41ec-878c-7dd928ac85cf,184:ae9a001517d39cec11e3fca4f0cbdc75}(|)Авторинок Средняя, Одеса, Одеська(|)
{"#",47e6dd42-cd5c-4e3a-9bc4-14816ed53d38,66:ae9a001517d39cec11e3fca1fa8a9b32}(|){"#",a2b5aac2-33a7-41ec-878c-7dd928ac85cf,184:ae9a001517d39cec11e3fca4f0cbdc75}(|)Авторинок Средняя, Одеса, Одеська(|)
{"#",47e6dd42-cd5c-4e3a-9bc4-14816ed53d38,66:ae9a001517d39cec11e3fca2812a0310}(|){"#",a2b5aac2-33a7-41ec-878c-7dd928ac85cf,184:ae9a001517d39cec11e3fca4f0cbdc75}(|)Авторинок Средняя, Одеса, Одеська(|)
{"#",47e6dd42-cd5c-4e3a-9bc4-14816ed53d38,66:ae9a001517d39cec11e3fca29f94c343}(|){"#",a2b5aac2-33a7-41ec-878c-7dd928ac85cf,184:ae9a001517d39cec11e3fca4f0cbdc75}(|)Авторинок Средняя, Одеса, Одеська(|)
{"#",47e6dd42-cd5c-4e3a-9bc4-14816ed53d38,66:ae9a001517d39cec11e3fca2be3b1e3d}(|){"#",a2b5aac2-33a7-41ec-878c-7dd928ac85cf,184:ae9a001517d39cec11e3fca4f0cbdc75}(|)Авторинок Средняя, Одеса, Одеська(|)
{"#",47e6dd42-cd5c-4e3a-9bc4-14816ed53d38,66:ae9a001517d39cec11e3fca33f38175a}(|){"#",a2b5aac2-33a7-41ec-878c-7dd928ac85cf,184:ae9a001517d39cec11e3fca4f0cbdc75}(|)Авторинок Средняя, Одеса, Одеська(|)
{"#",47e6dd42-cd5c-4e3a-9bc4-14816ed53d38,66:ae9a001517d39cec11e3fca35171f165}(|){"#",a2b5aac2-33a7-41ec-878c-7dd928ac85cf,184:ae9a001517d39cec11e3fca4f0cbdc75}(|)Авторинок Средняя, Одеса, Одеська(|)
{"#",47e6dd42-cd5c-4e3a-9bc4-14816ed53d38,66:ae9a001517d39cec11e3fca35171f168}(|){"#",a2b5aac2-33a7-41ec-878c-7dd928ac85cf,184:ae9a001517d39cec11e3fca4f0cbdc75}(|)Авторинок Средняя, Одеса, Одеська(|)
{"#",47e6dd42-cd5c-4e3a-9bc4-14816ed53d38,66:ae9a001517d39cec11e3fca39a7f7f19}(|){"#",a2b5aac2-33a7-41ec-878c-7dd928ac85cf,184:ae9a001517d39cec11e3fca4f0cbdc75}(|)Авторинок Средняя, Одеса, Одеська(|)
{"#",47e6dd42-cd5c-4e3a-9bc4-14816ed53d38,66:ae9a001517d39cec11e3fca3d7313c29}(|){"#",a2b5aac2-33a7-41ec-878c-7dd928ac85cf,184:ae9a001517d39cec11e3fca4f0cbdc75}(|)Авторинок Средняя, Одеса, Одеська(|)
{"#",47e6dd42-cd5c-4e3a-9bc4-14816ed53d38,66:ae9a001517d39cec11e3fca3d7313c2a}(|){"#",a2b5aac2-33a7-41ec-878c-7dd928ac85cf,184:ae9a001517d39cec11e3fca4f0cbdc75}(|)Авторинок Средняя, Одеса, Одеська(|)
{"#",47e6dd42-cd5c-4e3a-9bc4-14816ed53d38,66:ae9a001517d39cec11e3fca2be3b1e3a}(|){"#",a2b5aac2-33a7-41ec-878c-7dd928ac85cf,184:ae9a001517d39cec11e3fca4f0cbdc77}(|)Одеса, Одеська, вул.Крилова, 23(|)
{"#",47e6dd42-cd5c-4e3a-9bc4-14816ed53d38,66:ae9a001517d39cec11e3fca2fc121ca4}(|){"#",a2b5aac2-33a7-41ec-878c-7dd928ac85cf,184:ae9a001517d39cec11e3fca4f0cbdc79}(|)Одеса, Одеська, вул.Балківська, 94(|)
{"#",47e6dd42-cd5c-4e3a-9bc4-14816ed53d38,66:ae9a001517d39cec11e3fca1e85585f0}(|){"#",a2b5aac2-33a7-41ec-878c-7dd928ac85cf,184:ae9a001517d39cec11e3fca4f0cbdc7e}(|)Одеса, Одеська, вул.Балківська, 20(|)
{"#",47e6dd42-cd5c-4e3a-9bc4-14816ed53d38,66:ae9a001517d39cec11e3fca237fd76df}(|){"#",a2b5aac2-33a7-41ec-878c-7dd928ac85cf,184:ae9a001517d39cec11e3fca4f0cbdc7e}(|)Одеса, Одеська, вул.Балківська, 20(|)
{"#",47e6dd42-cd5c-4e3a-9bc4-14816ed53d38,66:ae9a001517d39cec11e3fca2abb4f90b}(|){"#",a2b5aac2-33a7-41ec-878c-7dd928ac85cf,184:ae9a001517d39cec11e3fca4f0cbdc7e}(|)Одеса, Одеська, вул.Балківська, 20(|)буд.97
{"#",47e6dd42-cd5c-4e3a-9bc4-14816ed53d38,66:ae9a001517d39cec11e3fca37bdde8d1}(|){"#",a2b5aac2-33a7-41ec-878c-7dd928ac85cf,184:ae9a001517d39cec11e3fca4f0cbdc80}(|)Одеса, Одеська, вул.Водопровідна, 28(|)
{"#",47e6dd42-cd5c-4e3a-9bc4-14816ed53d38,66:ae9a001517d39cec11e3fca394578cb2}(|){"#",a2b5aac2-33a7-41ec-878c-7dd928ac85cf,184:ae9a001517d39cec11e3fca4f0cbdc80}(|)Одеса, Одеська, вул.Водопровідна, 28(|)
{"#",47e6dd42-cd5c-4e3a-9bc4-14816ed53d38,66:ae9a001517d39cec11e3fca11eed1f01}(|){"#",a2b5aac2-33a7-41ec-878c-7dd928ac85cf,184:ae9a001517d39cec11e3fca4f0cbdc82}(|)Одеса, Одеська, вул.Інглезі (25 Чапаєвської Дивізії), 15-А(|)
{"#",47e6dd42-cd5c-4e3a-9bc4-14816ed53d38,66:ae9a001517d39cec11e3fca5e6aa5da9}(|){"#",a2b5aac2-33a7-41ec-878c-7dd928ac85cf,184:ae9a001517d39cec11e3fca4f0cbdc84}(|)Одеса, Одеська, вул.Інглезі (25 Чапаєвської Дивізії), 7-А(|)
{"#",47e6dd42-cd5c-4e3a-9bc4-14816ed53d38,66:9298001517d39cec11e61db11484b67c}(|){"#",a2b5aac2-33a7-41ec-878c-7dd928ac85cf,184:ae9a001517d39cec11e3fca4f0cbdc86}(|)Авторинок Успех, Одеса, Одеська(|)
{"#",47e6dd42-cd5c-4e3a-9bc4-14816ed53d38,66:ae63001517d39cec11e6a19b8985bd68}(|){"#",a2b5aac2-33a7-41ec-878c-7dd928ac85cf,184:ae9a001517d39cec11e3fca4f0cbdc86}(|)Авторинок Успех, Одеса, Одеська(|)
{"#",47e6dd42-cd5c-4e3a-9bc4-14816ed53d38,66:ae9a001517d39cec11e3fca08c2d816b}(|){"#",a2b5aac2-33a7-41ec-878c-7dd928ac85cf,184:ae9a001517d39cec11e3fca4f0cbdc86}(|)Авторинок Успех, Одеса, Одеська(|)
{"#",47e6dd42-cd5c-4e3a-9bc4-14816ed53d38,66:ae9a001517d39cec11e3fca0b0b6aaac}(|){"#",a2b5aac2-33a7-41ec-878c-7dd928ac85cf,184:ae9a001517d39cec11e3fca4f0cbdc86}(|)Авторинок Успех, Одеса, Одеська(|)
{"#",47e6dd42-cd5c-4e3a-9bc4-14816ed53d38,66:ae9a001517d39cec11e3fca0b6bd3c16}(|){"#",a2b5aac2-33a7-41ec-878c-7dd928ac85cf,184:ae9a001517d39cec11e3fca4f0cbdc86}(|)Авторинок Успех, Одеса, Одеська(|)
{"#",47e6dd42-cd5c-4e3a-9bc4-14816ed53d38,66:ae9a001517d39cec11e3fca0bccd56f2}(|){"#",a2b5aac2-33a7-41ec-878c-7dd928ac85cf,184:ae9a001517d39cec11e3fca4f0cbdc86}(|)Авторинок Успех, Одеса, Одеська(|)
{"#",47e6dd42-cd5c-4e3a-9bc4-14816ed53d38,66:ae9a001517d39cec11e3fca0bccd56f7}(|){"#",a2b5aac2-33a7-41ec-878c-7dd928ac85cf,184:ae9a001517d39cec11e3fca4f0cbdc86}(|)Авторинок Успех, Одеса, Одеська(|)
{"#",47e6dd42-cd5c-4e3a-9bc4-14816ed53d38,66:ae9a001517d39cec11e3fca0bccd56ff}(|){"#",a2b5aac2-33a7-41ec-878c-7dd928ac85cf,184:ae9a001517d39cec11e3fca4f0cbdc86}(|)Авторинок Успех, Одеса, Одеська(|)
{"#",47e6dd42-cd5c-4e3a-9bc4-14816ed53d38,66:ae9a001517d39cec11e3fca0c2dfd42e}(|){"#",a2b5aac2-33a7-41ec-878c-7dd928ac85cf,184:ae9a001517d39cec11e3fca4f0cbdc86}(|)Авторинок Успех, Одеса, Одеська(|)
{"#",47e6dd42-cd5c-4e3a-9bc4-14816ed53d38,66:ae9a001517d39cec11e3fca0db67c62f}(|){"#",a2b5aac2-33a7-41ec-878c-7dd928ac85cf,184:ae9a001517d39cec11e3fca4f0cbdc86}(|)Авторинок Успех, Одеса, Одеська(|)Авторинок Успех, Одеса, Одеська, Одеська
{"#",47e6dd42-cd5c-4e3a-9bc4-14816ed53d38,66:ae9a001517d39cec11e3fca106521a3c}(|){"#",a2b5aac2-33a7-41ec-878c-7dd928ac85cf,184:ae9a001517d39cec11e3fca4f0cbdc86}(|)Авторинок Успех, Одеса, Одеська(|)
{"#",47e6dd42-cd5c-4e3a-9bc4-14816ed53d38,66:ae9a001517d39cec11e3fca10c5d7067}(|){"#",a2b5aac2-33a7-41ec-878c-7dd928ac85cf,184:ae9a001517d39cec11e3fca4f0cbdc86}(|)Авторинок Успех, Одеса, Одеська(|)
{"#",47e6dd42-cd5c-4e3a-9bc4-14816ed53d38,66:ae9a001517d39cec11e3fca118d37acb}(|){"#",a2b5aac2-33a7-41ec-878c-7dd928ac85cf,184:ae9a001517d39cec11e3fca4f0cbdc86}(|)Авторинок Успех, Одеса, Одеська(|)
{"#",47e6dd42-cd5c-4e3a-9bc4-14816ed53d38,66:ae9a001517d39cec11e3fca11eed1f0d}(|){"#",a2b5aac2-33a7-41ec-878c-7dd928ac85cf,184:ae9a001517d39cec11e3fca4f0cbdc86}(|)Авторинок Успех, Одеса, Одеська(|)
{"#",47e6dd42-cd5c-4e3a-9bc4-14816ed53d38,66:ae9a001517d39cec11e3fca17a61d360}(|){"#",a2b5aac2-33a7-41ec-878c-7dd928ac85cf,184:ae9a001517d39cec11e3fca4f0cbdc86}(|)Авторинок Успех, Одеса, Одеська(|)
{"#",47e6dd42-cd5c-4e3a-9bc4-14816ed53d38,66:ae9a001517d39cec11e3fca19efe0f5a}(|){"#",a2b5aac2-33a7-41ec-878c-7dd928ac85cf,184:ae9a001517d39cec11e3fca4f0cbdc86}(|)Авторинок Успех, Одеса, Одеська(|)
{"#",47e6dd42-cd5c-4e3a-9bc4-14816ed53d38,66:ae9a001517d39cec11e3fca1a4ffdc28}(|){"#",a2b5aac2-33a7-41ec-878c-7dd928ac85cf,184:ae9a001517d39cec11e3fca4f0cbdc86}(|)Авторинок Успех, Одеса, Одеська(|)
{"#",47e6dd42-cd5c-4e3a-9bc4-14816ed53d38,66:ae9a001517d39cec11e3fca20d32216d}(|){"#",a2b5aac2-33a7-41ec-878c-7dd928ac85cf,184:ae9a001517d39cec11e3fca4f0cbdc86}(|)Авторинок Успех, Одеса, Одеська(|)
{"#",47e6dd42-cd5c-4e3a-9bc4-14816ed53d38,66:ae9a001517d39cec11e3fca237fd76d4}(|){"#",a2b5aac2-33a7-41ec-878c-7dd928ac85cf,184:ae9a001517d39cec11e3fca4f0cbdc86}(|)Авторинок Успех, Одеса, Одеська(|)
{"#",47e6dd42-cd5c-4e3a-9bc4-14816ed53d38,66:ae9a001517d39cec11e3fca237fd76d7}(|){"#",a2b5aac2-33a7-41ec-878c-7dd928ac85cf,184:ae9a001517d39cec11e3fca4f0cbdc86}(|)Авторинок Успех, Одеса, Одеська(|)магаз.№1
{"#",47e6dd42-cd5c-4e3a-9bc4-14816ed53d38,66:ae9a001517d39cec11e3fca237fd76da}(|){"#",a2b5aac2-33a7-41ec-878c-7dd928ac85cf,184:ae9a001517d39cec11e3fca4f0cbdc86}(|)Авторинок Успех, Одеса, Одеська(|)
{"#",47e6dd42-cd5c-4e3a-9bc4-14816ed53d38,66:ae9a001517d39cec11e3fca244358420}(|){"#",a2b5aac2-33a7-41ec-878c-7dd928ac85cf,184:ae9a001517d39cec11e3fca4f0cbdc86}(|)Авторинок Успех, Одеса, Одеська(|)
{"#",47e6dd42-cd5c-4e3a-9bc4-14816ed53d38,66:ae9a001517d39cec11e3fca25093b6ee}(|){"#",a2b5aac2-33a7-41ec-878c-7dd928ac85cf,184:ae9a001517d39cec11e3fca4f0cbdc86}(|)Авторинок Успех, Одеса, Одеська(|)
{"#",47e6dd42-cd5c-4e3a-9bc4-14816ed53d38,66:ae9a001517d39cec11e3fca25cb64f00}(|){"#",a2b5aac2-33a7-41ec-878c-7dd928ac85cf,184:ae9a001517d39cec11e3fca4f0cbdc86}(|)Авторинок Успех, Одеса, Одеська(|)
{"#",47e6dd42-cd5c-4e3a-9bc4-14816ed53d38,66:ae9a001517d39cec11e3fca25cb64f08}(|){"#",a2b5aac2-33a7-41ec-878c-7dd928ac85cf,184:ae9a001517d39cec11e3fca4f0cbdc86}(|)Авторинок Успех, Одеса, Одеська(|)
{"#",47e6dd42-cd5c-4e3a-9bc4-14816ed53d38,66:ae9a001517d39cec11e3fca25cb64f0c}(|){"#",a2b5aac2-33a7-41ec-878c-7dd928ac85cf,184:ae9a001517d39cec11e3fca4f0cbdc86}(|)Авторинок Успех, Одеса, Одеська(|)
{"#",47e6dd42-cd5c-4e3a-9bc4-14816ed53d38,66:ae9a001517d39cec11e3fca262c8cc44}(|){"#",a2b5aac2-33a7-41ec-878c-7dd928ac85cf,184:ae9a001517d39cec11e3fca4f0cbdc86}(|)Авторинок Успех, Одеса, Одеська(|)
{"#",47e6dd42-cd5c-4e3a-9bc4-14816ed53d38,66:ae9a001517d39cec11e3fca2812a030d}(|){"#",a2b5aac2-33a7-41ec-878c-7dd928ac85cf,184:ae9a001517d39cec11e3fca4f0cbdc86}(|)Авторинок Успех, Одеса, Одеська(|)
{"#",47e6dd42-cd5c-4e3a-9bc4-14816ed53d38,66:ae9a001517d39cec11e3fca2b810c98c}(|){"#",a2b5aac2-33a7-41ec-878c-7dd928ac85cf,184:ae9a001517d39cec11e3fca4f0cbdc86}(|)Авторинок Успех, Одеса, Одеська(|)
{"#",47e6dd42-cd5c-4e3a-9bc4-14816ed53d38,66:ae9a001517d39cec11e3fca2b810c990}(|){"#",a2b5aac2-33a7-41ec-878c-7dd928ac85cf,184:ae9a001517d39cec11e3fca4f0cbdc86}(|)Авторинок Успех, Одеса, Одеська(|)
{"#",47e6dd42-cd5c-4e3a-9bc4-14816ed53d38,66:ae9a001517d39cec11e3fca2ca732b77}(|){"#",a2b5aac2-33a7-41ec-878c-7dd928ac85cf,184:ae9a001517d39cec11e3fca4f0cbdc86}(|)Авторинок Успех, Одеса, Одеська(|)
{"#",47e6dd42-cd5c-4e3a-9bc4-14816ed53d38,66:ae9a001517d39cec11e3fca3577fa9ed}(|){"#",a2b5aac2-33a7-41ec-878c-7dd928ac85cf,184:ae9a001517d39cec11e3fca4f0cbdc86}(|)Авторинок Успех, Одеса, Одеська(|)
{"#",47e6dd42-cd5c-4e3a-9bc4-14816ed53d38,66:ae9a001517d39cec11e3fca394578ca5}(|){"#",a2b5aac2-33a7-41ec-878c-7dd928ac85cf,184:ae9a001517d39cec11e3fca4f0cbdc86}(|)Авторинок Успех, Одеса, Одеська(|)
{"#",47e6dd42-cd5c-4e3a-9bc4-14816ed53d38,66:ae9a001517d39cec11e3fca394578ca6}(|){"#",a2b5aac2-33a7-41ec-878c-7dd928ac85cf,184:ae9a001517d39cec11e3fca4f0cbdc86}(|)Авторинок Успех, Одеса, Одеська(|)
{"#",47e6dd42-cd5c-4e3a-9bc4-14816ed53d38,66:ae9a001517d39cec11e3fca394578ca7}(|){"#",a2b5aac2-33a7-41ec-878c-7dd928ac85cf,184:ae9a001517d39cec11e3fca4f0cbdc86}(|)Авторинок Успех, Одеса, Одеська(|)
{"#",47e6dd42-cd5c-4e3a-9bc4-14816ed53d38,66:ae9a001517d39cec11e3fca394578cab}(|){"#",a2b5aac2-33a7-41ec-878c-7dd928ac85cf,184:ae9a001517d39cec11e3fca4f0cbdc86}(|)Авторинок Успех, Одеса, Одеська(|)
{"#",47e6dd42-cd5c-4e3a-9bc4-14816ed53d38,66:ae9a001517d39cec11e3fca39a7f7f06}(|){"#",a2b5aac2-33a7-41ec-878c-7dd928ac85cf,184:ae9a001517d39cec11e3fca4f0cbdc86}(|)Авторинок Успех, Одеса, Одеська(|)
{"#",47e6dd42-cd5c-4e3a-9bc4-14816ed53d38,66:ae9a001517d39cec11e3fca3a6857aed}(|){"#",a2b5aac2-33a7-41ec-878c-7dd928ac85cf,184:ae9a001517d39cec11e3fca4f0cbdc86}(|)Авторинок Успех, Одеса, Одеська(|)
{"#",47e6dd42-cd5c-4e3a-9bc4-14816ed53d38,66:ae9a001517d39cec11e3fca3cae87e77}(|){"#",a2b5aac2-33a7-41ec-878c-7dd928ac85cf,184:ae9a001517d39cec11e3fca4f0cbdc86}(|)Авторинок Успех, Одеса, Одеська(|)
{"#",47e6dd42-cd5c-4e3a-9bc4-14816ed53d38,66:ae9a001517d39cec11e3fca3d11797e1}(|){"#",a2b5aac2-33a7-41ec-878c-7dd928ac85cf,184:ae9a001517d39cec11e3fca4f0cbdc86}(|)Авторинок Успех, Одеса, Одеська(|)
{"#",47e6dd42-cd5c-4e3a-9bc4-14816ed53d38,66:ae9a001517d39cec11e3fca3d7313c28}(|){"#",a2b5aac2-33a7-41ec-878c-7dd928ac85cf,184:ae9a001517d39cec11e3fca4f0cbdc86}(|)Авторинок Успех, Одеса, Одеська(|)
{"#",47e6dd42-cd5c-4e3a-9bc4-14816ed53d38,66:ae9a001517d39cec11e3fca3d7313c33}(|){"#",a2b5aac2-33a7-41ec-878c-7dd928ac85cf,184:ae9a001517d39cec11e3fca4f0cbdc86}(|)Авторинок Успех, Одеса, Одеська(|)
{"#",47e6dd42-cd5c-4e3a-9bc4-14816ed53d38,66:ae9a001517d39cec11e3fca4f0cbdc90}(|){"#",a2b5aac2-33a7-41ec-878c-7dd928ac85cf,184:ae9a001517d39cec11e3fca4f0cbdc86}(|)Авторинок Успех, Одеса, Одеська(|)
{"#",47e6dd42-cd5c-4e3a-9bc4-14816ed53d38,66:ae9a001517d39cec11e3fca25093b6fd}(|){"#",a2b5aac2-33a7-41ec-878c-7dd928ac85cf,184:ae9a001517d39cec11e3fca4f0cbdc89}(|)Біла Церква, Київська, вул.Таращанська, 196(|)
{"#",47e6dd42-cd5c-4e3a-9bc4-14816ed53d38,66:ae9a001517d39cec11e3fca3577fa9ee}(|){"#",a2b5aac2-33a7-41ec-878c-7dd928ac85cf,184:ae9a001517d39cec11e3fca4f0cbdc89}(|)Біла Церква, Київська, вул.Таращанська, 196(|)
{"#",47e6dd42-cd5c-4e3a-9bc4-14816ed53d38,66:ae9a001517d39cec11e3fca3cae87e85}(|){"#",a2b5aac2-33a7-41ec-878c-7dd928ac85cf,184:ae9a001517d39cec11e3fca4f0cbdc89}(|)Біла Церква, Київська, вул.Таращанська, 196(|)Таращанська буд № 196, Біла Церква, Київська
{"#",47e6dd42-cd5c-4e3a-9bc4-14816ed53d38,66:ae9a001517d39cec11e3fca1c39cadc0}(|){"#",a2b5aac2-33a7-41ec-878c-7dd928ac85cf,184:ae9a001517d39cec11e3fca4f0cbdc8b}(|)Біла Церква, Київська, вул.Нова, 23(|)Новая буд № 23, Біла Церква, Київська
{"#",47e6dd42-cd5c-4e3a-9bc4-14816ed53d38,66:ae9a001517d39cec11e3fca09e56ab06}(|){"#",a2b5aac2-33a7-41ec-878c-7dd928ac85cf,184:ae9a001517d39cec11e3fca4f0cbdc8d}(|)Біла Церква, Київська, вул.Шевченка, 87(|)Шевченко буд № 87, Біла Церква, Київська
{"#",47e6dd42-cd5c-4e3a-9bc4-14816ed53d38,66:ae9a001517d39cec11e3fca198c7cedb}(|){"#",a2b5aac2-33a7-41ec-878c-7dd928ac85cf,184:ae9a001517d39cec11e3fca4f0cbdc94}(|)Ромни, Сумська, вул.Пролетарської Солідарності, 14(|)
{"#",47e6dd42-cd5c-4e3a-9bc4-14816ed53d38,66:ae9a001517d39cec11e3fca0a45ada1c}(|){"#",a2b5aac2-33a7-41ec-878c-7dd928ac85cf,184:ae9a001517d39cec11e3fca4f0cbdc96}(|)Київ, Київська, вул.Індустріальна, 13(|)Індустріальна буд № 13, Київ, Київська, 3 058
{"#",47e6dd42-cd5c-4e3a-9bc4-14816ed53d38,66:ae9a001517d39cec11e3fca07fee4d2a}(|){"#",a2b5aac2-33a7-41ec-878c-7dd928ac85cf,184:ae9a001517d39cec11e3fca4f0cbdc98}(|)Київ, Київська, вул.Зодчих, 16(|)Зодчих буд № 16, Київ, Київська, Київська
{"#",47e6dd42-cd5c-4e3a-9bc4-14816ed53d38,66:ae9a001517d39cec11e3fca293663f70}(|){"#",a2b5aac2-33a7-41ec-878c-7dd928ac85cf,184:ae9a001517d39cec11e3fca4f0cbdc98}(|)Київ, Київська, вул.Зодчих, 16(|)Зодчих буд № 16, Київ, Київська, Київська
{"#",47e6dd42-cd5c-4e3a-9bc4-14816ed53d38,66:ae9a001517d39cec11e3fca14fbca390}(|){"#",a2b5aac2-33a7-41ec-878c-7dd928ac85cf,184:ae9a001517d39cec11e3fca4f0cbdc9a}(|)Київ, Київська, вул.Сосніних Сім'ї, 17(|)Семї Сосніних буд № 17, Київ, Київська, Київська, 3 134
{"#",47e6dd42-cd5c-4e3a-9bc4-14816ed53d38,66:ae9a001517d39cec11e3fca18cc1d2fb}(|){"#",a2b5aac2-33a7-41ec-878c-7dd928ac85cf,184:ae9a001517d39cec11e3fca4f0cbdc9c}(|)Київ, Київська, вул.Трублаїні Миколи, 24-Б(|)Трублаїні буд № 24б, Київ, Київська, Київська, 3 134
{"#",47e6dd42-cd5c-4e3a-9bc4-14816ed53d38,66:ae9a001517d39cec11e3fca25093b6fa}(|){"#",a2b5aac2-33a7-41ec-878c-7dd928ac85cf,184:ae9a001517d39cec11e3fca4f0cbdc9c}(|)Київ, Київська, вул.Трублаїні Миколи, 24-Б(|)
{"#",47e6dd42-cd5c-4e3a-9bc4-14816ed53d38,66:ae9a001517d39cec11e3fca124fad78e}(|){"#",a2b5aac2-33a7-41ec-878c-7dd928ac85cf,184:ae9a001517d39cec11e3fca4f0cbdc9e}(|)Київ, Київська, вул.Якутська, 3(|)Якутська буд № 3, Київ, Київська, Київська, 1 042
{"#",47e6dd42-cd5c-4e3a-9bc4-14816ed53d38,66:ae9a001517d39cec11e3fca2be3b1e43}(|){"#",a2b5aac2-33a7-41ec-878c-7dd928ac85cf,184:ae9a001517d39cec11e3fca4f0cbdca0}(|)Київ, Київська, вул.Пшенична, 4(|)Пшенична буд № 4, Київ, Київська, Київська, 3 680
{"#",47e6dd42-cd5c-4e3a-9bc4-14816ed53d38,66:ae9a001517d39cec11e3fca1cffae08f}(|){"#",a2b5aac2-33a7-41ec-878c-7dd928ac85cf,184:ae9a001517d39cec11e3fca4f0cbdca2}(|)Київ, Київська, вул.Качалова, 52(|)Качалова буд № 52, Київ, Київська, Київська, 2 095
{"#",47e6dd42-cd5c-4e3a-9bc4-14816ed53d38,66:ae9a001517d39cec11e3fca0a45ada1d}(|){"#",a2b5aac2-33a7-41ec-878c-7dd928ac85cf,184:ae9a001517d39cec11e3fca4f0cbdca4}(|)Київ, Київська, вул.Якутська, 3(|)
{"#",47e6dd42-cd5c-4e3a-9bc4-14816ed53d38,66:ae9a001517d39cec11e3fca2e345066c}(|){"#",a2b5aac2-33a7-41ec-878c-7dd928ac85cf,184:ae9a001517d39cec11e3fca4f0cbdca6}(|)Київ, Київська, вул.Трублаїні Миколи, 2(|)Трублаїні буд № 2, Київ, Київська, Київська
{"#",47e6dd42-cd5c-4e3a-9bc4-14816ed53d38,66:ae9a001517d39cec11e3fca3880c6c9f}(|){"#",a2b5aac2-33a7-41ec-878c-7dd928ac85cf,184:ae9a001517d39cec11e3fca4f0cbdca8}(|)Капітана Ратнікова буд № 6, кв. 55, м.Донецьк, Донецька обл.(|)
{"#",47e6dd42-cd5c-4e3a-9bc4-14816ed53d38,66:ae9a001517d39cec11e3fca07fee4d25}(|){"#",a2b5aac2-33a7-41ec-878c-7dd928ac85cf,184:ae9a001517d39cec11e3fca4f6d00b75}(|)Київ, Київська, вул.Миру (Братська Борщагівка), 36(|)Мира буд № 36, Київ, Київська, Київська, 3 134
{"#",47e6dd42-cd5c-4e3a-9bc4-14816ed53d38,66:ae9a001517d39cec11e3fca268ca98fd}(|){"#",a2b5aac2-33a7-41ec-878c-7dd928ac85cf,184:ae9a001517d39cec11e3fca4f6d00b75}(|)Київ, Київська, вул.Миру (Братська Борщагівка), 36(|)
{"#",47e6dd42-cd5c-4e3a-9bc4-14816ed53d38,66:ae9a001517d39cec11e3fca12b0fb721}(|){"#",a2b5aac2-33a7-41ec-878c-7dd928ac85cf,184:ae9a001517d39cec11e3fca4f6d00b77}(|)Київ, Київська, вул.Симиренка, 5(|)Симиренка буд № 5, Київ, Київська, Київська
{"#",47e6dd42-cd5c-4e3a-9bc4-14816ed53d38,66:ae9a001517d39cec11e3fca155ee1f65}(|){"#",a2b5aac2-33a7-41ec-878c-7dd928ac85cf,184:ae9a001517d39cec11e3fca4f6d00b77}(|)Київ, Київська, вул.Симиренка, 5(|)Симиренка буд № 5, Київ, Київська, Київська
{"#",47e6dd42-cd5c-4e3a-9bc4-14816ed53d38,66:92f7001517d39cec11e72b606ed64862}(|){"#",a2b5aac2-33a7-41ec-878c-7dd928ac85cf,184:ae9a001517d39cec11e3fca4f6d00b7a}(|)Київ, Київська, вул.Трублаїні Миколи, 37-В(|)
{"#",47e6dd42-cd5c-4e3a-9bc4-14816ed53d38,66:ae9a001517d39cec11e3fca2fc121c9c}(|){"#",a2b5aac2-33a7-41ec-878c-7dd928ac85cf,184:ae9a001517d39cec11e3fca4f6d00b7a}(|)Київ, Київська, вул.Трублаїні Миколи, 37-В(|)Трублаїні буд № 37 В, Київ, Київська, Київська
{"#",47e6dd42-cd5c-4e3a-9bc4-14816ed53d38,66:ae9a001517d39cec11e3fca1681c0d93}(|){"#",a2b5aac2-33a7-41ec-878c-7dd928ac85cf,184:ae9a001517d39cec11e3fca4f6d00b7c}(|)Дніпро, Дніпропетровська, просп.Хмельницького Богдана, 171(|)
{"#",47e6dd42-cd5c-4e3a-9bc4-14816ed53d38,66:ae9a001517d39cec11e3fca28d4c9b26}(|){"#",a2b5aac2-33a7-41ec-878c-7dd928ac85cf,184:ae9a001517d39cec11e3fca4f6d00b7c}(|)Дніпро, Дніпропетровська, просп.Хмельницького Богдана, 171(|)
{"#",47e6dd42-cd5c-4e3a-9bc4-14816ed53d38,66:ae9a001517d39cec11e3fca3e9796457}(|){"#",a2b5aac2-33a7-41ec-878c-7dd928ac85cf,184:ae9a001517d39cec11e3fca4f6d00b7c}(|)Дніпро, Дніпропетровська, просп.Хмельницького Богдана, 171(|)
{"#",47e6dd42-cd5c-4e3a-9bc4-14816ed53d38,66:ae9a001517d39cec11e3fca332c46f61}(|){"#",a2b5aac2-33a7-41ec-878c-7dd928ac85cf,184:ae9a001517d39cec11e3fca4f6d00b7e}(|)Авторинок Ореховський, Запоріжжя, Запорізька(|)
{"#",47e6dd42-cd5c-4e3a-9bc4-14816ed53d38,66:ae9a001517d39cec11e3fca2dd15ecfb}(|){"#",a2b5aac2-33a7-41ec-878c-7dd928ac85cf,184:ae9a001517d39cec11e3fca4f6d00b80}(|)Новоархангельськ, Кіровоградська, вул.Слави, 49(|)
{"#",47e6dd42-cd5c-4e3a-9bc4-14816ed53d38,66:ae9a001517d39cec11e3fca2873ee297}(|){"#",a2b5aac2-33a7-41ec-878c-7dd928ac85cf,184:ae9a001517d39cec11e3fca4f6d00b82}(|)Ніжин, Чернігівська, вул.Носівський шлях, 3(|)
{"#",47e6dd42-cd5c-4e3a-9bc4-14816ed53d38,66:ae9a001517d39cec11e3fca38e4771c7}(|){"#",a2b5aac2-33a7-41ec-878c-7dd928ac85cf,184:ae9a001517d39cec11e3fca4f6d00b82}(|)Ніжин, Чернігівська, вул.Носівський шлях, 3(|)
{"#",47e6dd42-cd5c-4e3a-9bc4-14816ed53d38,66:ae9a001517d39cec11e3fca394578cb4}(|){"#",a2b5aac2-33a7-41ec-878c-7dd928ac85cf,184:ae9a001517d39cec11e3fca4f6d00b84}(|)Чернігів, Чернігівська, вул.Кільцева, 15(|)
{"#",47e6dd42-cd5c-4e3a-9bc4-14816ed53d38,66:ae9a001517d39cec11e3fca0fa0497c5}(|){"#",a2b5aac2-33a7-41ec-878c-7dd928ac85cf,184:ae9a001517d39cec11e3fca4f6d00b86}(|)Олімпійська буд № 81, м.Маріуполь, Донецька обл.(|)
{"#",47e6dd42-cd5c-4e3a-9bc4-14816ed53d38,66:ae9a001517d39cec11e3fca293663f71}(|){"#",a2b5aac2-33a7-41ec-878c-7dd928ac85cf,184:ae9a001517d39cec11e3fca4f6d00b86}(|)Олімпійська буд № 81, м.Маріуполь, Донецька обл.(|)
{"#",47e6dd42-cd5c-4e3a-9bc4-14816ed53d38,66:ae9a001517d39cec11e3fca32085d0a5}(|){"#",a2b5aac2-33a7-41ec-878c-7dd928ac85cf,184:ae9a001517d39cec11e3fca4f6d00b88}(|)Київ, Київська, проїздВійськовий, 8(|)
{"#",47e6dd42-cd5c-4e3a-9bc4-14816ed53d38,66:9298001517d39cec11e5d492c63f94bf}(|){"#",a2b5aac2-33a7-41ec-878c-7dd928ac85cf,184:ae9a001517d39cec11e3fca4f6d00b8a}(|)Вінниця, Вінницька, вул.Ватутіна, 17(|)
{"#",47e6dd42-cd5c-4e3a-9bc4-14816ed53d38,66:9298001517d39cec11e5d49460e319d7}(|){"#",a2b5aac2-33a7-41ec-878c-7dd928ac85cf,184:ae9a001517d39cec11e3fca4f6d00b8a}(|)Вінниця, Вінницька, вул.Ватутіна, 17(|)
{"#",47e6dd42-cd5c-4e3a-9bc4-14816ed53d38,66:9298001517d39cec11e5d49569d6cd72}(|){"#",a2b5aac2-33a7-41ec-878c-7dd928ac85cf,184:ae9a001517d39cec11e3fca4f6d00b8a}(|)Вінниця, Вінницька, вул.Ватутіна, 17(|)
{"#",47e6dd42-cd5c-4e3a-9bc4-14816ed53d38,66:ae9a001517d39cec11e3fca28d4c9b2d}(|){"#",a2b5aac2-33a7-41ec-878c-7dd928ac85cf,184:ae9a001517d39cec11e3fca4f6d00b8a}(|)Вінниця, Вінницька, вул.Ватутіна, 17(|)
{"#",47e6dd42-cd5c-4e3a-9bc4-14816ed53d38,66:ae9a001517d39cec11e3fca2ef9c1247}(|){"#",a2b5aac2-33a7-41ec-878c-7dd928ac85cf,184:ae9a001517d39cec11e3fca4f6d00b8a}(|)Вінниця, Вінницька, вул.Ватутіна, 17(|)
{"#",47e6dd42-cd5c-4e3a-9bc4-14816ed53d38,66:ae9a001517d39cec11e3fca30e4bf69b}(|){"#",a2b5aac2-33a7-41ec-878c-7dd928ac85cf,184:ae9a001517d39cec11e3fca4f6d00b8a}(|)Вінниця, Вінницька, вул.Ватутіна, 17(|)
{"#",47e6dd42-cd5c-4e3a-9bc4-14816ed53d38,66:ae9a001517d39cec11e3fca08c2d8171}(|){"#",a2b5aac2-33a7-41ec-878c-7dd928ac85cf,184:ae9a001517d39cec11e3fca4f6d00b8c}(|)Одеса, Одеська, вул.Разумовського, 49(|)
{"#",47e6dd42-cd5c-4e3a-9bc4-14816ed53d38,66:ae9a001517d39cec11e3fca2873ee298}(|){"#",a2b5aac2-33a7-41ec-878c-7dd928ac85cf,184:ae9a001517d39cec11e3fca4f6d00b8c}(|)Одеса, Одеська, вул.Разумовського, 49(|)
{"#",47e6dd42-cd5c-4e3a-9bc4-14816ed53d38,66:ae9a001517d39cec11e3fca3ac9f1f36}(|){"#",a2b5aac2-33a7-41ec-878c-7dd928ac85cf,184:ae9a001517d39cec11e3fca4f6d00b8c}(|)Одеса, Одеська, вул.Разумовського, 49(|)
{"#",47e6dd42-cd5c-4e3a-9bc4-14816ed53d38,66:ae9a001517d39cec11e3fca4f6d00b90}(|){"#",a2b5aac2-33a7-41ec-878c-7dd928ac85cf,184:ae9a001517d39cec11e3fca4f6d00b8f}(|)Новгород-Сіверський, Чернігівська, вул.Шевченка, 23 корпус(|)
{"#",47e6dd42-cd5c-4e3a-9bc4-14816ed53d38,66:aa8f0025909438d711e85d960472ce97}(|){"#",a2b5aac2-33a7-41ec-878c-7dd928ac85cf,184:ae9a001517d39cec11e3fca4f6d00b92}(|)Авторинок Лепсе (Гавела), Київ, Київська(|)
{"#",47e6dd42-cd5c-4e3a-9bc4-14816ed53d38,66:ae9a001517d39cec11e3fca0b0b6aaad}(|){"#",a2b5aac2-33a7-41ec-878c-7dd928ac85cf,184:ae9a001517d39cec11e3fca4f6d00b92}(|)Авторинок Лепсе (Гавела), Київ, Київська(|)
{"#",47e6dd42-cd5c-4e3a-9bc4-14816ed53d38,66:ae9a001517d39cec11e3fca0b6bd3c19}(|){"#",a2b5aac2-33a7-41ec-878c-7dd928ac85cf,184:ae9a001517d39cec11e3fca4f6d00b92}(|)Авторинок Лепсе (Гавела), Київ, Київська(|)
{"#",47e6dd42-cd5c-4e3a-9bc4-14816ed53d38,66:ae9a001517d39cec11e3fca0b6bd3c1e}(|){"#",a2b5aac2-33a7-41ec-878c-7dd928ac85cf,184:ae9a001517d39cec11e3fca4f6d00b92}(|)Авторинок Лепсе (Гавела), Київ, Київська(|)
{"#",47e6dd42-cd5c-4e3a-9bc4-14816ed53d38,66:ae9a001517d39cec11e3fca0fa0497c6}(|){"#",a2b5aac2-33a7-41ec-878c-7dd928ac85cf,184:ae9a001517d39cec11e3fca4f6d00b92}(|)Авторинок Лепсе (Гавела), Київ, Київська(|)
{"#",47e6dd42-cd5c-4e3a-9bc4-14816ed53d38,66:ae9a001517d39cec11e3fca106521a39}(|){"#",a2b5aac2-33a7-41ec-878c-7dd928ac85cf,184:ae9a001517d39cec11e3fca4f6d00b92}(|)Авторинок Лепсе (Гавела), Київ, Київська(|)
{"#",47e6dd42-cd5c-4e3a-9bc4-14816ed53d38,66:ae9a001517d39cec11e3fca118d37abb}(|){"#",a2b5aac2-33a7-41ec-878c-7dd928ac85cf,184:ae9a001517d39cec11e3fca4f6d00b92}(|)Авторинок Лепсе (Гавела), Київ, Київська(|)
{"#",47e6dd42-cd5c-4e3a-9bc4-14816ed53d38,66:ae9a001517d39cec11e3fca1373713e5}(|){"#",a2b5aac2-33a7-41ec-878c-7dd928ac85cf,184:ae9a001517d39cec11e3fca4f6d00b92}(|)Авторинок Лепсе (Гавела), Київ, Київська(|)
{"#",47e6dd42-cd5c-4e3a-9bc4-14816ed53d38,66:ae9a001517d39cec11e3fca15c114cff}(|){"#",a2b5aac2-33a7-41ec-878c-7dd928ac85cf,184:ae9a001517d39cec11e3fca4f6d00b92}(|)Авторинок Лепсе (Гавела), Київ, Київська(|)
{"#",47e6dd42-cd5c-4e3a-9bc4-14816ed53d38,66:ae9a001517d39cec11e3fca15c114d01}(|){"#",a2b5aac2-33a7-41ec-878c-7dd928ac85cf,184:ae9a001517d39cec11e3fca4f6d00b92}(|)Авторинок Лепсе (Гавела), Київ, Київська(|)
{"#",47e6dd42-cd5c-4e3a-9bc4-14816ed53d38,66:ae9a001517d39cec11e3fca1681c0da2}(|){"#",a2b5aac2-33a7-41ec-878c-7dd928ac85cf,184:ae9a001517d39cec11e3fca4f6d00b92}(|)Авторинок Лепсе (Гавела), Київ, Київська(|)
{"#",47e6dd42-cd5c-4e3a-9bc4-14816ed53d38,66:ae9a001517d39cec11e3fca19efe0f60}(|){"#",a2b5aac2-33a7-41ec-878c-7dd928ac85cf,184:ae9a001517d39cec11e3fca4f6d00b92}(|)Авторинок Лепсе (Гавела), Київ, Київська(|)
{"#",47e6dd42-cd5c-4e3a-9bc4-14816ed53d38,66:ae9a001517d39cec11e3fca3b8bcf29a}(|){"#",a2b5aac2-33a7-41ec-878c-7dd928ac85cf,184:ae9a001517d39cec11e3fca4f6d00b92}(|)Авторинок Лепсе (Гавела), Київ, Київська(|)
{"#",47e6dd42-cd5c-4e3a-9bc4-14816ed53d38,66:ae9a001517d39cec11e3fca3bee0203a}(|){"#",a2b5aac2-33a7-41ec-878c-7dd928ac85cf,184:ae9a001517d39cec11e3fca4f6d00b92}(|)Авторинок Лепсе (Гавела), Київ, Київська(|)
{"#",47e6dd42-cd5c-4e3a-9bc4-14816ed53d38,66:ae9a001517d39cec11e3fca526cb5ef1}(|){"#",a2b5aac2-33a7-41ec-878c-7dd928ac85cf,184:ae9a001517d39cec11e3fca4f6d00b92}(|)Авторинок Лепсе (Гавела), Київ, Київська(|)
{"#",47e6dd42-cd5c-4e3a-9bc4-14816ed53d38,66:ae9a001517d39cec11e3fca2873ee29c}(|){"#",a2b5aac2-33a7-41ec-878c-7dd928ac85cf,184:ae9a001517d39cec11e3fca4f6d00b94}(|)Харків, Харківська, шосеСалтівське, 92(|)
{"#",47e6dd42-cd5c-4e3a-9bc4-14816ed53d38,66:ae9a001517d39cec11e3fca0d533e812}(|){"#",a2b5aac2-33a7-41ec-878c-7dd928ac85cf,184:ae9a001517d39cec11e3fca4f6d00b96}(|)Новгород-Сіверський, Чернігівська, вул.Шевченка, 78(|)
{"#",47e6dd42-cd5c-4e3a-9bc4-14816ed53d38,66:ae9a001517d39cec11e3fca628d601a9}(|){"#",a2b5aac2-33a7-41ec-878c-7dd928ac85cf,184:ae9a001517d39cec11e3fca4f6d00b96}(|)Новгород-Сіверський, Чернігівська, вул.Шевченка, 78(|)
{"#",47e6dd42-cd5c-4e3a-9bc4-14816ed53d38,66:9298001517d39cec11e6379df90004e1}(|){"#",a2b5aac2-33a7-41ec-878c-7dd928ac85cf,184:ae9a001517d39cec11e3fca4f6d00b98}(|)Авторинок Центральний, Дніпро, Дніпропетровська(|)
{"#",47e6dd42-cd5c-4e3a-9bc4-14816ed53d38,66:9c80001517d39cec11e4b6972260fdfa}(|){"#",a2b5aac2-33a7-41ec-878c-7dd928ac85cf,184:ae9a001517d39cec11e3fca4f6d00b98}(|)Авторинок Центральний, Дніпро, Дніпропетровська(|)2 ряд місце 20
{"#",47e6dd42-cd5c-4e3a-9bc4-14816ed53d38,66:ae9a001517d39cec11e3fc9fdd3109ec}(|){"#",a2b5aac2-33a7-41ec-878c-7dd928ac85cf,184:ae9a001517d39cec11e3fca4f6d00b98}(|)Авторинок Центральний, Дніпро, Дніпропетровська(|)
{"#",47e6dd42-cd5c-4e3a-9bc4-14816ed53d38,66:ae9a001517d39cec11e3fca0925a3885}(|){"#",a2b5aac2-33a7-41ec-878c-7dd928ac85cf,184:ae9a001517d39cec11e3fca4f6d00b98}(|)Авторинок Центральний, Дніпро, Дніпропетровська(|)
{"#",47e6dd42-cd5c-4e3a-9bc4-14816ed53d38,66:ae9a001517d39cec11e3fca0925a3890}(|){"#",a2b5aac2-33a7-41ec-878c-7dd928ac85cf,184:ae9a001517d39cec11e3fca4f6d00b98}(|)Авторинок Центральний, Дніпро, Дніпропетровська(|)
{"#",47e6dd42-cd5c-4e3a-9bc4-14816ed53d38,66:ae9a001517d39cec11e3fca0bccd56f1}(|){"#",a2b5aac2-33a7-41ec-878c-7dd928ac85cf,184:ae9a001517d39cec11e3fca4f6d00b98}(|)Авторинок Центральний, Дніпро, Дніпропетровська(|)
{"#",47e6dd42-cd5c-4e3a-9bc4-14816ed53d38,66:ae9a001517d39cec11e3fca10c5d7061}(|){"#",a2b5aac2-33a7-41ec-878c-7dd928ac85cf,184:ae9a001517d39cec11e3fca4f6d00b98}(|)Авторинок Центральний, Дніпро, Дніпропетровська(|)
{"#",47e6dd42-cd5c-4e3a-9bc4-14816ed53d38,66:ae9a001517d39cec11e3fca1ee76513f}(|){"#",a2b5aac2-33a7-41ec-878c-7dd928ac85cf,184:ae9a001517d39cec11e3fca4f6d00b98}(|)Авторинок Центральний, Дніпро, Дніпропетровська(|)
{"#",47e6dd42-cd5c-4e3a-9bc4-14816ed53d38,66:ae9a001517d39cec11e3fca1ee765149}(|){"#",a2b5aac2-33a7-41ec-878c-7dd928ac85cf,184:ae9a001517d39cec11e3fca4f6d00b98}(|)Авторинок Центральний, Дніпро, Дніпропетровська(|)
{"#",47e6dd42-cd5c-4e3a-9bc4-14816ed53d38,66:ae9a001517d39cec11e3fca2c4526031}(|){"#",a2b5aac2-33a7-41ec-878c-7dd928ac85cf,184:ae9a001517d39cec11e3fca4f6d00b98}(|)Авторинок Центральний, Дніпро, Дніпропетровська(|)
{"#",47e6dd42-cd5c-4e3a-9bc4-14816ed53d38,66:ae9a001517d39cec11e3fca2fc121ca3}(|){"#",a2b5aac2-33a7-41ec-878c-7dd928ac85cf,184:ae9a001517d39cec11e3fca4f6d00b98}(|)Авторинок Центральний, Дніпро, Дніпропетровська(|)050-342-66-72 Наталья
{"#",47e6dd42-cd5c-4e3a-9bc4-14816ed53d38,66:ae9a001517d39cec11e3fca3d11797f4}(|){"#",a2b5aac2-33a7-41ec-878c-7dd928ac85cf,184:ae9a001517d39cec11e3fca4f6d00b98}(|)Авторинок Центральний, Дніпро, Дніпропетровська(|)
{"#",47e6dd42-cd5c-4e3a-9bc4-14816ed53d38,66:ae9a001517d39cec11e3fca622d69722}(|){"#",a2b5aac2-33a7-41ec-878c-7dd928ac85cf,184:ae9a001517d39cec11e3fca4f6d00b98}(|)Авторинок Центральний, Дніпро, Дніпропетровська(|)
{"#",47e6dd42-cd5c-4e3a-9bc4-14816ed53d38,66:ae9a001517d39cec11e3fca32695eb79}(|){"#",a2b5aac2-33a7-41ec-878c-7dd928ac85cf,184:ae9a001517d39cec11e3fca4f6d00b9d}(|)Обухів, Київська, вул.Промислова, 1-А(|)
{"#",47e6dd42-cd5c-4e3a-9bc4-14816ed53d38,66:9298001517d39cec11e632f822036a8a}(|){"#",a2b5aac2-33a7-41ec-878c-7dd928ac85cf,184:ae9a001517d39cec11e3fca4f6d00b9f}(|)Авторинок Перова, Київ, Київська(|)
{"#",47e6dd42-cd5c-4e3a-9bc4-14816ed53d38,66:a34f001517d39cec11e576459b488db4}(|){"#",a2b5aac2-33a7-41ec-878c-7dd928ac85cf,184:ae9a001517d39cec11e3fca4f6d00b9f}(|)Авторинок Перова, Київ, Київська(|)
{"#",47e6dd42-cd5c-4e3a-9bc4-14816ed53d38,66:aa930025909438d611e8d76d7caf7153}(|){"#",a2b5aac2-33a7-41ec-878c-7dd928ac85cf,184:ae9a001517d39cec11e3fca4f6d00b9f}(|)Авторинок Перова, Київ, Київська(|)
{"#",47e6dd42-cd5c-4e3a-9bc4-14816ed53d38,66:aa930025909438d611e8d76f8c49d390}(|){"#",a2b5aac2-33a7-41ec-878c-7dd928ac85cf,184:ae9a001517d39cec11e3fca4f6d00b9f}(|)Авторинок Перова, Київ, Київська(|)
{"#",47e6dd42-cd5c-4e3a-9bc4-14816ed53d38,66:ae63001517d39cec11e6dbc53be07f6c}(|){"#",a2b5aac2-33a7-41ec-878c-7dd928ac85cf,184:ae9a001517d39cec11e3fca4f6d00b9f}(|)Авторинок Перова, Київ, Київська(|)
{"#",47e6dd42-cd5c-4e3a-9bc4-14816ed53d38,66:ae63001517d39cec11e6dbc5f5598eca}(|){"#",a2b5aac2-33a7-41ec-878c-7dd928ac85cf,184:ae9a001517d39cec11e3fca4f6d00b9f}(|)Авторинок Перова, Київ, Київська(|)
{"#",47e6dd42-cd5c-4e3a-9bc4-14816ed53d38,66:ae9a001517d39cec11e3fca067bc2fcf}(|){"#",a2b5aac2-33a7-41ec-878c-7dd928ac85cf,184:ae9a001517d39cec11e3fca4f6d00b9f}(|)Авторинок Перова, Київ, Київська(|)
{"#",47e6dd42-cd5c-4e3a-9bc4-14816ed53d38,66:ae9a001517d39cec11e3fca079e094ae}(|){"#",a2b5aac2-33a7-41ec-878c-7dd928ac85cf,184:ae9a001517d39cec11e3fca4f6d00b9f}(|)Авторинок Перова, Київ, Київська(|)
{"#",47e6dd42-cd5c-4e3a-9bc4-14816ed53d38,66:ae9a001517d39cec11e3fca0925a388c}(|){"#",a2b5aac2-33a7-41ec-878c-7dd928ac85cf,184:ae9a001517d39cec11e3fca4f6d00b9f}(|)Авторинок Перова, Київ, Київська(|)
{"#",47e6dd42-cd5c-4e3a-9bc4-14816ed53d38,66:ae9a001517d39cec11e3fca0aa852ece}(|){"#",a2b5aac2-33a7-41ec-878c-7dd928ac85cf,184:ae9a001517d39cec11e3fca4f6d00b9f}(|)Авторинок Перова, Київ, Київська(|)
{"#",47e6dd42-cd5c-4e3a-9bc4-14816ed53d38,66:ae9a001517d39cec11e3fca0b6bd3c18}(|){"#",a2b5aac2-33a7-41ec-878c-7dd928ac85cf,184:ae9a001517d39cec11e3fca4f6d00b9f}(|)Авторинок Перова, Київ, Київська(|)
{"#",47e6dd42-cd5c-4e3a-9bc4-14816ed53d38,66:ae9a001517d39cec11e3fca0e787fbe6}(|){"#",a2b5aac2-33a7-41ec-878c-7dd928ac85cf,184:ae9a001517d39cec11e3fca4f6d00b9f}(|)Авторинок Перова, Київ, Київська(|)
{"#",47e6dd42-cd5c-4e3a-9bc4-14816ed53d38,66:ae9a001517d39cec11e3fca0fa0497c2}(|){"#",a2b5aac2-33a7-41ec-878c-7dd928ac85cf,184:ae9a001517d39cec11e3fca4f6d00b9f}(|)Авторинок Перова, Київ, Київська(|)
{"#",47e6dd42-cd5c-4e3a-9bc4-14816ed53d38,66:ae9a001517d39cec11e3fca10c5d7054}(|){"#",a2b5aac2-33a7-41ec-878c-7dd928ac85cf,184:ae9a001517d39cec11e3fca4f6d00b9f}(|)Авторинок Перова, Київ, Київська(|)
{"#",47e6dd42-cd5c-4e3a-9bc4-14816ed53d38,66:ae9a001517d39cec11e3fca10c5d7055}(|){"#",a2b5aac2-33a7-41ec-878c-7dd928ac85cf,184:ae9a001517d39cec11e3fca4f6d00b9f}(|)Авторинок Перова, Київ, Київська(|)
{"#",47e6dd42-cd5c-4e3a-9bc4-14816ed53d38,66:ae9a001517d39cec11e3fca124fad787}(|){"#",a2b5aac2-33a7-41ec-878c-7dd928ac85cf,184:ae9a001517d39cec11e3fca4f6d00b9f}(|)Авторинок Перова, Київ, Київська(|)
{"#",47e6dd42-cd5c-4e3a-9bc4-14816ed53d38,66:ae9a001517d39cec11e3fca15c114d09}(|){"#",a2b5aac2-33a7-41ec-878c-7dd928ac85cf,184:ae9a001517d39cec11e3fca4f6d00b9f}(|)Авторинок Перова, Київ, Київська(|)
{"#",47e6dd42-cd5c-4e3a-9bc4-14816ed53d38,66:ae9a001517d39cec11e3fca16e229f15}(|){"#",a2b5aac2-33a7-41ec-878c-7dd928ac85cf,184:ae9a001517d39cec11e3fca4f6d00b9f}(|)Авторинок Перова, Київ, Київська(|)
{"#",47e6dd42-cd5c-4e3a-9bc4-14816ed53d38,66:ae9a001517d39cec11e3fca192cf8b80}(|){"#",a2b5aac2-33a7-41ec-878c-7dd928ac85cf,184:ae9a001517d39cec11e3fca4f6d00b9f}(|)Авторинок Перова, Київ, Київська(|)
{"#",47e6dd42-cd5c-4e3a-9bc4-14816ed53d38,66:ae9a001517d39cec11e3fca198c7cee0}(|){"#",a2b5aac2-33a7-41ec-878c-7dd928ac85cf,184:ae9a001517d39cec11e3fca4f6d00b9f}(|)Авторинок Перова, Київ, Київська(|)
{"#",47e6dd42-cd5c-4e3a-9bc4-14816ed53d38,66:ae9a001517d39cec11e3fca1ab08cff1}(|){"#",a2b5aac2-33a7-41ec-878c-7dd928ac85cf,184:ae9a001517d39cec11e3fca4f6d00b9f}(|)Авторинок Перова, Київ, Київська(|)
{"#",47e6dd42-cd5c-4e3a-9bc4-14816ed53d38,66:ae9a001517d39cec11e3fca1bd74bb5f}(|){"#",a2b5aac2-33a7-41ec-878c-7dd928ac85cf,184:ae9a001517d39cec11e3fca4f6d00b9f}(|)Авторинок Перова, Київ, Київська(|)
{"#",47e6dd42-cd5c-4e3a-9bc4-14816ed53d38,66:ae9a001517d39cec11e3fca1cffae090}(|){"#",a2b5aac2-33a7-41ec-878c-7dd928ac85cf,184:ae9a001517d39cec11e3fca4f6d00b9f}(|)Авторинок Перова, Київ, Київська(|)
{"#",47e6dd42-cd5c-4e3a-9bc4-14816ed53d38,66:ae9a001517d39cec11e3fca2135c7618}(|){"#",a2b5aac2-33a7-41ec-878c-7dd928ac85cf,184:ae9a001517d39cec11e3fca4f6d00b9f}(|)Авторинок Перова, Київ, Київська(|)
{"#",47e6dd42-cd5c-4e3a-9bc4-14816ed53d38,66:ae9a001517d39cec11e3fca21faebd48}(|){"#",a2b5aac2-33a7-41ec-878c-7dd928ac85cf,184:ae9a001517d39cec11e3fca4f6d00b9f}(|)Авторинок Перова, Київ, Київська(|)
{"#",47e6dd42-cd5c-4e3a-9bc4-14816ed53d38,66:ae9a001517d39cec11e3fca225bc75be}(|){"#",a2b5aac2-33a7-41ec-878c-7dd928ac85cf,184:ae9a001517d39cec11e3fca4f6d00b9f}(|)Авторинок Перова, Київ, Київська(|)
{"#",47e6dd42-cd5c-4e3a-9bc4-14816ed53d38,66:ae9a001517d39cec11e3fca231e89741}(|){"#",a2b5aac2-33a7-41ec-878c-7dd928ac85cf,184:ae9a001517d39cec11e3fca4f6d00b9f}(|)Авторинок Перова, Київ, Київська(|)
{"#",47e6dd42-cd5c-4e3a-9bc4-14816ed53d38,66:ae9a001517d39cec11e3fca2568e5cb0}(|){"#",a2b5aac2-33a7-41ec-878c-7dd928ac85cf,184:ae9a001517d39cec11e3fca4f6d00b9f}(|)Авторинок Перова, Київ, Київська(|)
{"#",47e6dd42-cd5c-4e3a-9bc4-14816ed53d38,66:ae9a001517d39cec11e3fca268ca9903}(|){"#",a2b5aac2-33a7-41ec-878c-7dd928ac85cf,184:ae9a001517d39cec11e3fca4f6d00b9f}(|)Авторинок Перова, Київ, Київська(|)
{"#",47e6dd42-cd5c-4e3a-9bc4-14816ed53d38,66:ae9a001517d39cec11e3fca268ca9904}(|){"#",a2b5aac2-33a7-41ec-878c-7dd928ac85cf,184:ae9a001517d39cec11e3fca4f6d00b9f}(|)Авторинок Перова, Київ, Київська(|)
{"#",47e6dd42-cd5c-4e3a-9bc4-14816ed53d38,66:ae9a001517d39cec11e3fca26edab3ec}(|){"#",a2b5aac2-33a7-41ec-878c-7dd928ac85cf,184:ae9a001517d39cec11e3fca4f6d00b9f}(|)Авторинок Перова, Київ, Київська(|)
{"#",47e6dd42-cd5c-4e3a-9bc4-14816ed53d38,66:ae9a001517d39cec11e3fca293663f64}(|){"#",a2b5aac2-33a7-41ec-878c-7dd928ac85cf,184:ae9a001517d39cec11e3fca4f6d00b9f}(|)Авторинок Перова, Київ, Київська(|)
{"#",47e6dd42-cd5c-4e3a-9bc4-14816ed53d38,66:ae9a001517d39cec11e3fca293663f65}(|){"#",a2b5aac2-33a7-41ec-878c-7dd928ac85cf,184:ae9a001517d39cec11e3fca4f6d00b9f}(|)Авторинок Перова, Київ, Київська(|)
{"#",47e6dd42-cd5c-4e3a-9bc4-14816ed53d38,66:ae9a001517d39cec11e3fca2b810c97a}(|){"#",a2b5aac2-33a7-41ec-878c-7dd928ac85cf,184:ae9a001517d39cec11e3fca4f6d00b9f}(|)Авторинок Перова, Київ, Київська(|)
{"#",47e6dd42-cd5c-4e3a-9bc4-14816ed53d38,66:ae9a001517d39cec11e3fca2fc121ca5}(|){"#",a2b5aac2-33a7-41ec-878c-7dd928ac85cf,184:ae9a001517d39cec11e3fca4f6d00b9f}(|)Авторинок Перова, Київ, Київська(|)
{"#",47e6dd42-cd5c-4e3a-9bc4-14816ed53d38,66:ae9a001517d39cec11e3fca30218ae0f}(|){"#",a2b5aac2-33a7-41ec-878c-7dd928ac85cf,184:ae9a001517d39cec11e3fca4f6d00b9f}(|)Авторинок Перова, Київ, Київська(|)
{"#",47e6dd42-cd5c-4e3a-9bc4-14816ed53d38,66:ae9a001517d39cec11e3fca34b394e97}(|){"#",a2b5aac2-33a7-41ec-878c-7dd928ac85cf,184:ae9a001517d39cec11e3fca4f6d00b9f}(|)Авторинок Перова, Київ, Київська(|)
{"#",47e6dd42-cd5c-4e3a-9bc4-14816ed53d38,66:ae9a001517d39cec11e3fca3bee02040}(|){"#",a2b5aac2-33a7-41ec-878c-7dd928ac85cf,184:ae9a001517d39cec11e3fca4f6d00b9f}(|)Авторинок Перова, Київ, Київська(|)
{"#",47e6dd42-cd5c-4e3a-9bc4-14816ed53d38,66:ae9a001517d39cec11e3fca3d7313c2e}(|){"#",a2b5aac2-33a7-41ec-878c-7dd928ac85cf,184:ae9a001517d39cec11e3fca4f6d00b9f}(|)Авторинок Перова, Київ, Київська(|)
{"#",47e6dd42-cd5c-4e3a-9bc4-14816ed53d38,66:ae9a001517d39cec11e3fca59e94c4c3}(|){"#",a2b5aac2-33a7-41ec-878c-7dd928ac85cf,184:ae9a001517d39cec11e3fca4f6d00b9f}(|)Авторинок Перова, Київ, Київська(|)
{"#",47e6dd42-cd5c-4e3a-9bc4-14816ed53d38,66:ae9a001517d39cec11e3fca5aaa1e7b1}(|){"#",a2b5aac2-33a7-41ec-878c-7dd928ac85cf,184:ae9a001517d39cec11e3fca4f6d00b9f}(|)Авторинок Перова, Київ, Київська(|)
{"#",47e6dd42-cd5c-4e3a-9bc4-14816ed53d38,66:ae9a001517d39cec11e3fca14fbca38c}(|){"#",a2b5aac2-33a7-41ec-878c-7dd928ac85cf,184:ae9a001517d39cec11e3fca4f6d00ba1}(|)Шутова буд № 11-Б, м.Донецьк(|)
{"#",47e6dd42-cd5c-4e3a-9bc4-14816ed53d38,66:ae9a001517d39cec11e3fca31a735369}(|){"#",a2b5aac2-33a7-41ec-878c-7dd928ac85cf,184:ae9a001517d39cec11e3fca4f6d00ba3}(|)Київ, Київська, вул.Лебединська, 8(|)
{"#",47e6dd42-cd5c-4e3a-9bc4-14816ed53d38,66:ae9a001517d39cec11e3fca3a6857af0}(|){"#",a2b5aac2-33a7-41ec-878c-7dd928ac85cf,184:ae9a001517d39cec11e3fca4f6d00ba3}(|)Київ, Київська, вул.Лебединська, 8(|)
{"#",47e6dd42-cd5c-4e3a-9bc4-14816ed53d38,66:ae9a001517d39cec11e3fca3a6857af4}(|){"#",a2b5aac2-33a7-41ec-878c-7dd928ac85cf,184:ae9a001517d39cec11e3fca4f6d00ba3}(|)Київ, Київська, вул.Лебединська, 8(|)
{"#",47e6dd42-cd5c-4e3a-9bc4-14816ed53d38,66:9ce9001517d39cec11e48cff040f05c0}(|){"#",a2b5aac2-33a7-41ec-878c-7dd928ac85cf,184:ae9a001517d39cec11e3fca4f6d00ba5}(|)Київ, Київська, вул.Тираспольська, 43(|)
{"#",47e6dd42-cd5c-4e3a-9bc4-14816ed53d38,66:ae9a001517d39cec11e3fca2ef9c1233}(|){"#",a2b5aac2-33a7-41ec-878c-7dd928ac85cf,184:ae9a001517d39cec11e3fca4f6d00ba5}(|)Київ, Київська, вул.Тираспольська, 43(|)
{"#",47e6dd42-cd5c-4e3a-9bc4-14816ed53d38,66:ae9a001517d39cec11e3fca3b29c2743}(|){"#",a2b5aac2-33a7-41ec-878c-7dd928ac85cf,184:ae9a001517d39cec11e3fca4f6d00ba5}(|)Київ, Київська, вул.Тираспольська, 43(|)
{"#",47e6dd42-cd5c-4e3a-9bc4-14816ed53d38,66:ae9a001517d39cec11e3fca338f5eb31}(|){"#",a2b5aac2-33a7-41ec-878c-7dd928ac85cf,184:ae9a001517d39cec11e3fca4f6d00ba7}(|)Конотоп, Сумська, вул.Троїцька, 9(|)
{"#",47e6dd42-cd5c-4e3a-9bc4-14816ed53d38,66:ae9a001517d39cec11e3fca1bd74bb51}(|){"#",a2b5aac2-33a7-41ec-878c-7dd928ac85cf,184:ae9a001517d39cec11e3fca4f6d00ba9}(|)Конотоп, Сумська, пров.3-й Великого Володимира (Свердлова), 11(|)
{"#",47e6dd42-cd5c-4e3a-9bc4-14816ed53d38,66:ae9a001517d39cec11e3fca23e197d6f}(|){"#",a2b5aac2-33a7-41ec-878c-7dd928ac85cf,184:ae9a001517d39cec11e3fca4f6d00bab}(|)Глухів (Сумська обл.), Сумська, вул.Ломоносова, 37(|)
{"#",47e6dd42-cd5c-4e3a-9bc4-14816ed53d38,66:ae9a001517d39cec11e3fca1e85585eb}(|){"#",a2b5aac2-33a7-41ec-878c-7dd928ac85cf,184:ae9a001517d39cec11e3fca4f6d00bad}(|)Глухів (Сумська обл.), Сумська, вул.Пушкіна, 60(|)
{"#",47e6dd42-cd5c-4e3a-9bc4-14816ed53d38,66:ae9a001517d39cec11e3fca085fe67fd}(|){"#",a2b5aac2-33a7-41ec-878c-7dd928ac85cf,184:ae9a001517d39cec11e3fca4f6d00baf}(|)Глухів (Сумська обл.), Сумська, вул.Терещенків, 55(|)
{"#",47e6dd42-cd5c-4e3a-9bc4-14816ed53d38,66:ae9a001517d39cec11e3fca124fad785}(|){"#",a2b5aac2-33a7-41ec-878c-7dd928ac85cf,184:ae9a001517d39cec11e3fca4f6d00bb1}(|)Глухів (Сумська обл.), Сумська, вул.Путивльська, 62-А(|)
{"#",47e6dd42-cd5c-4e3a-9bc4-14816ed53d38,66:ae9a001517d39cec11e3fca0b0b6aaa0}(|){"#",a2b5aac2-33a7-41ec-878c-7dd928ac85cf,184:ae9a001517d39cec11e3fca4f6d00bb3}(|)Путивль, Сумська, вул.Куйбишева, 33(|)
{"#",47e6dd42-cd5c-4e3a-9bc4-14816ed53d38,66:ae9a001517d39cec11e3fca17a61d365}(|){"#",a2b5aac2-33a7-41ec-878c-7dd928ac85cf,184:ae9a001517d39cec11e3fca4f6d00bb3}(|)Путивль, Сумська, вул.Куйбишева, 33(|)
{"#",47e6dd42-cd5c-4e3a-9bc4-14816ed53d38,66:ae9a001517d39cec11e3fca0c2dfd429}(|){"#",a2b5aac2-33a7-41ec-878c-7dd928ac85cf,184:ae9a001517d39cec11e3fca4f6d00bb6}(|)Вишневе, Київська, вул.Чорновола В'ячеслава, 52(|)
{"#",47e6dd42-cd5c-4e3a-9bc4-14816ed53d38,66:ae9a001517d39cec11e3fca174541ae6}(|){"#",a2b5aac2-33a7-41ec-878c-7dd928ac85cf,184:ae9a001517d39cec11e3fca4f6d00bb8}(|)Путивль, Сумська, вул.Кірова, 63(|)
{"#",47e6dd42-cd5c-4e3a-9bc4-14816ed53d38,66:ae9a001517d39cec11e3fca2b1eb3989}(|){"#",a2b5aac2-33a7-41ec-878c-7dd928ac85cf,184:ae9a001517d39cec11e3fca4f6d00bba}(|)Київ, Київська, вул.Городня, 13(|)
{"#",47e6dd42-cd5c-4e3a-9bc4-14816ed53d38,66:ae9a001517d39cec11e3fca16217de7a}(|){"#",a2b5aac2-33a7-41ec-878c-7dd928ac85cf,184:ae9a001517d39cec11e3fca4f6d00bbc}(|)Путивль, Сумська, вул.Партизанська, 93(|)
{"#",47e6dd42-cd5c-4e3a-9bc4-14816ed53d38,66:ae9a001517d39cec11e3fca268ca990a}(|){"#",a2b5aac2-33a7-41ec-878c-7dd928ac85cf,184:ae9a001517d39cec11e3fca4f6d00bbe}(|)Ворожба (Білопільський р-н), Сумська, вул.Леніна, 150-А(|)
{"#",47e6dd42-cd5c-4e3a-9bc4-14816ed53d38,66:ae9a001517d39cec11e3fca06dcead0f}(|){"#",a2b5aac2-33a7-41ec-878c-7dd928ac85cf,184:ae9a001517d39cec11e3fca4f6d00bc0}(|)Авторинок Батуринська, Конотоп, Сумська(|)
{"#",47e6dd42-cd5c-4e3a-9bc4-14816ed53d38,66:ae9a001517d39cec11e3fca192cf8b8e}(|){"#",a2b5aac2-33a7-41ec-878c-7dd928ac85cf,184:ae9a001517d39cec11e3fca4f6d00bc0}(|)Авторинок Батуринська, Конотоп, Сумська(|)
{"#",47e6dd42-cd5c-4e3a-9bc4-14816ed53d38,66:ae9a001517d39cec11e3fca198c7ced8}(|){"#",a2b5aac2-33a7-41ec-878c-7dd928ac85cf,184:ae9a001517d39cec11e3fca4f6d00bc0}(|)Авторинок Батуринська, Конотоп, Сумська(|)
{"#",47e6dd42-cd5c-4e3a-9bc4-14816ed53d38,66:ae9a001517d39cec11e3fca1d612227b}(|){"#",a2b5aac2-33a7-41ec-878c-7dd928ac85cf,184:ae9a001517d39cec11e3fca4f6d00bc0}(|)Авторинок Батуринська, Конотоп, Сумська(|)
{"#",47e6dd42-cd5c-4e3a-9bc4-14816ed53d38,66:ae9a001517d39cec11e3fca1d612227c}(|){"#",a2b5aac2-33a7-41ec-878c-7dd928ac85cf,184:ae9a001517d39cec11e3fca4f6d00bc0}(|)Авторинок Батуринська, Конотоп, Сумська(|)
{"#",47e6dd42-cd5c-4e3a-9bc4-14816ed53d38,66:ae9a001517d39cec11e3fca25093b6f1}(|){"#",a2b5aac2-33a7-41ec-878c-7dd928ac85cf,184:ae9a001517d39cec11e3fca4f6d00bc0}(|)Авторинок Батуринська, Конотоп, Сумська(|)
{"#",47e6dd42-cd5c-4e3a-9bc4-14816ed53d38,66:ae9a001517d39cec11e3fca27b105ec0}(|){"#",a2b5aac2-33a7-41ec-878c-7dd928ac85cf,184:ae9a001517d39cec11e3fca4f6d00bc0}(|)Авторинок Батуринська, Конотоп, Сумська(|)
{"#",47e6dd42-cd5c-4e3a-9bc4-14816ed53d38,66:ae9a001517d39cec11e3fca2fc121c9f}(|){"#",a2b5aac2-33a7-41ec-878c-7dd928ac85cf,184:ae9a001517d39cec11e3fca4f6d00bc0}(|)Авторинок Батуринська, Конотоп, Сумська(|)
{"#",47e6dd42-cd5c-4e3a-9bc4-14816ed53d38,66:ae9a001517d39cec11e3fca3c4eb7667}(|){"#",a2b5aac2-33a7-41ec-878c-7dd928ac85cf,184:ae9a001517d39cec11e3fca4f6d00bc0}(|)Авторинок Батуринська, Конотоп, Сумська(|)
{"#",47e6dd42-cd5c-4e3a-9bc4-14816ed53d38,66:ae9a001517d39cec11e3fca192cf8b8d}(|){"#",a2b5aac2-33a7-41ec-878c-7dd928ac85cf,184:ae9a001517d39cec11e3fca4fccab128}(|)Конотоп, Сумська, вул.Вирівська, 4(|)
{"#",47e6dd42-cd5c-4e3a-9bc4-14816ed53d38,66:ae9a001517d39cec11e3fca0b0b6aab4}(|){"#",a2b5aac2-33a7-41ec-878c-7dd928ac85cf,184:ae9a001517d39cec11e3fca4fccab12a}(|)Білопілля, Сумська, вул.Бані Павла, 115(|)
{"#",47e6dd42-cd5c-4e3a-9bc4-14816ed53d38,66:ae9a001517d39cec11e3fca19efe0f52}(|){"#",a2b5aac2-33a7-41ec-878c-7dd928ac85cf,184:ae9a001517d39cec11e3fca4fccab12c}(|)Білопілля, Сумська, вул.Бані Павла, 30(|)
{"#",47e6dd42-cd5c-4e3a-9bc4-14816ed53d38,66:ae9a001517d39cec11e3fca186c00641}(|){"#",a2b5aac2-33a7-41ec-878c-7dd928ac85cf,184:ae9a001517d39cec11e3fca4fccab12e}(|)Білопілля, Сумська, вул.Лермонтова, 1(|)
{"#",47e6dd42-cd5c-4e3a-9bc4-14816ed53d38,66:ae9a001517d39cec11e3fca24a53ed16}(|){"#",a2b5aac2-33a7-41ec-878c-7dd928ac85cf,184:ae9a001517d39cec11e3fca4fccab132}(|)Буринь, Сумська, вул.Бєдного Дем'яна, 19-Б(|)
{"#",47e6dd42-cd5c-4e3a-9bc4-14816ed53d38,66:ae9a001517d39cec11e3fca0b0b6aaa3}(|){"#",a2b5aac2-33a7-41ec-878c-7dd928ac85cf,184:ae9a001517d39cec11e3fca4fccab134}(|)Путивль, Сумська, вул.Кірова, 16(|)
{"#",47e6dd42-cd5c-4e3a-9bc4-14816ed53d38,66:ae9a001517d39cec11e3fc9fe332d6d5}(|){"#",a2b5aac2-33a7-41ec-878c-7dd928ac85cf,184:ae9a001517d39cec11e3fca4fccab136}(|)Буринь, Сумська, вул.Чкалова, 4(|)
{"#",47e6dd42-cd5c-4e3a-9bc4-14816ed53d38,66:ae9a001517d39cec11e3fca0b6bd3c15}(|){"#",a2b5aac2-33a7-41ec-878c-7dd928ac85cf,184:ae9a001517d39cec11e3fca4fccab136}(|)Буринь, Сумська, вул.Чкалова, 4(|)
{"#",47e6dd42-cd5c-4e3a-9bc4-14816ed53d38,66:ae9a001517d39cec11e3fca268ca9905}(|){"#",a2b5aac2-33a7-41ec-878c-7dd928ac85cf,184:ae9a001517d39cec11e3fca4fccab136}(|)Буринь, Сумська, вул.Чкалова, 4(|)
{"#",47e6dd42-cd5c-4e3a-9bc4-14816ed53d38,66:ae9a001517d39cec11e3fca0b0b6aaa2}(|){"#",a2b5aac2-33a7-41ec-878c-7dd928ac85cf,184:ae9a001517d39cec11e3fca4fccab138}(|)Буринь, Сумська, вул.Комсомольська, 4(|)
{"#",47e6dd42-cd5c-4e3a-9bc4-14816ed53d38,66:ae9a001517d39cec11e3fca2b810c97b}(|){"#",a2b5aac2-33a7-41ec-878c-7dd928ac85cf,184:ae9a001517d39cec11e3fca4fccab138}(|)Буринь, Сумська, вул.Комсомольська, 4(|)
{"#",47e6dd42-cd5c-4e3a-9bc4-14816ed53d38,66:ae9a001517d39cec11e3fca1bd74bb4b}(|){"#",a2b5aac2-33a7-41ec-878c-7dd928ac85cf,184:ae9a001517d39cec11e3fca4fccab13a}(|)Конотоп, Сумська, вул.Лазаревського, 9(|)
{"#",47e6dd42-cd5c-4e3a-9bc4-14816ed53d38,66:ae9a001517d39cec11e3fca268ca9906}(|){"#",a2b5aac2-33a7-41ec-878c-7dd928ac85cf,184:ae9a001517d39cec11e3fca4fccab13a}(|)Конотоп, Сумська, вул.Лазаревського, 9(|)
{"#",47e6dd42-cd5c-4e3a-9bc4-14816ed53d38,66:ae9a001517d39cec11e3fca0edab2999}(|){"#",a2b5aac2-33a7-41ec-878c-7dd928ac85cf,184:ae9a001517d39cec11e3fca4fccab13c}(|)Конотоп, Сумська, вул.Батуринська, 7(|)
{"#",47e6dd42-cd5c-4e3a-9bc4-14816ed53d38,66:ae9a001517d39cec11e3fca061bcc577}(|){"#",a2b5aac2-33a7-41ec-878c-7dd928ac85cf,184:ae9a001517d39cec11e3fca4fccab13e}(|)Васильків (Київська обл., Васильківський р-н), Київська, вул.Княжа (Колгоспна), 56(|)
{"#",47e6dd42-cd5c-4e3a-9bc4-14816ed53d38,66:ae9a001517d39cec11e3fca37bdde8be}(|){"#",a2b5aac2-33a7-41ec-878c-7dd928ac85cf,184:ae9a001517d39cec11e3fca4fccab140}(|)Чернігів, Чернігівська, вул.Бєлова Генерала, 28(|)
{"#",47e6dd42-cd5c-4e3a-9bc4-14816ed53d38,66:ae9a001517d39cec11e3fca124fad784}(|){"#",a2b5aac2-33a7-41ec-878c-7dd928ac85cf,184:ae9a001517d39cec11e3fca4fccab142}(|)Васильків (Київська обл., Васильківський р-н), Київська, вул.Соборна, 72(|)
{"#",47e6dd42-cd5c-4e3a-9bc4-14816ed53d38,66:ae9a001517d39cec11e3fca4fccab145}(|){"#",a2b5aac2-33a7-41ec-878c-7dd928ac85cf,184:ae9a001517d39cec11e3fca4fccab144}(|)Бровари, Київська, вул.Київська, 11-Б(|)Київська буд № 11-Б, Бровари, Київська, Київська
{"#",47e6dd42-cd5c-4e3a-9bc4-14816ed53d38,66:ae9a001517d39cec11e3fca3085150f2}(|){"#",a2b5aac2-33a7-41ec-878c-7dd928ac85cf,184:ae9a001517d39cec11e3fca4fccab147}(|)Бровари, Київська, вул.Лісова, 2(|)
{"#",47e6dd42-cd5c-4e3a-9bc4-14816ed53d38,66:ae9a001517d39cec11e3fca338f5eb2c}(|){"#",a2b5aac2-33a7-41ec-878c-7dd928ac85cf,184:ae9a001517d39cec11e3fca4fccab147}(|)Бровари, Київська, вул.Лісова, 2(|)
{"#",47e6dd42-cd5c-4e3a-9bc4-14816ed53d38,66:ae9a001517d39cec11e3fca25093b6fc}(|){"#",a2b5aac2-33a7-41ec-878c-7dd928ac85cf,184:ae9a001517d39cec11e3fca4fccab149}(|)Бровари, Київська, вул.Київська, 227/1(|)
{"#",47e6dd42-cd5c-4e3a-9bc4-14816ed53d38,66:ae9a001517d39cec11e3fc9fef4e47bf}(|){"#",a2b5aac2-33a7-41ec-878c-7dd928ac85cf,184:ae9a001517d39cec11e3fca4fccab14b}(|)Бровари, Київська, вул.Київська, 112(|)
{"#",47e6dd42-cd5c-4e3a-9bc4-14816ed53d38,66:ae9a001517d39cec11e3fca085fe6815}(|){"#",a2b5aac2-33a7-41ec-878c-7dd928ac85cf,184:ae9a001517d39cec11e3fca4fccab14b}(|)Бровари, Київська, вул.Київська, 112(|)
{"#",47e6dd42-cd5c-4e3a-9bc4-14816ed53d38,66:ae9a001517d39cec11e3fca1373713e3}(|){"#",a2b5aac2-33a7-41ec-878c-7dd928ac85cf,184:ae9a001517d39cec11e3fca4fccab14b}(|)Бровари, Київська, вул.Київська, 112(|)
{"#",47e6dd42-cd5c-4e3a-9bc4-14816ed53d38,66:ae9a001517d39cec11e3fca26edab3e6}(|){"#",a2b5aac2-33a7-41ec-878c-7dd928ac85cf,184:ae9a001517d39cec11e3fca4fccab14b}(|)Бровари, Київська, вул.Київська, 112(|)
{"#",47e6dd42-cd5c-4e3a-9bc4-14816ed53d38,66:ae9a001517d39cec11e3fca1f470f6f8}(|){"#",a2b5aac2-33a7-41ec-878c-7dd928ac85cf,184:ae9a001517d39cec11e3fca4fccab14e}(|)Бровари, Київська, вул.Москаленка Сергія (Красовського Маршала), 20(|)
{"#",47e6dd42-cd5c-4e3a-9bc4-14816ed53d38,66:ae9a001517d39cec11e3fca12b0fb725}(|){"#",a2b5aac2-33a7-41ec-878c-7dd928ac85cf,184:ae9a001517d39cec11e3fca4fccab150}(|)Бровари, Київська, вул.Мудрого Ярослава (Кірова), 55-Б(|)
{"#",47e6dd42-cd5c-4e3a-9bc4-14816ed53d38,66:ae9a001517d39cec11e3fca24435840e}(|){"#",a2b5aac2-33a7-41ec-878c-7dd928ac85cf,184:ae9a001517d39cec11e3fca4fccab152}(|)Бровари, Київська, вул.Київська, 95(|)
{"#",47e6dd42-cd5c-4e3a-9bc4-14816ed53d38,66:9298001517d39cec11e5ed1dbe4cca6a}(|){"#",a2b5aac2-33a7-41ec-878c-7dd928ac85cf,184:ae9a001517d39cec11e3fca4fccab154}(|)Бровари, Київська, вул.Броварської сотні (Чкалова), 13(|)
{"#",47e6dd42-cd5c-4e3a-9bc4-14816ed53d38,66:ae9a001517d39cec11e3fca186c00636}(|){"#",a2b5aac2-33a7-41ec-878c-7dd928ac85cf,184:ae9a001517d39cec11e3fca4fccab154}(|)Бровари, Київська, вул.Броварської сотні (Чкалова), 13(|)
{"#",47e6dd42-cd5c-4e3a-9bc4-14816ed53d38,66:ae9a001517d39cec11e3fca1dc32edd1}(|){"#",a2b5aac2-33a7-41ec-878c-7dd928ac85cf,184:ae9a001517d39cec11e3fca4fccab154}(|)Бровари, Київська, вул.Броварської сотні (Чкалова), 13(|)
{"#",47e6dd42-cd5c-4e3a-9bc4-14816ed53d38,66:ae9a001517d39cec11e3fca1ab08cfe8}(|){"#",a2b5aac2-33a7-41ec-878c-7dd928ac85cf,184:ae9a001517d39cec11e3fca4fccab156}(|)Бровари, Київська, вул.Мудрого Ярослава (Кірова), 14(|)
{"#",47e6dd42-cd5c-4e3a-9bc4-14816ed53d38,66:ae9a001517d39cec11e3fca05bbfbd6d}(|){"#",a2b5aac2-33a7-41ec-878c-7dd928ac85cf,184:ae9a001517d39cec11e3fca4fccab158}(|)Бровари, Київська, вул.Київська, 149(|)
{"#",47e6dd42-cd5c-4e3a-9bc4-14816ed53d38,66:ae9a001517d39cec11e3fca2568e5ca5}(|){"#",a2b5aac2-33a7-41ec-878c-7dd928ac85cf,184:ae9a001517d39cec11e3fca4fccab158}(|)Бровари, Київська, вул.Київська, 149(|)
{"#",47e6dd42-cd5c-4e3a-9bc4-14816ed53d38,66:ae9a001517d39cec11e3fca0a45ada2c}(|){"#",a2b5aac2-33a7-41ec-878c-7dd928ac85cf,184:ae9a001517d39cec11e3fca4fccab15c}(|)Бровари, Київська, вул.Металургів, 51(|)
{"#",47e6dd42-cd5c-4e3a-9bc4-14816ed53d38,66:ae9a001517d39cec11e3fca26edab3eb}(|){"#",a2b5aac2-33a7-41ec-878c-7dd928ac85cf,184:ae9a001517d39cec11e3fca4fccab15e}(|)Київ, Київська, вул.Оноре де Бальзака, 12(|)
{"#",47e6dd42-cd5c-4e3a-9bc4-14816ed53d38,66:ae9a001517d39cec11e3fca35171f16a}(|){"#",a2b5aac2-33a7-41ec-878c-7dd928ac85cf,184:ae9a001517d39cec11e3fca4fccab15e}(|)Київ, Київська, вул.Оноре де Бальзака, 12(|)
{"#",47e6dd42-cd5c-4e3a-9bc4-14816ed53d38,66:ae9a001517d39cec11e3fca12b0fb718}(|){"#",a2b5aac2-33a7-41ec-878c-7dd928ac85cf,184:ae9a001517d39cec11e3fca4fccab161}(|)Васильків (Київська обл., Васильківський р-н), Київська, вул.Соборна, 62(|)
{"#",47e6dd42-cd5c-4e3a-9bc4-14816ed53d38,66:ae9a001517d39cec11e3fca067bc2fc5}(|){"#",a2b5aac2-33a7-41ec-878c-7dd928ac85cf,184:ae9a001517d39cec11e3fca4fccab163}(|)Авторинок Вересневий, Київ, Київська(|)
{"#",47e6dd42-cd5c-4e3a-9bc4-14816ed53d38,66:ae9a001517d39cec11e3fca067bc2fc7}(|){"#",a2b5aac2-33a7-41ec-878c-7dd928ac85cf,184:ae9a001517d39cec11e3fca4fccab163}(|)Авторинок Вересневий, Київ, Київська(|)
{"#",47e6dd42-cd5c-4e3a-9bc4-14816ed53d38,66:ae9a001517d39cec11e3fca09e56aaf8}(|){"#",a2b5aac2-33a7-41ec-878c-7dd928ac85cf,184:ae9a001517d39cec11e3fca4fccab163}(|)Авторинок Вересневий, Київ, Київська(|)
{"#",47e6dd42-cd5c-4e3a-9bc4-14816ed53d38,66:ae9a001517d39cec11e3fca0c8fbdadb}(|){"#",a2b5aac2-33a7-41ec-878c-7dd928ac85cf,184:ae9a001517d39cec11e3fca4fccab163}(|)Авторинок Вересневий, Київ, Київська(|)
{"#",47e6dd42-cd5c-4e3a-9bc4-14816ed53d38,66:ae9a001517d39cec11e3fca0d533e807}(|){"#",a2b5aac2-33a7-41ec-878c-7dd928ac85cf,184:ae9a001517d39cec11e3fca4fccab163}(|)Авторинок Вересневий, Київ, Київська(|)
{"#",47e6dd42-cd5c-4e3a-9bc4-14816ed53d38,66:ae9a001517d39cec11e3fca0fa0497cf}(|){"#",a2b5aac2-33a7-41ec-878c-7dd928ac85cf,184:ae9a001517d39cec11e3fca4fccab163}(|)Авторинок Вересневий, Київ, Київська(|)
{"#",47e6dd42-cd5c-4e3a-9bc4-14816ed53d38,66:ae9a001517d39cec11e3fca15c114d0c}(|){"#",a2b5aac2-33a7-41ec-878c-7dd928ac85cf,184:ae9a001517d39cec11e3fca4fccab163}(|)Авторинок Вересневий, Київ, Київська(|)
{"#",47e6dd42-cd5c-4e3a-9bc4-14816ed53d38,66:ae9a001517d39cec11e3fca16e229f09}(|){"#",a2b5aac2-33a7-41ec-878c-7dd928ac85cf,184:ae9a001517d39cec11e3fca4fccab163}(|)Авторинок Вересневий, Київ, Київська(|)
{"#",47e6dd42-cd5c-4e3a-9bc4-14816ed53d38,66:ae9a001517d39cec11e3fca17a61d359}(|){"#",a2b5aac2-33a7-41ec-878c-7dd928ac85cf,184:ae9a001517d39cec11e3fca4fccab163}(|)Авторинок Вересневий, Київ, Київська(|)
{"#",47e6dd42-cd5c-4e3a-9bc4-14816ed53d38,66:ae9a001517d39cec11e3fca17a61d35d}(|){"#",a2b5aac2-33a7-41ec-878c-7dd928ac85cf,184:ae9a001517d39cec11e3fca4fccab163}(|)Авторинок Вересневий, Київ, Київська(|)
{"#",47e6dd42-cd5c-4e3a-9bc4-14816ed53d38,66:ae9a001517d39cec11e3fca18cc1d30a}(|){"#",a2b5aac2-33a7-41ec-878c-7dd928ac85cf,184:ae9a001517d39cec11e3fca4fccab163}(|)Авторинок Вересневий, Київ, Київська(|)
{"#",47e6dd42-cd5c-4e3a-9bc4-14816ed53d38,66:ae9a001517d39cec11e3fca1b7433f83}(|){"#",a2b5aac2-33a7-41ec-878c-7dd928ac85cf,184:ae9a001517d39cec11e3fca4fccab163}(|)Авторинок Вересневий, Київ, Київська(|)
{"#",47e6dd42-cd5c-4e3a-9bc4-14816ed53d38,66:ae9a001517d39cec11e3fca1c9c964d3}(|){"#",a2b5aac2-33a7-41ec-878c-7dd928ac85cf,184:ae9a001517d39cec11e3fca4fccab163}(|)Авторинок Вересневий, Київ, Київська(|)
{"#",47e6dd42-cd5c-4e3a-9bc4-14816ed53d38,66:ae9a001517d39cec11e3fca2008eca55}(|){"#",a2b5aac2-33a7-41ec-878c-7dd928ac85cf,184:ae9a001517d39cec11e3fca4fccab163}(|)Авторинок Вересневий, Київ, Київська(|)
{"#",47e6dd42-cd5c-4e3a-9bc4-14816ed53d38,66:ae9a001517d39cec11e3fca394578cb7}(|){"#",a2b5aac2-33a7-41ec-878c-7dd928ac85cf,184:ae9a001517d39cec11e3fca4fccab163}(|)Авторинок Вересневий, Київ, Київська(|)
{"#",47e6dd42-cd5c-4e3a-9bc4-14816ed53d38,66:ae9a001517d39cec11e3fca3e979644e}(|){"#",a2b5aac2-33a7-41ec-878c-7dd928ac85cf,184:ae9a001517d39cec11e3fca4fccab165}(|)Київ, Київська, вул.Бережанська, 15(|)
{"#",47e6dd42-cd5c-4e3a-9bc4-14816ed53d38,66:ae9a001517d39cec11e3fca1681c0da8}(|){"#",a2b5aac2-33a7-41ec-878c-7dd928ac85cf,184:ae9a001517d39cec11e3fca4fccab167}(|)Київ, Київська, вул.Туполєва Академіка, 19(|)
{"#",47e6dd42-cd5c-4e3a-9bc4-14816ed53d38,66:ae9a001517d39cec11e3fca2dd15ed07}(|){"#",a2b5aac2-33a7-41ec-878c-7dd928ac85cf,184:ae9a001517d39cec11e3fca4fccab167}(|)Київ, Київська, вул.Туполєва Академіка, 19(|)№19
{"#",47e6dd42-cd5c-4e3a-9bc4-14816ed53d38,66:ae9a001517d39cec11e3fca25cb64f03}(|){"#",a2b5aac2-33a7-41ec-878c-7dd928ac85cf,184:ae9a001517d39cec11e3fca4fccab169}(|)Краснопілля (Сумська обл.), Сумська, пров.Комунальний, 1(|)
{"#",47e6dd42-cd5c-4e3a-9bc4-14816ed53d38,66:ae9a001517d39cec11e3fca369ad9823}(|){"#",a2b5aac2-33a7-41ec-878c-7dd928ac85cf,184:ae9a001517d39cec11e3fca4fccab169}(|)Краснопілля (Сумська обл.), Сумська, пров.Комунальний, 1(|)
{"#",47e6dd42-cd5c-4e3a-9bc4-14816ed53d38,66:ae9a001517d39cec11e3fca198c7ced7}(|){"#",a2b5aac2-33a7-41ec-878c-7dd928ac85cf,184:ae9a001517d39cec11e3fca4fccab16b}(|)Талалаївка (Талалаївський р-н., Чернігівська обл.), Чернігівська, вул.Вокзальна, 1(|)
{"#",47e6dd42-cd5c-4e3a-9bc4-14816ed53d38,66:ae9a001517d39cec11e3fca4fccab171}(|){"#",a2b5aac2-33a7-41ec-878c-7dd928ac85cf,184:ae9a001517d39cec11e3fca4fccab170}(|)вул.Пролетарська буд № 48, м.Рені, Одеська обл.(|)
{"#",47e6dd42-cd5c-4e3a-9bc4-14816ed53d38,66:ae9a001517d39cec11e3fca2abb4f90c}(|){"#",a2b5aac2-33a7-41ec-878c-7dd928ac85cf,184:ae9a001517d39cec11e3fca4fccab173}(|)Шостка, Сумська, вул.Короленка, 41(|)
{"#",47e6dd42-cd5c-4e3a-9bc4-14816ed53d38,66:ae9a001517d39cec11e3fca32695eb87}(|){"#",a2b5aac2-33a7-41ec-878c-7dd928ac85cf,184:ae9a001517d39cec11e3fca4fccab176}(|)Київ, Київська, вул.Донецька, 10(|)№10/21
{"#",47e6dd42-cd5c-4e3a-9bc4-14816ed53d38,66:ae9a001517d39cec11e3fca35da9feab}(|){"#",a2b5aac2-33a7-41ec-878c-7dd928ac85cf,184:ae9a001517d39cec11e3fca4fccab178}(|)Київ, Київська, вул.Брановицького Ігоря (Перспективна), 4(|)
{"#",47e6dd42-cd5c-4e3a-9bc4-14816ed53d38,66:ae9a001517d39cec11e3fca225bc75c8}(|){"#",a2b5aac2-33a7-41ec-878c-7dd928ac85cf,184:ae9a001517d39cec11e3fca502c7b936}(|)Славутич, Чернігівська, кварталКиївський, 14(|)
{"#",47e6dd42-cd5c-4e3a-9bc4-14816ed53d38,66:ae9a001517d39cec11e3fca1d6122276}(|){"#",a2b5aac2-33a7-41ec-878c-7dd928ac85cf,184:ae9a001517d39cec11e3fca502c7b938}(|)Славутич, Чернігівська, вул.Чернігівська, 2(|)
{"#",47e6dd42-cd5c-4e3a-9bc4-14816ed53d38,66:ae9a001517d39cec11e3fca3c4eb7666}(|){"#",a2b5aac2-33a7-41ec-878c-7dd928ac85cf,184:ae9a001517d39cec11e3fca502c7b93a}(|)Славутич, Чернігівська, вул.Фестивальна, 8(|)
{"#",47e6dd42-cd5c-4e3a-9bc4-14816ed53d38,66:ae9a001517d39cec11e3fca16e229f10}(|){"#",a2b5aac2-33a7-41ec-878c-7dd928ac85cf,184:ae9a001517d39cec11e3fca502c7b93c}(|)Славутич, Чернігівська, проїздКаштановий, 5(|)Проїзд Каштановий ГСК Мустанг, Славутич, Київська, Київська, 7 100
{"#",47e6dd42-cd5c-4e3a-9bc4-14816ed53d38,66:ae9a001517d39cec11e3fca2be3b1e46}(|){"#",a2b5aac2-33a7-41ec-878c-7dd928ac85cf,184:ae9a001517d39cec11e3fca502c7b93c}(|)Славутич, Чернігівська, проїздКаштановий, 5(|)
{"#",47e6dd42-cd5c-4e3a-9bc4-14816ed53d38,66:ae9a001517d39cec11e3fca35da9feaa}(|){"#",a2b5aac2-33a7-41ec-878c-7dd928ac85cf,184:ae9a001517d39cec11e3fca502c7b93f}(|)Запоріжжя, Запорізька, вул.Східна, 9(|)
{"#",47e6dd42-cd5c-4e3a-9bc4-14816ed53d38,66:ae9a001517d39cec11e3fca3880c6ca7}(|){"#",a2b5aac2-33a7-41ec-878c-7dd928ac85cf,184:ae9a001517d39cec11e3fca502c7b941}(|)Черкаси, Черкаська, вул.Смілянська, 127(|)
{"#",47e6dd42-cd5c-4e3a-9bc4-14816ed53d38,66:ae9a001517d39cec11e3fca3e979644b}(|){"#",a2b5aac2-33a7-41ec-878c-7dd928ac85cf,184:ae9a001517d39cec11e3fca502c7b944}(|)Авторинок Ореховський, Запоріжжя, Запорізька(|)
{"#",47e6dd42-cd5c-4e3a-9bc4-14816ed53d38,66:ae9a001517d39cec11e3fca2b1eb3973}(|){"#",a2b5aac2-33a7-41ec-878c-7dd928ac85cf,184:ae9a001517d39cec11e3fca502c7b946}(|)Київ, Київська, вул.Каховська, 60(|)
{"#",47e6dd42-cd5c-4e3a-9bc4-14816ed53d38,66:ae63001517d39cec11e674064fb11f14}(|){"#",a2b5aac2-33a7-41ec-878c-7dd928ac85cf,184:ae9a001517d39cec11e3fca502c7b948}(|)Авторинок 12-Квартал, Дніпро, Дніпропетровська(|)
{"#",47e6dd42-cd5c-4e3a-9bc4-14816ed53d38,66:ae9a001517d39cec11e3fca1436597b7}(|){"#",a2b5aac2-33a7-41ec-878c-7dd928ac85cf,184:ae9a001517d39cec11e3fca502c7b948}(|)Авторинок 12-Квартал, Дніпро, Дніпропетровська(|)
{"#",47e6dd42-cd5c-4e3a-9bc4-14816ed53d38,66:ae9a001517d39cec11e3fca149a09cec}(|){"#",a2b5aac2-33a7-41ec-878c-7dd928ac85cf,184:ae9a001517d39cec11e3fca502c7b948}(|)Авторинок 12-Квартал, Дніпро, Дніпропетровська(|)
{"#",47e6dd42-cd5c-4e3a-9bc4-14816ed53d38,66:ae9a001517d39cec11e3fca1e240a657}(|){"#",a2b5aac2-33a7-41ec-878c-7dd928ac85cf,184:ae9a001517d39cec11e3fca502c7b948}(|)Авторинок 12-Квартал, Дніпро, Дніпропетровська(|)
{"#",47e6dd42-cd5c-4e3a-9bc4-14816ed53d38,66:ae9a001517d39cec11e3fca1ee765148}(|){"#",a2b5aac2-33a7-41ec-878c-7dd928ac85cf,184:ae9a001517d39cec11e3fca502c7b948}(|)Авторинок 12-Квартал, Дніпро, Дніпропетровська(|)
{"#",47e6dd42-cd5c-4e3a-9bc4-14816ed53d38,66:ae9a001517d39cec11e3fca237fd76cb}(|){"#",a2b5aac2-33a7-41ec-878c-7dd928ac85cf,184:ae9a001517d39cec11e3fca502c7b948}(|)Авторинок 12-Квартал, Дніпро, Дніпропетровська(|)
{"#",47e6dd42-cd5c-4e3a-9bc4-14816ed53d38,66:ae9a001517d39cec11e3fca24435840f}(|){"#",a2b5aac2-33a7-41ec-878c-7dd928ac85cf,184:ae9a001517d39cec11e3fca502c7b948}(|)Авторинок 12-Квартал, Дніпро, Дніпропетровська(|)
{"#",47e6dd42-cd5c-4e3a-9bc4-14816ed53d38,66:ae9a001517d39cec11e3fca30e4bf6a4}(|){"#",a2b5aac2-33a7-41ec-878c-7dd928ac85cf,184:ae9a001517d39cec11e3fca502c7b948}(|)Авторинок 12-Квартал, Дніпро, Дніпропетровська(|)
{"#",47e6dd42-cd5c-4e3a-9bc4-14816ed53d38,66:ae9a001517d39cec11e3fca32085d0ae}(|){"#",a2b5aac2-33a7-41ec-878c-7dd928ac85cf,184:ae9a001517d39cec11e3fca502c7b948}(|)Авторинок 12-Квартал, Дніпро, Дніпропетровська(|)
{"#",47e6dd42-cd5c-4e3a-9bc4-14816ed53d38,66:ae9a001517d39cec11e3fca345351f6a}(|){"#",a2b5aac2-33a7-41ec-878c-7dd928ac85cf,184:ae9a001517d39cec11e3fca502c7b948}(|)Авторинок 12-Квартал, Дніпро, Дніпропетровська(|)
{"#",47e6dd42-cd5c-4e3a-9bc4-14816ed53d38,66:ae9a001517d39cec11e3fca345351f76}(|){"#",a2b5aac2-33a7-41ec-878c-7dd928ac85cf,184:ae9a001517d39cec11e3fca502c7b948}(|)Авторинок 12-Квартал, Дніпро, Дніпропетровська(|)
{"#",47e6dd42-cd5c-4e3a-9bc4-14816ed53d38,66:ae9a001517d39cec11e3fca394578caa}(|){"#",a2b5aac2-33a7-41ec-878c-7dd928ac85cf,184:ae9a001517d39cec11e3fca502c7b948}(|)Авторинок 12-Квартал, Дніпро, Дніпропетровська(|)
{"#",47e6dd42-cd5c-4e3a-9bc4-14816ed53d38,66:ae9a001517d39cec11e3fca3dd415708}(|){"#",a2b5aac2-33a7-41ec-878c-7dd928ac85cf,184:ae9a001517d39cec11e3fca502c7b948}(|)Авторинок 12-Квартал, Дніпро, Дніпропетровська(|)
{"#",47e6dd42-cd5c-4e3a-9bc4-14816ed53d38,66:ae9a001517d39cec11e3fca32695eb88}(|){"#",a2b5aac2-33a7-41ec-878c-7dd928ac85cf,184:ae9a001517d39cec11e3fca502c7b94b}(|)Царичанка, Дніпропетровська, вул.Будьоного, 2(|)
{"#",47e6dd42-cd5c-4e3a-9bc4-14816ed53d38,66:ae9a001517d39cec11e3fca0c2dfd428}(|){"#",a2b5aac2-33a7-41ec-878c-7dd928ac85cf,184:ae9a001517d39cec11e3fca502c7b94d}(|)Семиполки, Київська, вул.Старий Шлях, СТО Пішохідний міст1(|)СТО пішохідний міст буд № 6, Cеміполки, Київська, Київська
{"#",47e6dd42-cd5c-4e3a-9bc4-14816ed53d38,66:ae9a001517d39cec11e3fca11eed1f00}(|){"#",a2b5aac2-33a7-41ec-878c-7dd928ac85cf,184:ae9a001517d39cec11e3fca502c7b94f}(|)Чернігівська, Чернігівська(|)Чернігівська, Чернігівська
{"#",47e6dd42-cd5c-4e3a-9bc4-14816ed53d38,66:ae9a001517d39cec11e3fca3a07a24ce}(|){"#",a2b5aac2-33a7-41ec-878c-7dd928ac85cf,184:ae9a001517d39cec11e3fca502c7b951}(|)Павлоград, Дніпропетровська, вул.Центральна (Маркса Карла), 96/1(|)
{"#",47e6dd42-cd5c-4e3a-9bc4-14816ed53d38,66:ae9a001517d39cec11e3fca118d37aca}(|){"#",a2b5aac2-33a7-41ec-878c-7dd928ac85cf,184:ae9a001517d39cec11e3fca502c7b953}(|)Дніпро, Дніпропетровська, вул.Байкальська, 6(|)
{"#",47e6dd42-cd5c-4e3a-9bc4-14816ed53d38,66:ae9a001517d39cec11e3fca11eed1f03}(|){"#",a2b5aac2-33a7-41ec-878c-7dd928ac85cf,184:ae9a001517d39cec11e3fca502c7b955}(|)Дніпро, Дніпропетровська, вул.Лугівська, 250(|)
{"#",47e6dd42-cd5c-4e3a-9bc4-14816ed53d38,66:ae9a001517d39cec11e3fca3cae87e82}(|){"#",a2b5aac2-33a7-41ec-878c-7dd928ac85cf,184:ae9a001517d39cec11e3fca502c7b959}(|)Дніпро, Дніпропетровська, вул.Інгульська (Кіровоградська), 58(|)
{"#",47e6dd42-cd5c-4e3a-9bc4-14816ed53d38,66:ae9a001517d39cec11e3fca345351f6c}(|){"#",a2b5aac2-33a7-41ec-878c-7dd928ac85cf,184:ae9a001517d39cec11e3fca502c7b95b}(|)Дніпро, Дніпропетровська, вул.Передова, 696(|)
{"#",47e6dd42-cd5c-4e3a-9bc4-14816ed53d38,66:ae9a001517d39cec11e3fca262c8cc45}(|){"#",a2b5aac2-33a7-41ec-878c-7dd928ac85cf,184:ae9a001517d39cec11e3fca502c7b960}(|)Дніпро, Дніпропетровська, вул.Журналістів, 5-А(|)
{"#",47e6dd42-cd5c-4e3a-9bc4-14816ed53d38,66:ae9a001517d39cec11e3fca186c0063e}(|){"#",a2b5aac2-33a7-41ec-878c-7dd928ac85cf,184:ae9a001517d39cec11e3fca502c7b962}(|)Авторинок Новоорловский, Дніпро, Дніпропетровська(|)
{"#",47e6dd42-cd5c-4e3a-9bc4-14816ed53d38,66:ae9a001517d39cec11e3fca186c00642}(|){"#",a2b5aac2-33a7-41ec-878c-7dd928ac85cf,184:ae9a001517d39cec11e3fca502c7b962}(|)Авторинок Новоорловский, Дніпро, Дніпропетровська(|)
{"#",47e6dd42-cd5c-4e3a-9bc4-14816ed53d38,66:ae9a001517d39cec11e3fca24435840b}(|){"#",a2b5aac2-33a7-41ec-878c-7dd928ac85cf,184:ae9a001517d39cec11e3fca502c7b962}(|)Авторинок Новоорловский, Дніпро, Дніпропетровська(|)
{"#",47e6dd42-cd5c-4e3a-9bc4-14816ed53d38,66:ae9a001517d39cec11e3fca25093b6eb}(|){"#",a2b5aac2-33a7-41ec-878c-7dd928ac85cf,184:ae9a001517d39cec11e3fca502c7b964}(|)Авторинок Березінський, Дніпро, Дніпропетровська(|)
{"#",47e6dd42-cd5c-4e3a-9bc4-14816ed53d38,66:ae9a001517d39cec11e3fca262c8cc3b}(|){"#",a2b5aac2-33a7-41ec-878c-7dd928ac85cf,184:ae9a001517d39cec11e3fca502c7b964}(|)Авторинок Березінський, Дніпро, Дніпропетровська(|)
{"#",47e6dd42-cd5c-4e3a-9bc4-14816ed53d38,66:ae9a001517d39cec11e3fca2fc121ca0}(|){"#",a2b5aac2-33a7-41ec-878c-7dd928ac85cf,184:ae9a001517d39cec11e3fca502c7b964}(|)Авторинок Березінський, Дніпро, Дніпропетровська(|)
{"#",47e6dd42-cd5c-4e3a-9bc4-14816ed53d38,66:ae63001517d39cec11e6fe962849142a}(|){"#",a2b5aac2-33a7-41ec-878c-7dd928ac85cf,184:ae9a001517d39cec11e3fca502c7b966}(|)Авторинок Центральний, Павлоград, Дніпропетровська(|)
{"#",47e6dd42-cd5c-4e3a-9bc4-14816ed53d38,66:ae9a001517d39cec11e3fca09e56ab02}(|){"#",a2b5aac2-33a7-41ec-878c-7dd928ac85cf,184:ae9a001517d39cec11e3fca502c7b966}(|)Авторинок Центральний, Павлоград, Дніпропетровська(|)
{"#",47e6dd42-cd5c-4e3a-9bc4-14816ed53d38,66:ae9a001517d39cec11e3fca0bccd56fe}(|){"#",a2b5aac2-33a7-41ec-878c-7dd928ac85cf,184:ae9a001517d39cec11e3fca502c7b966}(|)Авторинок Центральний, Павлоград, Дніпропетровська(|)
{"#",47e6dd42-cd5c-4e3a-9bc4-14816ed53d38,66:ae9a001517d39cec11e3fca2c4526033}(|){"#",a2b5aac2-33a7-41ec-878c-7dd928ac85cf,184:ae9a001517d39cec11e3fca502c7b966}(|)Авторинок Центральний, Павлоград, Дніпропетровська(|)
{"#",47e6dd42-cd5c-4e3a-9bc4-14816ed53d38,66:ae9a001517d39cec11e3fca3085150fb}(|){"#",a2b5aac2-33a7-41ec-878c-7dd928ac85cf,184:ae9a001517d39cec11e3fca502c7b966}(|)Авторинок Центральний, Павлоград, Дніпропетровська(|)
{"#",47e6dd42-cd5c-4e3a-9bc4-14816ed53d38,66:ae9a001517d39cec11e3fca34b394e99}(|){"#",a2b5aac2-33a7-41ec-878c-7dd928ac85cf,184:ae9a001517d39cec11e3fca502c7b968}(|)Дніпро, Дніпропетровська, вул.Калинова, 66(|)
{"#",47e6dd42-cd5c-4e3a-9bc4-14816ed53d38,66:ae9a001517d39cec11e3fca3577fa9f5}(|){"#",a2b5aac2-33a7-41ec-878c-7dd928ac85cf,184:ae9a001517d39cec11e3fca502c7b96b}(|)Павлоград, Дніпропетровська, вул.Дніпровська, 294(|)
{"#",47e6dd42-cd5c-4e3a-9bc4-14816ed53d38,66:ae9a001517d39cec11e3fca186c0063b}(|){"#",a2b5aac2-33a7-41ec-878c-7dd928ac85cf,184:ae9a001517d39cec11e3fca502c7b96d}(|)Дніпро, Дніпропетровська, вул.Моторна, 168(|)
{"#",47e6dd42-cd5c-4e3a-9bc4-14816ed53d38,66:ae9a001517d39cec11e3fca26edab3e3}(|){"#",a2b5aac2-33a7-41ec-878c-7dd928ac85cf,184:ae9a001517d39cec11e3fca502c7b96f}(|)Дніпро, Дніпропетровська, пров.Пушкіна, 18(|)
{"#",47e6dd42-cd5c-4e3a-9bc4-14816ed53d38,66:ae9a001517d39cec11e3fca2c4526026}(|){"#",a2b5aac2-33a7-41ec-878c-7dd928ac85cf,184:ae9a001517d39cec11e3fca502c7b96f}(|)Дніпро, Дніпропетровська, пров.Пушкіна, 18(|)
{"#",47e6dd42-cd5c-4e3a-9bc4-14816ed53d38,66:ae9a001517d39cec11e3fca1436597b4}(|){"#",a2b5aac2-33a7-41ec-878c-7dd928ac85cf,184:ae9a001517d39cec11e3fca502c7b971}(|)Дніпро, Дніпропетровська, просп.Хмельницького Богдана, 114(|)
{"#",47e6dd42-cd5c-4e3a-9bc4-14816ed53d38,66:ae9a001517d39cec11e3fca09e56aaf7}(|){"#",a2b5aac2-33a7-41ec-878c-7dd928ac85cf,184:ae9a001517d39cec11e3fca502c7b974}(|)Павлоград, Дніпропетровська, просп.Шахтобудівників, 1/2(|)
{"#",47e6dd42-cd5c-4e3a-9bc4-14816ed53d38,66:ae9a001517d39cec11e3fca35171f15e}(|){"#",a2b5aac2-33a7-41ec-878c-7dd928ac85cf,184:ae9a001517d39cec11e3fca502c7b976}(|)Дніпро, Дніпропетровська, просп.Мануйлівський (Воронцова), 7(|)
{"#",47e6dd42-cd5c-4e3a-9bc4-14816ed53d38,66:ae9a001517d39cec11e3fca338f5eb28}(|){"#",a2b5aac2-33a7-41ec-878c-7dd928ac85cf,184:ae9a001517d39cec11e3fca502c7b978}(|)Дніпро, Дніпропетровська, просп.Хмельницького Богдана, 41(|)
{"#",47e6dd42-cd5c-4e3a-9bc4-14816ed53d38,66:ae9a001517d39cec11e3fca27b105ed3}(|){"#",a2b5aac2-33a7-41ec-878c-7dd928ac85cf,184:ae9a001517d39cec11e3fca502c7b97c}(|)Дніпро, Дніпропетровська, просп.Поля Олександра (Кірова), 141(|)
{"#",47e6dd42-cd5c-4e3a-9bc4-14816ed53d38,66:ae9a001517d39cec11e3fca38e4771cd}(|){"#",a2b5aac2-33a7-41ec-878c-7dd928ac85cf,184:ae9a001517d39cec11e3fca502c7b97c}(|)Дніпро, Дніпропетровська, просп.Поля Олександра (Кірова), 141(|)
{"#",47e6dd42-cd5c-4e3a-9bc4-14816ed53d38,66:ae9a001517d39cec11e3fca11eed1f07}(|){"#",a2b5aac2-33a7-41ec-878c-7dd928ac85cf,184:ae9a001517d39cec11e3fca502c7b97e}(|)Дніпро, Дніпропетровська, вул.Трофимових Братів, 131-А(|)
{"#",47e6dd42-cd5c-4e3a-9bc4-14816ed53d38,66:ae9a001517d39cec11e3fca39a7f7f12}(|){"#",a2b5aac2-33a7-41ec-878c-7dd928ac85cf,184:ae9a001517d39cec11e3fca502c7b980}(|)Дніпро, Дніпропетровська, узвізКрутогірний (Рогальова вулиця), 14(|)
{"#",47e6dd42-cd5c-4e3a-9bc4-14816ed53d38,66:ae9a001517d39cec11e3fca3cae87e81}(|){"#",a2b5aac2-33a7-41ec-878c-7dd928ac85cf,184:ae9a001517d39cec11e3fca502c7b982}(|)Дніпро, Дніпропетровська, просп.Слобожанський (Газети «Правда»), 26-Д(|)
{"#",47e6dd42-cd5c-4e3a-9bc4-14816ed53d38,66:ae9a001517d39cec11e3fca186c00635}(|){"#",a2b5aac2-33a7-41ec-878c-7dd928ac85cf,184:ae9a001517d39cec11e3fca502c7b984}(|)Дніпро, Дніпропетровська, вул.Кільченська, 1(|)
{"#",47e6dd42-cd5c-4e3a-9bc4-14816ed53d38,66:ae9a001517d39cec11e3fca24435840d}(|){"#",a2b5aac2-33a7-41ec-878c-7dd928ac85cf,184:ae9a001517d39cec11e3fca502c7b986}(|)Іларіонове, Дніпропетровська, вул.Харківська, 53-А(|)
{"#",47e6dd42-cd5c-4e3a-9bc4-14816ed53d38,66:ae9a001517d39cec11e3fca1dc32edcb}(|){"#",a2b5aac2-33a7-41ec-878c-7dd928ac85cf,184:ae9a001517d39cec11e3fca502c7b988}(|)Новомосковськ, Дніпропетровська, вул.Сучкова, 52(|)
{"#",47e6dd42-cd5c-4e3a-9bc4-14816ed53d38,66:ae9a001517d39cec11e3fca12b0fb715}(|){"#",a2b5aac2-33a7-41ec-878c-7dd928ac85cf,184:ae9a001517d39cec11e3fca502c7b98a}(|)Новомосковськ, Дніпропетровська, вул.Сучкова, 114-В(|)
{"#",47e6dd42-cd5c-4e3a-9bc4-14816ed53d38,66:ae9a001517d39cec11e3fca369ad982a}(|){"#",a2b5aac2-33a7-41ec-878c-7dd928ac85cf,184:ae9a001517d39cec11e3fca502c7b98a}(|)Новомосковськ, Дніпропетровська, вул.Сучкова, 114-В(|)
{"#",47e6dd42-cd5c-4e3a-9bc4-14816ed53d38,66:ae9a001517d39cec11e3fca24a53ed0e}(|){"#",a2b5aac2-33a7-41ec-878c-7dd928ac85cf,184:ae9a001517d39cec11e3fca508c4c145}(|)Покров (Дніпропетровська обл.), Дніпропетровська, вул.Фабрична (Орджонікідзе ), 26(|)
{"#",47e6dd42-cd5c-4e3a-9bc4-14816ed53d38,66:ae9a001517d39cec11e3fca2b810c991}(|){"#",a2b5aac2-33a7-41ec-878c-7dd928ac85cf,184:ae9a001517d39cec11e3fca508c4c147}(|)Дніпро, Дніпропетровська, шосеДонецьке, 124-Г(|)
{"#",47e6dd42-cd5c-4e3a-9bc4-14816ed53d38,66:ae9a001517d39cec11e3fca268ca9910}(|){"#",a2b5aac2-33a7-41ec-878c-7dd928ac85cf,184:ae9a001517d39cec11e3fca508c4c149}(|)Чернігів, Чернігівська, вул.Героїв Чорнобиля, 5(|)
{"#",47e6dd42-cd5c-4e3a-9bc4-14816ed53d38,66:ae9a001517d39cec11e3fca3085150f4}(|){"#",a2b5aac2-33a7-41ec-878c-7dd928ac85cf,184:ae9a001517d39cec11e3fca508c4c14b}(|)Українка, Київська, вул.Юності, 6(|)
{"#",47e6dd42-cd5c-4e3a-9bc4-14816ed53d38,66:ae9a001517d39cec11e3fca37bdde8bd}(|){"#",a2b5aac2-33a7-41ec-878c-7dd928ac85cf,184:ae9a001517d39cec11e3fca508c4c14d}(|)Бабаї, Харківська, вул.Командарма Шумілова, 1-А(|)
{"#",47e6dd42-cd5c-4e3a-9bc4-14816ed53d38,66:ae9a001517d39cec11e3fca2a5a01978}(|){"#",a2b5aac2-33a7-41ec-878c-7dd928ac85cf,184:ae9a001517d39cec11e3fca508c4c14f}(|)Добрянка (Чернігівська обл.), Чернігівська, вул.Хмельницького Богдана, 187(|)
{"#",47e6dd42-cd5c-4e3a-9bc4-14816ed53d38,66:ae9a001517d39cec11e3fca2d0a96bfa}(|){"#",a2b5aac2-33a7-41ec-878c-7dd928ac85cf,184:ae9a001517d39cec11e3fca508c4c153}(|)Царичанка, Дніпропетровська, вул.Центральна, 89-В(|)
{"#",47e6dd42-cd5c-4e3a-9bc4-14816ed53d38,66:ae9a001517d39cec11e3fca2b1eb3975}(|){"#",a2b5aac2-33a7-41ec-878c-7dd928ac85cf,184:ae9a001517d39cec11e3fca508c4c155}(|)Авторинок Північний, Нікополь (Дніпропетровська обл.), Дніпропетровська(|)вул.Першотравнева
{"#",47e6dd42-cd5c-4e3a-9bc4-14816ed53d38,66:ae9a001517d39cec11e3fca2b1eb3977}(|){"#",a2b5aac2-33a7-41ec-878c-7dd928ac85cf,184:ae9a001517d39cec11e3fca508c4c155}(|)Авторинок Північний, Нікополь (Дніпропетровська обл.), Дніпропетровська(|)
{"#",47e6dd42-cd5c-4e3a-9bc4-14816ed53d38,66:ae9a001517d39cec11e3fca32695eb89}(|){"#",a2b5aac2-33a7-41ec-878c-7dd928ac85cf,184:ae9a001517d39cec11e3fca508c4c155}(|)Авторинок Північний, Нікополь (Дніпропетровська обл.), Дніпропетровська(|)вул.Електрометалургів 260
{"#",47e6dd42-cd5c-4e3a-9bc4-14816ed53d38,66:ae9a001517d39cec11e3fca35da9fead}(|){"#",a2b5aac2-33a7-41ec-878c-7dd928ac85cf,184:ae9a001517d39cec11e3fca508c4c155}(|)Авторинок Північний, Нікополь (Дніпропетровська обл.), Дніпропетровська(|)вул.Першотравнева
{"#",47e6dd42-cd5c-4e3a-9bc4-14816ed53d38,66:ae9a001517d39cec11e3fca369ad9821}(|){"#",a2b5aac2-33a7-41ec-878c-7dd928ac85cf,184:ae9a001517d39cec11e3fca508c4c155}(|)Авторинок Північний, Нікополь (Дніпропетровська обл.), Дніпропетровська(|)вул.Електрометалургів, 260
{"#",47e6dd42-cd5c-4e3a-9bc4-14816ed53d38,66:ae9a001517d39cec11e3fca369ad9822}(|){"#",a2b5aac2-33a7-41ec-878c-7dd928ac85cf,184:ae9a001517d39cec11e3fca508c4c155}(|)Авторинок Північний, Нікополь (Дніпропетровська обл.), Дніпропетровська(|)
{"#",47e6dd42-cd5c-4e3a-9bc4-14816ed53d38,66:ae9a001517d39cec11e3fca37bdde8c0}(|){"#",a2b5aac2-33a7-41ec-878c-7dd928ac85cf,184:ae9a001517d39cec11e3fca508c4c155}(|)Авторинок Північний, Нікополь (Дніпропетровська обл.), Дніпропетровська(|)
{"#",47e6dd42-cd5c-4e3a-9bc4-14816ed53d38,66:ae9a001517d39cec11e3fca3880c6ca8}(|){"#",a2b5aac2-33a7-41ec-878c-7dd928ac85cf,184:ae9a001517d39cec11e3fca508c4c159}(|)Дніпро, Дніпропетровська, вул.Калинова, 64(|)
{"#",47e6dd42-cd5c-4e3a-9bc4-14816ed53d38,66:ae9a001517d39cec11e3fca2d0a96bfb}(|){"#",a2b5aac2-33a7-41ec-878c-7dd928ac85cf,184:ae9a001517d39cec11e3fca508c4c15b}(|)Авторинок Першотравневий, Нікополь (Дніпропетровська обл.), Дніпропетровська(|)
{"#",47e6dd42-cd5c-4e3a-9bc4-14816ed53d38,66:ae9a001517d39cec11e3fca2f5ea2a40}(|){"#",a2b5aac2-33a7-41ec-878c-7dd928ac85cf,184:ae9a001517d39cec11e3fca508c4c15b}(|)Авторинок Першотравневий, Нікополь (Дніпропетровська обл.), Дніпропетровська(|)вул. Першотравнева
{"#",47e6dd42-cd5c-4e3a-9bc4-14816ed53d38,66:ae9a001517d39cec11e3fca35da9feb0}(|){"#",a2b5aac2-33a7-41ec-878c-7dd928ac85cf,184:ae9a001517d39cec11e3fca508c4c15b}(|)Авторинок Першотравневий, Нікополь (Дніпропетровська обл.), Дніпропетровська(|)
{"#",47e6dd42-cd5c-4e3a-9bc4-14816ed53d38,66:ae9a001517d39cec11e3fca508c4c15c}(|){"#",a2b5aac2-33a7-41ec-878c-7dd928ac85cf,184:ae9a001517d39cec11e3fca508c4c15b}(|)Авторинок Першотравневий, Нікополь (Дніпропетровська обл.), Дніпропетровська(|)
{"#",47e6dd42-cd5c-4e3a-9bc4-14816ed53d38,66:ae9a001517d39cec11e3fca2873ee2a0}(|){"#",a2b5aac2-33a7-41ec-878c-7dd928ac85cf,184:ae9a001517d39cec11e3fca508c4c15e}(|)Ж/Д Авторинок, м.Донецьк(|)
{"#",47e6dd42-cd5c-4e3a-9bc4-14816ed53d38,66:ae9a001517d39cec11e3fca2abb4f8f7}(|){"#",a2b5aac2-33a7-41ec-878c-7dd928ac85cf,184:ae9a001517d39cec11e3fca508c4c15e}(|)Ж/Д Авторинок, м.Донецьк(|)
{"#",47e6dd42-cd5c-4e3a-9bc4-14816ed53d38,66:ae9a001517d39cec11e3fca2f5ea2a41}(|){"#",a2b5aac2-33a7-41ec-878c-7dd928ac85cf,184:ae9a001517d39cec11e3fca508c4c15e}(|)Ж/Д Авторинок, м.Донецьк(|)
{"#",47e6dd42-cd5c-4e3a-9bc4-14816ed53d38,66:ae9a001517d39cec11e3fca35da9feaf}(|){"#",a2b5aac2-33a7-41ec-878c-7dd928ac85cf,184:ae9a001517d39cec11e3fca508c4c15e}(|)Ж/Д Авторинок, м.Донецьк(|)
{"#",47e6dd42-cd5c-4e3a-9bc4-14816ed53d38,66:ae9a001517d39cec11e3fca369ad982f}(|){"#",a2b5aac2-33a7-41ec-878c-7dd928ac85cf,184:ae9a001517d39cec11e3fca508c4c15e}(|)Ж/Д Авторинок, м.Донецьк(|)
{"#",47e6dd42-cd5c-4e3a-9bc4-14816ed53d38,66:ae9a001517d39cec11e3fca3880c6ca9}(|){"#",a2b5aac2-33a7-41ec-878c-7dd928ac85cf,184:ae9a001517d39cec11e3fca508c4c15e}(|)Ж/Д Авторинок, м.Донецьк(|)
{"#",47e6dd42-cd5c-4e3a-9bc4-14816ed53d38,66:ae9a001517d39cec11e3fca2d6dd4a2b}(|){"#",a2b5aac2-33a7-41ec-878c-7dd928ac85cf,184:ae9a001517d39cec11e3fca508c4c163}(|)м.Славутич Заправка(|)
{"#",47e6dd42-cd5c-4e3a-9bc4-14816ed53d38,66:ae9a001517d39cec11e3fca2b1eb3976}(|){"#",a2b5aac2-33a7-41ec-878c-7dd928ac85cf,184:ae9a001517d39cec11e3fca508c4c165}(|)пр-т Курський буд № 22, м.Суми(|)
{"#",47e6dd42-cd5c-4e3a-9bc4-14816ed53d38,66:ae9a001517d39cec11e3fca2873ee2a1}(|){"#",a2b5aac2-33a7-41ec-878c-7dd928ac85cf,184:ae9a001517d39cec11e3fca508c4c168}(|)Покров (Дніпропетровська обл.), Дніпропетровська, вул.Чайкіної Лізи, 1(|)
{"#",47e6dd42-cd5c-4e3a-9bc4-14816ed53d38,66:ae9a001517d39cec11e3fca219951907}(|){"#",a2b5aac2-33a7-41ec-878c-7dd928ac85cf,184:ae9a001517d39cec11e3fca508c4c16a}(|)Покров (Дніпропетровська обл.), Дніпропетровська, вул.Пальміро Тольятті, 5(|)
{"#",47e6dd42-cd5c-4e3a-9bc4-14816ed53d38,66:ae9a001517d39cec11e3fca2b1eb3978}(|){"#",a2b5aac2-33a7-41ec-878c-7dd928ac85cf,184:ae9a001517d39cec11e3fca508c4c16c}(|)Авторинок ОЛІМП, м.Донецьк(|)
{"#",47e6dd42-cd5c-4e3a-9bc4-14816ed53d38,66:ae9a001517d39cec11e3fca2b1eb3979}(|){"#",a2b5aac2-33a7-41ec-878c-7dd928ac85cf,184:ae9a001517d39cec11e3fca508c4c16c}(|)Авторинок ОЛІМП, м.Донецьк(|)
{"#",47e6dd42-cd5c-4e3a-9bc4-14816ed53d38,66:ae9a001517d39cec11e3fca2abb4f904}(|){"#",a2b5aac2-33a7-41ec-878c-7dd928ac85cf,184:ae9a001517d39cec11e3fca508c4c16e}(|)Чумаки, Дніпропетровська, вул.Центральна, 4(|)
{"#",47e6dd42-cd5c-4e3a-9bc4-14816ed53d38,66:ae9a001517d39cec11e3fca363a241fe}(|){"#",a2b5aac2-33a7-41ec-878c-7dd928ac85cf,184:ae9a001517d39cec11e3fca508c4c170}(|)Жовті Води, Дніпропетровська, вул.Франка Івана, 36(|)
{"#",47e6dd42-cd5c-4e3a-9bc4-14816ed53d38,66:ae9a001517d39cec11e3fca3880c6caa}(|){"#",a2b5aac2-33a7-41ec-878c-7dd928ac85cf,184:ae9a001517d39cec11e3fca508c4c172}(|)Жовті Води, Дніпропетровська, вул.Гагаріна, 33(|)
{"#",47e6dd42-cd5c-4e3a-9bc4-14816ed53d38,66:ae9a001517d39cec11e3fca2d0a96bfd}(|){"#",a2b5aac2-33a7-41ec-878c-7dd928ac85cf,184:ae9a001517d39cec11e3fca508c4c174}(|)Грушівка (Дніпропетровська обл.), Дніпропетровська, вул.Шосейна, 1а(|)
{"#",47e6dd42-cd5c-4e3a-9bc4-14816ed53d38,66:ae9a001517d39cec11e3fca1436597be}(|){"#",a2b5aac2-33a7-41ec-878c-7dd928ac85cf,184:ae9a001517d39cec11e3fca508c4c177}(|)Обухівка, Дніпропетровська, вул.Партизанська, траса1(|)
{"#",47e6dd42-cd5c-4e3a-9bc4-14816ed53d38,66:ae9a001517d39cec11e3fca363a2420a}(|){"#",a2b5aac2-33a7-41ec-878c-7dd928ac85cf,184:ae9a001517d39cec11e3fca508c4c179}(|)Черкаси, Черкаська, вул.Надпільна (Ільїна), 241(|)
{"#",47e6dd42-cd5c-4e3a-9bc4-14816ed53d38,66:ae9a001517d39cec11e3fca2abb4f8fa}(|){"#",a2b5aac2-33a7-41ec-878c-7dd928ac85cf,184:ae9a001517d39cec11e3fca508c4c17c}(|)Мерефа, Харківська, вул.Дніпропетровська, 202(|)
{"#",47e6dd42-cd5c-4e3a-9bc4-14816ed53d38,66:ae9a001517d39cec11e3fca37bdde8c2}(|){"#",a2b5aac2-33a7-41ec-878c-7dd928ac85cf,184:ae9a001517d39cec11e3fca508c4c17e}(|)Буча, Київська, вул.Вокзальна, 101(|)
{"#",47e6dd42-cd5c-4e3a-9bc4-14816ed53d38,66:ae9a001517d39cec11e3fca1e85585ea}(|){"#",a2b5aac2-33a7-41ec-878c-7dd928ac85cf,184:ae9a001517d39cec11e3fca508c4c180}(|)Суми, Сумська, просп.Курський, 22(|)
{"#",47e6dd42-cd5c-4e3a-9bc4-14816ed53d38,66:ae9a001517d39cec11e3fca363a241ff}(|){"#",a2b5aac2-33a7-41ec-878c-7dd928ac85cf,184:ae9a001517d39cec11e3fca508c4c182}(|)Жовті Води, Дніпропетровська, вул.Петровського, 52(|)
{"#",47e6dd42-cd5c-4e3a-9bc4-14816ed53d38,66:ae9a001517d39cec11e3fca369ad9830}(|){"#",a2b5aac2-33a7-41ec-878c-7dd928ac85cf,184:ae9a001517d39cec11e3fca508c4c184}(|)Нікополь (Дніпропетровська обл.), Дніпропетровська, вул.Електрометалургів, 214(|)
{"#",47e6dd42-cd5c-4e3a-9bc4-14816ed53d38,66:ae9a001517d39cec11e3fca35da9fe9e}(|){"#",a2b5aac2-33a7-41ec-878c-7dd928ac85cf,184:ae9a001517d39cec11e3fca508c4c186}(|)Київ, Київська, вул.Симиренка, 1(|)
{"#",47e6dd42-cd5c-4e3a-9bc4-14816ed53d38,66:ae9a001517d39cec11e3fca3e979644f}(|){"#",a2b5aac2-33a7-41ec-878c-7dd928ac85cf,184:ae9a001517d39cec11e3fca508c4c188}(|)Зміїв, Харківська, вул.Гоголя, 1-А(|)
{"#",47e6dd42-cd5c-4e3a-9bc4-14816ed53d38,66:ae9a001517d39cec11e3fca36fc4da1d}(|){"#",a2b5aac2-33a7-41ec-878c-7dd928ac85cf,184:ae9a001517d39cec11e3fca508c4c18a}(|)Київ, Київська, вул.Бориспільська, 9(|)
{"#",47e6dd42-cd5c-4e3a-9bc4-14816ed53d38,66:ae9a001517d39cec11e3fca2e3450664}(|){"#",a2b5aac2-33a7-41ec-878c-7dd928ac85cf,184:ae9a001517d39cec11e3fca508c4c18c}(|)Зеленодольськ, Дніпропетровська, вул.Чкалова, 10(|)
{"#",47e6dd42-cd5c-4e3a-9bc4-14816ed53d38,66:ae9a001517d39cec11e3fca508c4c18f}(|){"#",a2b5aac2-33a7-41ec-878c-7dd928ac85cf,184:ae9a001517d39cec11e3fca508c4c18e}(|)Щасливе, Київська, вул.Перспективна, 2(|)
{"#",47e6dd42-cd5c-4e3a-9bc4-14816ed53d38,66:ae9a001517d39cec11e3fca2999558d6}(|){"#",a2b5aac2-33a7-41ec-878c-7dd928ac85cf,184:ae9a001517d39cec11e3fca508c4c191}(|)Прилуки, Чернігівська, вул.Короленка, 2-А(|)095-421-43-74
{"#",47e6dd42-cd5c-4e3a-9bc4-14816ed53d38,66:ae9a001517d39cec11e3fca369ad9831}(|){"#",a2b5aac2-33a7-41ec-878c-7dd928ac85cf,184:ae9a001517d39cec11e3fca508c4c193}(|)Авторинок Героїв труда, Харків, Харківська(|)місце 84
{"#",47e6dd42-cd5c-4e3a-9bc4-14816ed53d38,66:ae9a001517d39cec11e3fca3a07a24be}(|){"#",a2b5aac2-33a7-41ec-878c-7dd928ac85cf,184:ae9a001517d39cec11e3fca508c4c193}(|)Авторинок Героїв труда, Харків, Харківська(|)77,83
{"#",47e6dd42-cd5c-4e3a-9bc4-14816ed53d38,66:ae9b001517d39cec11e40c133b9dd48e}(|){"#",a2b5aac2-33a7-41ec-878c-7dd928ac85cf,184:ae9a001517d39cec11e3fca508c4c193}(|)Авторинок Героїв труда, Харків, Харківська(|)№175
{"#",47e6dd42-cd5c-4e3a-9bc4-14816ed53d38,66:ae9a001517d39cec11e3fca2e345066b}(|){"#",a2b5aac2-33a7-41ec-878c-7dd928ac85cf,184:ae9a001517d39cec11e3fca50ebd049f}(|)Кам'янське(Дніпропетровська обл), Дніпропетровська, просп.Аношкіна, 8(|)
{"#",47e6dd42-cd5c-4e3a-9bc4-14816ed53d38,66:ae9a001517d39cec11e3fca2873ee2a4}(|){"#",a2b5aac2-33a7-41ec-878c-7dd928ac85cf,184:ae9a001517d39cec11e3fca50ebd04a1}(|)Чугуїв, Харківська, вул.Жадановського, 6-А(|)
{"#",47e6dd42-cd5c-4e3a-9bc4-14816ed53d38,66:ae9a001517d39cec11e3fca3ac9f1f39}(|){"#",a2b5aac2-33a7-41ec-878c-7dd928ac85cf,184:ae9a001517d39cec11e3fca50ebd04a1}(|)Чугуїв, Харківська, вул.Жадановського, 6-А(|)
{"#",47e6dd42-cd5c-4e3a-9bc4-14816ed53d38,66:ae9a001517d39cec11e3fca369ad9833}(|){"#",a2b5aac2-33a7-41ec-878c-7dd928ac85cf,184:ae9a001517d39cec11e3fca50ebd04a3}(|)Миколаївка (Петропавлівський р-н), Дніпропетровська, вул.Садова, 1(|)
{"#",47e6dd42-cd5c-4e3a-9bc4-14816ed53d38,66:ae9a001517d39cec11e3fca2873ee2a5}(|){"#",a2b5aac2-33a7-41ec-878c-7dd928ac85cf,184:ae9a001517d39cec11e3fca50ebd04a5}(|)Липова Долина, Сумська, вул.Радянська, 1-А(|)
{"#",47e6dd42-cd5c-4e3a-9bc4-14816ed53d38,66:ae9a001517d39cec11e3fca3880c6c9f}(|){"#",a2b5aac2-33a7-41ec-878c-7dd928ac85cf,184:ae9a001517d39cec11e3fca50ebd04a7}(|)П.Морозова буд № 1, м.Макіївка, Донецька обл.(|)
{"#",47e6dd42-cd5c-4e3a-9bc4-14816ed53d38,66:ab18001517d39cec11eb18342fedd584}(|){"#",a2b5aac2-33a7-41ec-878c-7dd928ac85cf,184:ae9a001517d39cec11e3fca50ebd04a9}(|)Кропивницький, Кіровоградська, вул.Волкова, 2(|)
{"#",47e6dd42-cd5c-4e3a-9bc4-14816ed53d38,66:ae9a001517d39cec11e3fca124fad792}(|){"#",a2b5aac2-33a7-41ec-878c-7dd928ac85cf,184:ae9a001517d39cec11e3fca50ebd04a9}(|)Кропивницький, Кіровоградська, вул.Волкова, 2(|)
{"#",47e6dd42-cd5c-4e3a-9bc4-14816ed53d38,66:ae9a001517d39cec11e3fca2d0a96c00}(|){"#",a2b5aac2-33a7-41ec-878c-7dd928ac85cf,184:ae9a001517d39cec11e3fca50ebd04ab}(|)Єлеваторна буд № 113, м.Донецьк(|)
{"#",47e6dd42-cd5c-4e3a-9bc4-14816ed53d38,66:ae9a001517d39cec11e3fca2f5ea2a43}(|){"#",a2b5aac2-33a7-41ec-878c-7dd928ac85cf,184:ae9a001517d39cec11e3fca50ebd04ad}(|)Київ, Київська, вул.Азербайджанська, 25(|)
{"#",47e6dd42-cd5c-4e3a-9bc4-14816ed53d38,66:ae9a001517d39cec11e3fca3a07a24b8}(|){"#",a2b5aac2-33a7-41ec-878c-7dd928ac85cf,184:ae9a001517d39cec11e3fca50ebd04af}(|)Кам'янське(Дніпропетровська обл), Дніпропетровська, вул.Грушевського Михайла (Димитрова), 9(|)
{"#",47e6dd42-cd5c-4e3a-9bc4-14816ed53d38,66:aa930025909438d611e8d6a818b8c589}(|){"#",a2b5aac2-33a7-41ec-878c-7dd928ac85cf,184:ae9a001517d39cec11e3fca50ebd04b1}(|)Авторинок Ореховський, Запоріжжя, Запорізька(|)
{"#",47e6dd42-cd5c-4e3a-9bc4-14816ed53d38,66:ae9a001517d39cec11e3fca2d0a96c01}(|){"#",a2b5aac2-33a7-41ec-878c-7dd928ac85cf,184:ae9a001517d39cec11e3fca50ebd04b1}(|)Авторинок Ореховський, Запоріжжя, Запорізька(|)
{"#",47e6dd42-cd5c-4e3a-9bc4-14816ed53d38,66:ae9a001517d39cec11e3fca3a07a24bb}(|){"#",a2b5aac2-33a7-41ec-878c-7dd928ac85cf,184:ae9a001517d39cec11e3fca50ebd04b1}(|)Авторинок Ореховський, Запоріжжя, Запорізька(|)
{"#",47e6dd42-cd5c-4e3a-9bc4-14816ed53d38,66:ae9a001517d39cec11e3fca556ac781c}(|){"#",a2b5aac2-33a7-41ec-878c-7dd928ac85cf,184:ae9a001517d39cec11e3fca50ebd04b1}(|)Авторинок Ореховський, Запоріжжя, Запорізька(|)
{"#",47e6dd42-cd5c-4e3a-9bc4-14816ed53d38,66:b7df001517d39cec11e76005620b1b4c}(|){"#",a2b5aac2-33a7-41ec-878c-7dd928ac85cf,184:ae9a001517d39cec11e3fca50ebd04b1}(|)Авторинок Ореховський, Запоріжжя, Запорізька(|)
{"#",47e6dd42-cd5c-4e3a-9bc4-14816ed53d38,66:ae9a001517d39cec11e3fca0e17f0816}(|){"#",a2b5aac2-33a7-41ec-878c-7dd928ac85cf,184:ae9a001517d39cec11e3fca50ebd04b3}(|)Київ, Київська, вул.Святошинська, 20(|)
{"#",47e6dd42-cd5c-4e3a-9bc4-14816ed53d38,66:ae9a001517d39cec11e3fca0edab2992}(|){"#",a2b5aac2-33a7-41ec-878c-7dd928ac85cf,184:ae9a001517d39cec11e3fca50ebd04b6}(|)Авторинок Спортек, Полтава, Полтавська(|)
{"#",47e6dd42-cd5c-4e3a-9bc4-14816ed53d38,66:ae9a001517d39cec11e3fca17a61d367}(|){"#",a2b5aac2-33a7-41ec-878c-7dd928ac85cf,184:ae9a001517d39cec11e3fca50ebd04b6}(|)Авторинок Спортек, Полтава, Полтавська(|)
{"#",47e6dd42-cd5c-4e3a-9bc4-14816ed53d38,66:ae9a001517d39cec11e3fca2b1eb397a}(|){"#",a2b5aac2-33a7-41ec-878c-7dd928ac85cf,184:ae9a001517d39cec11e3fca50ebd04b6}(|)Авторинок Спортек, Полтава, Полтавська(|)
{"#",47e6dd42-cd5c-4e3a-9bc4-14816ed53d38,66:ae9a001517d39cec11e3fca2ca732b76}(|){"#",a2b5aac2-33a7-41ec-878c-7dd928ac85cf,184:ae9a001517d39cec11e3fca50ebd04b6}(|)Авторинок Спортек, Полтава, Полтавська(|)
{"#",47e6dd42-cd5c-4e3a-9bc4-14816ed53d38,66:ae9a001517d39cec11e3fca3cae87e84}(|){"#",a2b5aac2-33a7-41ec-878c-7dd928ac85cf,184:ae9a001517d39cec11e3fca50ebd04b6}(|)Авторинок Спортек, Полтава, Полтавська(|)
{"#",47e6dd42-cd5c-4e3a-9bc4-14816ed53d38,66:9ce9001517d39cec11e46e5e698ea136}(|){"#",a2b5aac2-33a7-41ec-878c-7dd928ac85cf,184:ae9a001517d39cec11e3fca50ebd04b8}(|)Авторинок Перова, Київ, Київська(|)
{"#",47e6dd42-cd5c-4e3a-9bc4-14816ed53d38,66:ae9a001517d39cec11e3fca3e9796450}(|){"#",a2b5aac2-33a7-41ec-878c-7dd928ac85cf,184:ae9a001517d39cec11e3fca50ebd04b8}(|)Авторинок Перова, Київ, Київська(|)
{"#",47e6dd42-cd5c-4e3a-9bc4-14816ed53d38,66:ae9a001517d39cec11e3fca35da9feb3}(|){"#",a2b5aac2-33a7-41ec-878c-7dd928ac85cf,184:ae9a001517d39cec11e3fca50ebd04ba}(|)Білопілля, Сумська, вул.Ковпака, 4(|)
{"#",47e6dd42-cd5c-4e3a-9bc4-14816ed53d38,66:ae9a001517d39cec11e3fca3e9796451}(|){"#",a2b5aac2-33a7-41ec-878c-7dd928ac85cf,184:ae9a001517d39cec11e3fca50ebd04bc}(|)Конотоп, Сумська, вул.Батуринська, 7(|)
{"#",47e6dd42-cd5c-4e3a-9bc4-14816ed53d38,66:ae9a001517d39cec11e3fca369ad9824}(|){"#",a2b5aac2-33a7-41ec-878c-7dd928ac85cf,184:ae9a001517d39cec11e3fca50ebd04be}(|)Авторинок Центральний, Вознесенськ, Миколаївська(|)
{"#",47e6dd42-cd5c-4e3a-9bc4-14816ed53d38,66:ae9a001517d39cec11e3fca2b1eb397c}(|){"#",a2b5aac2-33a7-41ec-878c-7dd928ac85cf,184:ae9a001517d39cec11e3fca50ebd04c0}(|)Олешки(Херсонська обл), Херсонська, вул.Гвардійська, 124(|)
{"#",47e6dd42-cd5c-4e3a-9bc4-14816ed53d38,66:ae9a001517d39cec11e3fca369ad9834}(|){"#",a2b5aac2-33a7-41ec-878c-7dd928ac85cf,184:ae9a001517d39cec11e3fca50ebd04c0}(|)Олешки(Херсонська обл), Херсонська, вул.Гвардійська, 124(|)
{"#",47e6dd42-cd5c-4e3a-9bc4-14816ed53d38,66:ae9a001517d39cec11e3fca155ee1f5b}(|){"#",a2b5aac2-33a7-41ec-878c-7dd928ac85cf,184:ae9a001517d39cec11e3fca50ebd04c3}(|)Київ, Київська, вул.Ризька, 18-А(|)Рижська буд № 18а, Київ, Київська
{"#",47e6dd42-cd5c-4e3a-9bc4-14816ed53d38,66:ae9a001517d39cec11e3fca100197752}(|){"#",a2b5aac2-33a7-41ec-878c-7dd928ac85cf,184:ae9a001517d39cec11e3fca50ebd04c5}(|)Київ, Київська, вул.Сирецька, 25(|)Сирецька буд № 25, Київ, Київська, 4 073
{"#",47e6dd42-cd5c-4e3a-9bc4-14816ed53d38,66:ae9a001517d39cec11e3fca0cf321b48}(|){"#",a2b5aac2-33a7-41ec-878c-7dd928ac85cf,184:ae9a001517d39cec11e3fca50ebd04c7}(|)Київ, Київська, вул.Теліги Олени, 35(|)Олени Теліги буд № 35, Київ, Київська, 4 086
{"#",47e6dd42-cd5c-4e3a-9bc4-14816ed53d38,66:ae9a001517d39cec11e3fca39a7f7f0d}(|){"#",a2b5aac2-33a7-41ec-878c-7dd928ac85cf,184:ae9a001517d39cec11e3fca50ebd04cb}(|)Київ, Київська, вул.Оранжерейна, 1(|)Оранжерейна буд № 1, Київ, Київська
{"#",47e6dd42-cd5c-4e3a-9bc4-14816ed53d38,66:ae9a001517d39cec11e3fca0e17f0822}(|){"#",a2b5aac2-33a7-41ec-878c-7dd928ac85cf,184:ae9a001517d39cec11e3fca50ebd04cd}(|)Київ, Київська, вул.Захарівська, 3/1-А(|)Захарівська буд № 3\1а, Київ, Київська, 4 073
{"#",47e6dd42-cd5c-4e3a-9bc4-14816ed53d38,66:ae9a001517d39cec11e3fca262c8cc3e}(|){"#",a2b5aac2-33a7-41ec-878c-7dd928ac85cf,184:ae9a001517d39cec11e3fca50ebd04cf}(|)Київ, Київська, вул.Бакинська, 35(|)Бакінська буд № 35, Київ, Київська
{"#",47e6dd42-cd5c-4e3a-9bc4-14816ed53d38,66:ae9a001517d39cec11e3fca3b29c274f}(|){"#",a2b5aac2-33a7-41ec-878c-7dd928ac85cf,184:ae9a001517d39cec11e3fca50ebd04d1}(|)Київ, Київська, вул.Бакинська, 35(|)Бакінська буд № 35, Київ, Київська, 4 086
{"#",47e6dd42-cd5c-4e3a-9bc4-14816ed53d38,66:ae9a001517d39cec11e3fca10c5d7056}(|){"#",a2b5aac2-33a7-41ec-878c-7dd928ac85cf,184:ae9a001517d39cec11e3fca50ebd04d3}(|)Київ, Київська, вул.Сирецька, 94(|)Сирецька буд № 94, Київ, Київська
{"#",47e6dd42-cd5c-4e3a-9bc4-14816ed53d38,66:ae9a001517d39cec11e3fca192cf8b7c}(|){"#",a2b5aac2-33a7-41ec-878c-7dd928ac85cf,184:ae9a001517d39cec11e3fca50ebd04d6}(|)Львів, Львівська, вул.Винниця, 2Б(|)Вінниця буд № 2Б, Львiв, Львівська
{"#",47e6dd42-cd5c-4e3a-9bc4-14816ed53d38,66:ae9a001517d39cec11e3fca2750c2fb0}(|){"#",a2b5aac2-33a7-41ec-878c-7dd928ac85cf,184:ae9a001517d39cec11e3fca50ebd04d8}(|)Авторинок Перфецького, Львів, Львівська(|)
{"#",47e6dd42-cd5c-4e3a-9bc4-14816ed53d38,66:ae9a001517d39cec11e3fca1e85585f6}(|){"#",a2b5aac2-33a7-41ec-878c-7dd928ac85cf,184:ae9a001517d39cec11e3fca50ebd04da}(|)Львів, Львівська, вул.Перфецького, 11/144(|)Перфецького буд № 11/144, Львiв, Львівська
{"#",47e6dd42-cd5c-4e3a-9bc4-14816ed53d38,66:ae9a001517d39cec11e3fca26edab3e5}(|){"#",a2b5aac2-33a7-41ec-878c-7dd928ac85cf,184:ae9a001517d39cec11e3fca50ebd04dc}(|)Авторинок Зелене Коло, Львів, Львівська(|)Авторинок Зелене Коло, Львiв, Львівська
{"#",47e6dd42-cd5c-4e3a-9bc4-14816ed53d38,66:ae9a001517d39cec11e3fca3b8bcf28c}(|){"#",a2b5aac2-33a7-41ec-878c-7dd928ac85cf,184:ae9a001517d39cec11e3fca50ebd04e0}(|)Вінниця, Вінницька, вул.Пирогова, 170(|)
{"#",47e6dd42-cd5c-4e3a-9bc4-14816ed53d38,66:ae9a001517d39cec11e3fca3577fa9e9}(|){"#",a2b5aac2-33a7-41ec-878c-7dd928ac85cf,184:ae9a001517d39cec11e3fca50ebd04e2}(|)Хмельницький, Хмельницька, вул.Київська, 4(|)
{"#",47e6dd42-cd5c-4e3a-9bc4-14816ed53d38,66:ae9a001517d39cec11e3fca0925a3883}(|){"#",a2b5aac2-33a7-41ec-878c-7dd928ac85cf,184:ae9a001517d39cec11e3fca50ebd04e4}(|)Хмельницький, Хмельницька, вул.Трудова, 11-А(|)Трудовая буд № 11а, Хмельницький, Хмельницька
{"#",47e6dd42-cd5c-4e3a-9bc4-14816ed53d38,66:ae9a001517d39cec11e3fca0c8fbdad3}(|){"#",a2b5aac2-33a7-41ec-878c-7dd928ac85cf,184:ae9a001517d39cec11e3fca50ebd04e6}(|)Хмельницький, Хмельницька, просп.Миру, 107/1(|)Пр-т Мира буд № 107/1, Хмельницький, Хмельницька
{"#",47e6dd42-cd5c-4e3a-9bc4-14816ed53d38,66:ae9a001517d39cec11e3fca0c8fbdacd}(|){"#",a2b5aac2-33a7-41ec-878c-7dd928ac85cf,184:ae9a001517d39cec11e3fca50ebd04e8}(|)Хмельницький, Хмельницька, вул.Гарнізонна, 16(|)Гарнизонная буд № 16, Хмельницький, Хмельницька
{"#",47e6dd42-cd5c-4e3a-9bc4-14816ed53d38,66:ae9a001517d39cec11e3fca118d37abf}(|){"#",a2b5aac2-33a7-41ec-878c-7dd928ac85cf,184:ae9a001517d39cec11e3fca50ebd04ea}(|)Чернівці, Чернівецька, вул.Коломийська, 2-Д(|)
{"#",47e6dd42-cd5c-4e3a-9bc4-14816ed53d38,66:ae9a001517d39cec11e3fca1b130c25a}(|){"#",a2b5aac2-33a7-41ec-878c-7dd928ac85cf,184:ae9a001517d39cec11e3fca50ebd04ea}(|)Чернівці, Чернівецька, вул.Коломийська, 2-Д(|)Коломийська буд № 2Д, Чернівці, Чернівецька
{"#",47e6dd42-cd5c-4e3a-9bc4-14816ed53d38,66:ae9a001517d39cec11e3fca225bc75d2}(|){"#",a2b5aac2-33a7-41ec-878c-7dd928ac85cf,184:ae9a001517d39cec11e3fca50ebd04ea}(|)Чернівці, Чернівецька, вул.Коломийська, 2-Д(|)
{"#",47e6dd42-cd5c-4e3a-9bc4-14816ed53d38,66:ae9a001517d39cec11e3fca2fc121c9d}(|){"#",a2b5aac2-33a7-41ec-878c-7dd928ac85cf,184:ae9a001517d39cec11e3fca50ebd04ec}(|)Чернівці, Чернівецька, вул.Коломийська, 1-А(|)Коломийська буд № 1А, Чернівці, Чернівецька
{"#",47e6dd42-cd5c-4e3a-9bc4-14816ed53d38,66:ae9a001517d39cec11e3fca268ca98fc}(|){"#",a2b5aac2-33a7-41ec-878c-7dd928ac85cf,184:ae9a001517d39cec11e3fca50ebd04ee}(|)Авторинок РЕАЛ, Тернопіль, Тернопільська(|)Микулінська бічна буд № 10А, Тернопіль, Тернопільська
{"#",47e6dd42-cd5c-4e3a-9bc4-14816ed53d38,66:ae9a001517d39cec11e3fca25093b6f4}(|){"#",a2b5aac2-33a7-41ec-878c-7dd928ac85cf,184:ae9a001517d39cec11e3fca50ebd04f0}(|)Вінниця, Вінницька, вул.Інтернаціоналістів, 1Г/5(|)Інтернациональна буд № 1Г/5, Вінниця, Вінницька
{"#",47e6dd42-cd5c-4e3a-9bc4-14816ed53d38,66:ae9a001517d39cec11e3fca2568e5ca3}(|){"#",a2b5aac2-33a7-41ec-878c-7dd928ac85cf,184:ae9a001517d39cec11e3fca50ebd04f0}(|)Вінниця, Вінницька, вул.Інтернаціоналістів, 1Г/5(|)
{"#",47e6dd42-cd5c-4e3a-9bc4-14816ed53d38,66:ae9a001517d39cec11e3fca073dc6586}(|){"#",a2b5aac2-33a7-41ec-878c-7dd928ac85cf,184:ae9a001517d39cec11e3fca50ebd04f2}(|)Вишгород, Київська, вул.Набережна, 2(|)
{"#",47e6dd42-cd5c-4e3a-9bc4-14816ed53d38,66:ae9a001517d39cec11e3fca0fa0497d0}(|){"#",a2b5aac2-33a7-41ec-878c-7dd928ac85cf,184:ae9a001517d39cec11e3fca50ebd04f2}(|)Вишгород, Київська, вул.Набережна, 2(|)
{"#",47e6dd42-cd5c-4e3a-9bc4-14816ed53d38,66:ae9a001517d39cec11e3fca268ca990f}(|){"#",a2b5aac2-33a7-41ec-878c-7dd928ac85cf,184:ae9a001517d39cec11e3fca50ebd04f2}(|)Вишгород, Київська, вул.Набережна, 2(|)
{"#",47e6dd42-cd5c-4e3a-9bc4-14816ed53d38,66:ae9a001517d39cec11e3fca2c4526034}(|){"#",a2b5aac2-33a7-41ec-878c-7dd928ac85cf,184:ae9a001517d39cec11e3fca50ebd04f2}(|)Вишгород, Київська, вул.Набережна, 2(|)
{"#",47e6dd42-cd5c-4e3a-9bc4-14816ed53d38,66:ae9a001517d39cec11e3fca514cf81d6}(|){"#",a2b5aac2-33a7-41ec-878c-7dd928ac85cf,184:ae9a001517d39cec11e3fca50ebd04f2}(|)Вишгород, Київська, вул.Набережна, 2(|)
{"#",47e6dd42-cd5c-4e3a-9bc4-14816ed53d38,66:ae9a001517d39cec11e3fca29f94c33b}(|){"#",a2b5aac2-33a7-41ec-878c-7dd928ac85cf,184:ae9a001517d39cec11e3fca514cf81d9}(|)Вінниця, Вінницька, с.Горбанівка, Першотравнева55(|)Першотравненва буд № 55, Горбановка, Вінницька
{"#",47e6dd42-cd5c-4e3a-9bc4-14816ed53d38,66:ae9a001517d39cec11e3fca2a5a0196d}(|){"#",a2b5aac2-33a7-41ec-878c-7dd928ac85cf,184:ae9a001517d39cec11e3fca514cf81db}(|)вул.Ткаченка буд № 159-А, м.Донецьк(|)
{"#",47e6dd42-cd5c-4e3a-9bc4-14816ed53d38,66:ae9a001517d39cec11e3fca2a5a0196f}(|){"#",a2b5aac2-33a7-41ec-878c-7dd928ac85cf,184:ae9a001517d39cec11e3fca514cf81dd}(|)Авторинок Спортек, Полтава, Полтавська(|)
{"#",47e6dd42-cd5c-4e3a-9bc4-14816ed53d38,66:ae9a001517d39cec11e3fca3880c6ca1}(|){"#",a2b5aac2-33a7-41ec-878c-7dd928ac85cf,184:ae9a001517d39cec11e3fca514cf81df}(|)вул.Магістральна, м.Макіївка, Донецька обл.(|)
{"#",47e6dd42-cd5c-4e3a-9bc4-14816ed53d38,66:ae9a001517d39cec11e3fca3b29c2738}(|){"#",a2b5aac2-33a7-41ec-878c-7dd928ac85cf,184:ae9a001517d39cec11e3fca514cf81df}(|)вул.Магістральна, м.Макіївка, Донецька обл.(|)
{"#",47e6dd42-cd5c-4e3a-9bc4-14816ed53d38,66:ae9a001517d39cec11e3fca2199518fa}(|){"#",a2b5aac2-33a7-41ec-878c-7dd928ac85cf,184:ae9a001517d39cec11e3fca514cf81e1}(|)Харків, Харківська, вул.Познанська, 2(|)
{"#",47e6dd42-cd5c-4e3a-9bc4-14816ed53d38,66:ae9a001517d39cec11e3fca2873ee299}(|){"#",a2b5aac2-33a7-41ec-878c-7dd928ac85cf,184:ae9a001517d39cec11e3fca514cf81e1}(|)Харків, Харківська, вул.Познанська, 2(|)
{"#",47e6dd42-cd5c-4e3a-9bc4-14816ed53d38,66:ae9a001517d39cec11e3fca3d7313c2d}(|){"#",a2b5aac2-33a7-41ec-878c-7dd928ac85cf,184:ae9a001517d39cec11e3fca514cf81e3}(|)Авторинок Жуляни, Київ, Київська(|)
{"#",47e6dd42-cd5c-4e3a-9bc4-14816ed53d38,66:ae9a001517d39cec11e3fca514cf81e6}(|){"#",a2b5aac2-33a7-41ec-878c-7dd928ac85cf,184:ae9a001517d39cec11e3fca514cf81e5}(|)Миколаїв, Миколаївська, вул.Озерна (Червоних Майовщиків), 8(|)
{"#",47e6dd42-cd5c-4e3a-9bc4-14816ed53d38,66:ae9a001517d39cec11e3fca32695eb7c}(|){"#",a2b5aac2-33a7-41ec-878c-7dd928ac85cf,184:ae9a001517d39cec11e3fca514cf81e8}(|)Київ, Київська, вул.Оноре де Бальзака, 72-А(|)
{"#",47e6dd42-cd5c-4e3a-9bc4-14816ed53d38,66:ae9a001517d39cec11e3fca2dd15ecfd}(|){"#",a2b5aac2-33a7-41ec-878c-7dd928ac85cf,184:ae9a001517d39cec11e3fca514cf81ea}(|)Авторинок Перова, Київ, Київська(|)
{"#",47e6dd42-cd5c-4e3a-9bc4-14816ed53d38,66:ae9a001517d39cec11e3fca0e787fbe9}(|){"#",a2b5aac2-33a7-41ec-878c-7dd928ac85cf,184:ae9a001517d39cec11e3fca514cf81ec}(|)Іванків (Іванківський р-н), Київська, вул.Київська, Київське шоссе1-А(|)
{"#",47e6dd42-cd5c-4e3a-9bc4-14816ed53d38,66:ae9a001517d39cec11e3fca1b130c257}(|){"#",a2b5aac2-33a7-41ec-878c-7dd928ac85cf,184:ae9a001517d39cec11e3fca514cf81ee}(|)Авторинок Іванків авторинок, Іванків (Іванківський р-н), Київська(|)
{"#",47e6dd42-cd5c-4e3a-9bc4-14816ed53d38,66:ae9a001517d39cec11e3fca21faebd46}(|){"#",a2b5aac2-33a7-41ec-878c-7dd928ac85cf,184:ae9a001517d39cec11e3fca514cf81ee}(|)Авторинок Іванків авторинок, Іванків (Іванківський р-н), Київська(|)
{"#",47e6dd42-cd5c-4e3a-9bc4-14816ed53d38,66:ae9a001517d39cec11e3fca3ac9f1f38}(|){"#",a2b5aac2-33a7-41ec-878c-7dd928ac85cf,184:ae9a001517d39cec11e3fca514cf81f0}(|)Чернігів, Чернігівська, вул.Любецька, 24-А(|)
{"#",47e6dd42-cd5c-4e3a-9bc4-14816ed53d38,66:ae9a001517d39cec11e3fca3085150ea}(|){"#",a2b5aac2-33a7-41ec-878c-7dd928ac85cf,184:ae9a001517d39cec11e3fca514cf81f2}(|)Центральний ринок, м.Кілія, Одеська обл.(|)
{"#",47e6dd42-cd5c-4e3a-9bc4-14816ed53d38,66:ae9a001517d39cec11e3fca375de7e5f}(|){"#",a2b5aac2-33a7-41ec-878c-7dd928ac85cf,184:ae9a001517d39cec11e3fca514cf81f4}(|)Драбів, Черкаська, вул.Комсомольська, 81(|)
{"#",47e6dd42-cd5c-4e3a-9bc4-14816ed53d38,66:ae9a001517d39cec11e3fca0e787fbf9}(|){"#",a2b5aac2-33a7-41ec-878c-7dd928ac85cf,184:ae9a001517d39cec11e3fca514cf81f6}(|)Димер, Київська, вул.Шевченка, 9(|)
{"#",47e6dd42-cd5c-4e3a-9bc4-14816ed53d38,66:ae9a001517d39cec11e3fca15c114d06}(|){"#",a2b5aac2-33a7-41ec-878c-7dd928ac85cf,184:ae9a001517d39cec11e3fca514cf81f8}(|)Бородянка, Київська, вул.Київська, 2(|)
{"#",47e6dd42-cd5c-4e3a-9bc4-14816ed53d38,66:ae9a001517d39cec11e3fca206c2a87c}(|){"#",a2b5aac2-33a7-41ec-878c-7dd928ac85cf,184:ae9a001517d39cec11e3fca514cf81f8}(|)Бородянка, Київська, вул.Київська, 2(|)
{"#",47e6dd42-cd5c-4e3a-9bc4-14816ed53d38,66:ae9a001517d39cec11e3fca0b0b6aaaf}(|){"#",a2b5aac2-33a7-41ec-878c-7dd928ac85cf,184:ae9a001517d39cec11e3fca514cf81fa}(|)Буча, Київська, вул.Петровського, 9(|)
{"#",47e6dd42-cd5c-4e3a-9bc4-14816ed53d38,66:ae9a001517d39cec11e3fca32695eb7b}(|){"#",a2b5aac2-33a7-41ec-878c-7dd928ac85cf,184:ae9a001517d39cec11e3fca514cf81fc}(|)вул.Елеваторна буд № 3, м.Донецьк, 83059(|)
{"#",47e6dd42-cd5c-4e3a-9bc4-14816ed53d38,66:ae9a001517d39cec11e3fca106521a32}(|){"#",a2b5aac2-33a7-41ec-878c-7dd928ac85cf,184:ae9a001517d39cec11e3fca514cf81fe}(|)Нові Петрівці, Київська, вул.Леніна, 90(|)
{"#",47e6dd42-cd5c-4e3a-9bc4-14816ed53d38,66:ae9a001517d39cec11e3fca0aa852ee1}(|){"#",a2b5aac2-33a7-41ec-878c-7dd928ac85cf,184:ae9a001517d39cec11e3fca514cf8200}(|)Бородянка, Київська, вул.Київська, 2(|)
{"#",47e6dd42-cd5c-4e3a-9bc4-14816ed53d38,66:ae9a001517d39cec11e3fca100197753}(|){"#",a2b5aac2-33a7-41ec-878c-7dd928ac85cf,184:ae9a001517d39cec11e3fca514cf8200}(|)Бородянка, Київська, вул.Київська, 2(|)
{"#",47e6dd42-cd5c-4e3a-9bc4-14816ed53d38,66:ae9a001517d39cec11e3fca2ef9c1248}(|){"#",a2b5aac2-33a7-41ec-878c-7dd928ac85cf,184:ae9a001517d39cec11e3fca514cf8202}(|)Славутич, Чернігівська, кварталМосковський, 1(|)
{"#",47e6dd42-cd5c-4e3a-9bc4-14816ed53d38,66:ae9a001517d39cec11e3fca3085150e6}(|){"#",a2b5aac2-33a7-41ec-878c-7dd928ac85cf,184:ae9a001517d39cec11e3fca514cf8204}(|)вул.Ломоносова буд № 3, м.Мелітополь, Запорізька обл.(|)
{"#",47e6dd42-cd5c-4e3a-9bc4-14816ed53d38,66:b7df001517d39cec11e76ae206adc3b7}(|){"#",a2b5aac2-33a7-41ec-878c-7dd928ac85cf,184:ae9a001517d39cec11e3fca514cf8204}(|)вул.Ломоносова буд № 3, м.Мелітополь, Запорізька обл.(|)
{"#",47e6dd42-cd5c-4e3a-9bc4-14816ed53d38,66:ae9a001517d39cec11e3fca25cb64f07}(|){"#",a2b5aac2-33a7-41ec-878c-7dd928ac85cf,184:ae9a001517d39cec11e3fca514cf8206}(|)Бородянка, Київська, вул.Комсомольська, 20(|)
{"#",47e6dd42-cd5c-4e3a-9bc4-14816ed53d38,66:ae9a001517d39cec11e3fca206c2a885}(|){"#",a2b5aac2-33a7-41ec-878c-7dd928ac85cf,184:ae9a001517d39cec11e3fca514cf8209}(|)Білопілля, Сумська, вул.Леніна, 69(|)
{"#",47e6dd42-cd5c-4e3a-9bc4-14816ed53d38,66:ae9a001517d39cec11e3fca1808c2815}(|){"#",a2b5aac2-33a7-41ec-878c-7dd928ac85cf,184:ae9a001517d39cec11e3fca514cf820c}(|)Буринь, Сумська, вул.Кірова, 20(|)
{"#",47e6dd42-cd5c-4e3a-9bc4-14816ed53d38,66:ae9a001517d39cec11e3fca2a5a0196b}(|){"#",a2b5aac2-33a7-41ec-878c-7dd928ac85cf,184:ae9a001517d39cec11e3fca514cf820e}(|)Київ, Київська, вул.Милославська, 58(|)
{"#",47e6dd42-cd5c-4e3a-9bc4-14816ed53d38,66:ae9a001517d39cec11e3fca192cf8b8b}(|){"#",a2b5aac2-33a7-41ec-878c-7dd928ac85cf,184:ae9a001517d39cec11e3fca514cf8210}(|)Бахмач, Чернігівська, вул.Європейська (Луначарського), 1(|)
{"#",47e6dd42-cd5c-4e3a-9bc4-14816ed53d38,66:ae9a001517d39cec11e3fca16217de74}(|){"#",a2b5aac2-33a7-41ec-878c-7dd928ac85cf,184:ae9a001517d39cec11e3fca514cf8212}(|)Бахмач, Чернігівська, вул.Батуринська, 30(|)
{"#",47e6dd42-cd5c-4e3a-9bc4-14816ed53d38,66:ae9a001517d39cec11e3fca32cc9c9ac}(|){"#",a2b5aac2-33a7-41ec-878c-7dd928ac85cf,184:ae9a001517d39cec11e3fca514cf8214}(|)Харків, Харківська, вул.Річкова, 25(|)
{"#",47e6dd42-cd5c-4e3a-9bc4-14816ed53d38,66:ae9a001517d39cec11e3fca28d4c9b1b}(|){"#",a2b5aac2-33a7-41ec-878c-7dd928ac85cf,184:ae9a001517d39cec11e3fca514cf8216}(|)Київ, Київська, вул.Гречка Маршала, 9(|)
{"#",47e6dd42-cd5c-4e3a-9bc4-14816ed53d38,66:ae9a001517d39cec11e3fca514cf8219}(|){"#",a2b5aac2-33a7-41ec-878c-7dd928ac85cf,184:ae9a001517d39cec11e3fca514cf8218}(|)Київ, Київська, вул.Гонгадзе Георгія, 32-В(|)
{"#",47e6dd42-cd5c-4e3a-9bc4-14816ed53d38,66:ae9a001517d39cec11e3fca0db67c638}(|){"#",a2b5aac2-33a7-41ec-878c-7dd928ac85cf,184:ae9a001517d39cec11e3fca514cf821c}(|)Київ, Київська, вул.Депутатська, 2(|)
{"#",47e6dd42-cd5c-4e3a-9bc4-14816ed53d38,66:ae9a001517d39cec11e3fca0a45ada1b}(|){"#",a2b5aac2-33a7-41ec-878c-7dd928ac85cf,184:ae9a001517d39cec11e3fca514cf821e}(|)Підлужжя, Івано-Франківська, вул.Стуса, 6(|)
{"#",47e6dd42-cd5c-4e3a-9bc4-14816ed53d38,66:ae9a001517d39cec11e3fca10c5d7065}(|){"#",a2b5aac2-33a7-41ec-878c-7dd928ac85cf,184:ae9a001517d39cec11e3fca514cf821e}(|)Підлужжя, Івано-Франківська, вул.Стуса, 6(|)
{"#",47e6dd42-cd5c-4e3a-9bc4-14816ed53d38,66:ae9a001517d39cec11e3fca2d6dd4a1f}(|){"#",a2b5aac2-33a7-41ec-878c-7dd928ac85cf,184:ae9a001517d39cec11e3fca514cf821e}(|)Підлужжя, Івано-Франківська, вул.Стуса, 6(|)
{"#",47e6dd42-cd5c-4e3a-9bc4-14816ed53d38,66:ae9a001517d39cec11e3fca3cae87e75}(|){"#",a2b5aac2-33a7-41ec-878c-7dd928ac85cf,184:ae9a001517d39cec11e3fca514cf8221}(|)Ворожба (Білопільський р-н), Сумська, вул.Леніна, 3(|)
{"#",47e6dd42-cd5c-4e3a-9bc4-14816ed53d38,66:ae9a001517d39cec11e3fca186c00634}(|){"#",a2b5aac2-33a7-41ec-878c-7dd928ac85cf,184:ae9a001517d39cec11e3fca514cf8223}(|)Кам'янець-Подільський, Хмельницька, вул.Старобульварна, 2-А(|)
{"#",47e6dd42-cd5c-4e3a-9bc4-14816ed53d38,66:ae9a001517d39cec11e3fca1dc32eddc}(|){"#",a2b5aac2-33a7-41ec-878c-7dd928ac85cf,184:ae9a001517d39cec11e3fca514cf8225}(|)Брусилів, Житомирська, с.Ставище, шоссе1(|)
{"#",47e6dd42-cd5c-4e3a-9bc4-14816ed53d38,66:ae9a001517d39cec11e3fca0db67c63d}(|){"#",a2b5aac2-33a7-41ec-878c-7dd928ac85cf,184:ae9a001517d39cec11e3fca51ad14e99}(|)Житомир, Житомирська, вул.Бульби-Боровця Тараса (Маршала Рибалка), 40-А(|)
{"#",47e6dd42-cd5c-4e3a-9bc4-14816ed53d38,66:ae9a001517d39cec11e3fca124fad790}(|){"#",a2b5aac2-33a7-41ec-878c-7dd928ac85cf,184:ae9a001517d39cec11e3fca51ad14e99}(|)Житомир, Житомирська, вул.Бульби-Боровця Тараса (Маршала Рибалка), 40-А(|)
{"#",47e6dd42-cd5c-4e3a-9bc4-14816ed53d38,66:ae9a001517d39cec11e3fca15c114d0a}(|){"#",a2b5aac2-33a7-41ec-878c-7dd928ac85cf,184:ae9a001517d39cec11e3fca51ad14e99}(|)Житомир, Житомирська, вул.Бульби-Боровця Тараса (Маршала Рибалка), 40-А(|)
{"#",47e6dd42-cd5c-4e3a-9bc4-14816ed53d38,66:ae9a001517d39cec11e3fca0cf321b50}(|){"#",a2b5aac2-33a7-41ec-878c-7dd928ac85cf,184:ae9a001517d39cec11e3fca51ad14e9b}(|)Бердичів, Житомирська, вул.Петровського, 14(|)
{"#",47e6dd42-cd5c-4e3a-9bc4-14816ed53d38,66:ae9a001517d39cec11e3fca206c2a876}(|){"#",a2b5aac2-33a7-41ec-878c-7dd928ac85cf,184:ae9a001517d39cec11e3fca51ad14e9d}(|)Корюківка, Чернігівська, вул.Мічуріна, 24(|)
{"#",47e6dd42-cd5c-4e3a-9bc4-14816ed53d38,66:ae9a001517d39cec11e3fca2c4526025}(|){"#",a2b5aac2-33a7-41ec-878c-7dd928ac85cf,184:ae9a001517d39cec11e3fca51ad14e9d}(|)Корюківка, Чернігівська, вул.Мічуріна, 24(|)
{"#",47e6dd42-cd5c-4e3a-9bc4-14816ed53d38,66:ae9a001517d39cec11e3fca15c114d16}(|){"#",a2b5aac2-33a7-41ec-878c-7dd928ac85cf,184:ae9a001517d39cec11e3fca51ad14e9f}(|)Сосниця, Чернігівська, вул.Шевченка, 7(|)
{"#",47e6dd42-cd5c-4e3a-9bc4-14816ed53d38,66:ae9a001517d39cec11e3fca1cffae09e}(|){"#",a2b5aac2-33a7-41ec-878c-7dd928ac85cf,184:ae9a001517d39cec11e3fca51ad14ea1}(|)Мена, Чернігівська, вул.Шевченко, 1(|)
{"#",47e6dd42-cd5c-4e3a-9bc4-14816ed53d38,66:ae9a001517d39cec11e3fca09e56ab04}(|){"#",a2b5aac2-33a7-41ec-878c-7dd928ac85cf,184:ae9a001517d39cec11e3fca51ad14ea3}(|)Авторинок Центральний (республиканской), Кам'янське(Дніпропетровська обл), Дніпропетровська(|)
{"#",47e6dd42-cd5c-4e3a-9bc4-14816ed53d38,66:ae9a001517d39cec11e3fca12b0fb716}(|){"#",a2b5aac2-33a7-41ec-878c-7dd928ac85cf,184:ae9a001517d39cec11e3fca51ad14ea3}(|)Авторинок Центральний (республиканской), Кам'янське(Дніпропетровська обл), Дніпропетровська(|)
{"#",47e6dd42-cd5c-4e3a-9bc4-14816ed53d38,66:ae9a001517d39cec11e3fca1dc32edcf}(|){"#",a2b5aac2-33a7-41ec-878c-7dd928ac85cf,184:ae9a001517d39cec11e3fca51ad14ea3}(|)Авторинок Центральний (республиканской), Кам'янське(Дніпропетровська обл), Дніпропетровська(|)
{"#",47e6dd42-cd5c-4e3a-9bc4-14816ed53d38,66:ae9a001517d39cec11e3fca1fa8a9b33}(|){"#",a2b5aac2-33a7-41ec-878c-7dd928ac85cf,184:ae9a001517d39cec11e3fca51ad14ea3}(|)Авторинок Центральний (республиканской), Кам'янське(Дніпропетровська обл), Дніпропетровська(|)
{"#",47e6dd42-cd5c-4e3a-9bc4-14816ed53d38,66:ae9a001517d39cec11e3fca2135c7620}(|){"#",a2b5aac2-33a7-41ec-878c-7dd928ac85cf,184:ae9a001517d39cec11e3fca51ad14ea3}(|)Авторинок Центральний (республиканской), Кам'янське(Дніпропетровська обл), Дніпропетровська(|)
{"#",47e6dd42-cd5c-4e3a-9bc4-14816ed53d38,66:ae9a001517d39cec11e3fca2d6dd4a18}(|){"#",a2b5aac2-33a7-41ec-878c-7dd928ac85cf,184:ae9a001517d39cec11e3fca51ad14ea3}(|)Авторинок Центральний (республиканской), Кам'янське(Дніпропетровська обл), Дніпропетровська(|)
{"#",47e6dd42-cd5c-4e3a-9bc4-14816ed53d38,66:ae9a001517d39cec11e3fca2fc121ca8}(|){"#",a2b5aac2-33a7-41ec-878c-7dd928ac85cf,184:ae9a001517d39cec11e3fca51ad14ea3}(|)Авторинок Центральний (республиканской), Кам'янське(Дніпропетровська обл), Дніпропетровська(|)
{"#",47e6dd42-cd5c-4e3a-9bc4-14816ed53d38,66:ae9a001517d39cec11e3fca37bdde8ce}(|){"#",a2b5aac2-33a7-41ec-878c-7dd928ac85cf,184:ae9a001517d39cec11e3fca51ad14ea3}(|)Авторинок Центральний (республиканской), Кам'янське(Дніпропетровська обл), Дніпропетровська(|)
{"#",47e6dd42-cd5c-4e3a-9bc4-14816ed53d38,66:ae9a001517d39cec11e3fca3a6857ae7}(|){"#",a2b5aac2-33a7-41ec-878c-7dd928ac85cf,184:ae9a001517d39cec11e3fca51ad14ea3}(|)Авторинок Центральний (республиканской), Кам'янське(Дніпропетровська обл), Дніпропетровська(|)
{"#",47e6dd42-cd5c-4e3a-9bc4-14816ed53d38,66:ae9a001517d39cec11e3fca3d11797ea}(|){"#",a2b5aac2-33a7-41ec-878c-7dd928ac85cf,184:ae9a001517d39cec11e3fca51ad14ea3}(|)Авторинок Центральний (республиканской), Кам'янське(Дніпропетровська обл), Дніпропетровська(|)
{"#",47e6dd42-cd5c-4e3a-9bc4-14816ed53d38,66:ae9a001517d39cec11e3fca3d11797f2}(|){"#",a2b5aac2-33a7-41ec-878c-7dd928ac85cf,184:ae9a001517d39cec11e3fca51ad14ea3}(|)Авторинок Центральний (республиканской), Кам'янське(Дніпропетровська обл), Дніпропетровська(|)
{"#",47e6dd42-cd5c-4e3a-9bc4-14816ed53d38,66:ae9a001517d39cec11e3fca622d6970d}(|){"#",a2b5aac2-33a7-41ec-878c-7dd928ac85cf,184:ae9a001517d39cec11e3fca51ad14ea3}(|)Авторинок Центральний (республиканской), Кам'янське(Дніпропетровська обл), Дніпропетровська(|)
{"#",47e6dd42-cd5c-4e3a-9bc4-14816ed53d38,66:ae9a001517d39cec11e3fca174541add}(|){"#",a2b5aac2-33a7-41ec-878c-7dd928ac85cf,184:ae9a001517d39cec11e3fca51ad14ea6}(|)Київ, Київська, вул.Жмеринська, 1-А(|)
{"#",47e6dd42-cd5c-4e3a-9bc4-14816ed53d38,66:ae9a001517d39cec11e3fca51ad14ea9}(|){"#",a2b5aac2-33a7-41ec-878c-7dd928ac85cf,184:ae9a001517d39cec11e3fca51ad14ea8}(|)Харків, Харківська, вул.Уборевича Командарма, 2(|)
{"#",47e6dd42-cd5c-4e3a-9bc4-14816ed53d38,66:ae9a001517d39cec11e3fca09859a2e9}(|){"#",a2b5aac2-33a7-41ec-878c-7dd928ac85cf,184:ae9a001517d39cec11e3fca51ad14eab}(|)Авторинок Нива, Чернігів, Чернігівська(|)
{"#",47e6dd42-cd5c-4e3a-9bc4-14816ed53d38,66:ae9a001517d39cec11e3fca206c2a886}(|){"#",a2b5aac2-33a7-41ec-878c-7dd928ac85cf,184:ae9a001517d39cec11e3fca51ad14eab}(|)Авторинок Нива, Чернігів, Чернігівська(|)
{"#",47e6dd42-cd5c-4e3a-9bc4-14816ed53d38,66:ae9a001517d39cec11e3fca26edab3ed}(|){"#",a2b5aac2-33a7-41ec-878c-7dd928ac85cf,184:ae9a001517d39cec11e3fca51ad14eab}(|)Авторинок Нива, Чернігів, Чернігівська(|)
{"#",47e6dd42-cd5c-4e3a-9bc4-14816ed53d38,66:ae9a001517d39cec11e3fca2999558df}(|){"#",a2b5aac2-33a7-41ec-878c-7dd928ac85cf,184:ae9a001517d39cec11e3fca51ad14eab}(|)Авторинок Нива, Чернігів, Чернігівська(|)
{"#",47e6dd42-cd5c-4e3a-9bc4-14816ed53d38,66:ae9a001517d39cec11e3fca262c8cc4b}(|){"#",a2b5aac2-33a7-41ec-878c-7dd928ac85cf,184:ae9a001517d39cec11e3fca51ad14ead}(|)Чернігів, Чернігівська, вул.Таранущенка, 8(|)
{"#",47e6dd42-cd5c-4e3a-9bc4-14816ed53d38,66:ae9a001517d39cec11e3fca231e8974b}(|){"#",a2b5aac2-33a7-41ec-878c-7dd928ac85cf,184:ae9a001517d39cec11e3fca51ad14eaf}(|)Чернігів, Чернігівська, вул.Київська, 59(|)
{"#",47e6dd42-cd5c-4e3a-9bc4-14816ed53d38,66:ae9a001517d39cec11e3fca3c4eb766d}(|){"#",a2b5aac2-33a7-41ec-878c-7dd928ac85cf,184:ae9a001517d39cec11e3fca51ad14eaf}(|)Чернігів, Чернігівська, вул.Київська, 59(|)
{"#",47e6dd42-cd5c-4e3a-9bc4-14816ed53d38,66:ae9a001517d39cec11e3fca2008eca5f}(|){"#",a2b5aac2-33a7-41ec-878c-7dd928ac85cf,184:ae9a001517d39cec11e3fca51ad14eb1}(|)Конотоп, Сумська, вул.Хмельницького Богдана, 25(|)Богдана Хмельницкого буд № 25, Конотоп, Сумська, Сумська, 41 600
{"#",47e6dd42-cd5c-4e3a-9bc4-14816ed53d38,66:ae9a001517d39cec11e3fca51ad14eb5}(|){"#",a2b5aac2-33a7-41ec-878c-7dd928ac85cf,184:ae9a001517d39cec11e3fca51ad14eb4}(|)Бровари, Київська, вул.Мудрого Ярослава (Кірова), 55(|)
{"#",47e6dd42-cd5c-4e3a-9bc4-14816ed53d38,66:ae9a001517d39cec11e3fca219951900}(|){"#",a2b5aac2-33a7-41ec-878c-7dd928ac85cf,184:ae9a001517d39cec11e3fca51ad14eb7}(|)Харків, Харківська, просп.Олександрівський (Косіора), 2(|)
{"#",47e6dd42-cd5c-4e3a-9bc4-14816ed53d38,66:ae9a001517d39cec11e3fca14fbca38e}(|){"#",a2b5aac2-33a7-41ec-878c-7dd928ac85cf,184:ae9a001517d39cec11e3fca51ad14eb9}(|)Чугуїв, Харківська, вул.Харківська, 171(|)
{"#",47e6dd42-cd5c-4e3a-9bc4-14816ed53d38,66:ae9a001517d39cec11e3fca375de7e67}(|){"#",a2b5aac2-33a7-41ec-878c-7dd928ac85cf,184:ae9a001517d39cec11e3fca51ad14ebb}(|)Прилуки, Чернігівська, вул.Пирятинська, 127(|)
{"#",47e6dd42-cd5c-4e3a-9bc4-14816ed53d38,66:ae9a001517d39cec11e3fca332c46f65}(|){"#",a2b5aac2-33a7-41ec-878c-7dd928ac85cf,184:ae9a001517d39cec11e3fca51ad14ebd}(|)Переяслівська буд № 5, м.Луганськ, Луганська обл.(|)
{"#",47e6dd42-cd5c-4e3a-9bc4-14816ed53d38,66:ae9a001517d39cec11e3fca1808c2825}(|){"#",a2b5aac2-33a7-41ec-878c-7dd928ac85cf,184:ae9a001517d39cec11e3fca51ad14ebf}(|)Вишневе, Київська, вул.Чорновола В'ячеслава, 53(|)
{"#",47e6dd42-cd5c-4e3a-9bc4-14816ed53d38,66:ae9a001517d39cec11e3fca2dd15ecfe}(|){"#",a2b5aac2-33a7-41ec-878c-7dd928ac85cf,184:ae9a001517d39cec11e3fca51ad14ebf}(|)Вишневе, Київська, вул.Чорновола В'ячеслава, 53(|)
{"#",47e6dd42-cd5c-4e3a-9bc4-14816ed53d38,66:ae9a001517d39cec11e3fca2f5ea2a37}(|){"#",a2b5aac2-33a7-41ec-878c-7dd928ac85cf,184:ae9a001517d39cec11e3fca51ad14ec2}(|)Суми, Сумська, вул.Чернігівська, 11(|)
{"#",47e6dd42-cd5c-4e3a-9bc4-14816ed53d38,66:ae9a001517d39cec11e3fca1681c0d96}(|){"#",a2b5aac2-33a7-41ec-878c-7dd928ac85cf,184:ae9a001517d39cec11e3fca51ad14ec5}(|)вул.Жовтнева буд № 93, Ужгородський р-н, Закарпатська обл., 89440(|)
{"#",47e6dd42-cd5c-4e3a-9bc4-14816ed53d38,66:ae9a001517d39cec11e3fca332c46f66}(|){"#",a2b5aac2-33a7-41ec-878c-7dd928ac85cf,184:ae9a001517d39cec11e3fca51ad14ec7}(|)Полтава, Полтавська, вул.Менделєєва, 23(|)
{"#",47e6dd42-cd5c-4e3a-9bc4-14816ed53d38,66:ae9a001517d39cec11e3fca2ca732b8d}(|){"#",a2b5aac2-33a7-41ec-878c-7dd928ac85cf,184:ae9a001517d39cec11e3fca51ad14ec9}(|)Київ, Київська, просп.Повітрофлотський, 59(|)
{"#",47e6dd42-cd5c-4e3a-9bc4-14816ed53d38,66:ae9a001517d39cec11e3fca2f5ea2a3b}(|){"#",a2b5aac2-33a7-41ec-878c-7dd928ac85cf,184:ae9a001517d39cec11e3fca51ad14ecd}(|)Харків, Харківська, просп.Ландау Льва (50-річчя СРСР), 147(|)
{"#",47e6dd42-cd5c-4e3a-9bc4-14816ed53d38,66:ae9a001517d39cec11e3fca338f5eb1c}(|){"#",a2b5aac2-33a7-41ec-878c-7dd928ac85cf,184:ae9a001517d39cec11e3fca51ad14ecf}(|)вул.Першотравнева буд № 115, м.Добропілля, Донецька обл.(|)
{"#",47e6dd42-cd5c-4e3a-9bc4-14816ed53d38,66:ae9a001517d39cec11e3fca51ad14ed2}(|){"#",a2b5aac2-33a7-41ec-878c-7dd928ac85cf,184:ae9a001517d39cec11e3fca51ad14ed1}(|)Ірпінь, Київська, вул.Михайлівська, 20-А(|)
{"#",47e6dd42-cd5c-4e3a-9bc4-14816ed53d38,66:ae9a001517d39cec11e3fca3085150f1}(|){"#",a2b5aac2-33a7-41ec-878c-7dd928ac85cf,184:ae9a001517d39cec11e3fca51ad14ed4}(|)Новопокровка (Харківська обл.), Харківська, вул.Леніна, 126(|)
{"#",47e6dd42-cd5c-4e3a-9bc4-14816ed53d38,66:ae9a001517d39cec11e3fca31a735363}(|){"#",a2b5aac2-33a7-41ec-878c-7dd928ac85cf,184:ae9a001517d39cec11e3fca51ad14ed6}(|)Харків, Харківська, вул.Тобольська, 49(|)
{"#",47e6dd42-cd5c-4e3a-9bc4-14816ed53d38,66:ae9a001517d39cec11e3fca51ad14ed9}(|){"#",a2b5aac2-33a7-41ec-878c-7dd928ac85cf,184:ae9a001517d39cec11e3fca51ad14ed8}(|)АБ "Южний" м-н "Автозапчастини", м.Тарутино, Одеська обл.(|)
{"#",47e6dd42-cd5c-4e3a-9bc4-14816ed53d38,66:ae9a001517d39cec11e3fca2a5a01976}(|){"#",a2b5aac2-33a7-41ec-878c-7dd928ac85cf,184:ae9a001517d39cec11e3fca51ad14edb}(|)пр-т Мира буд № 16, м.Тарутино, Одеська обл.(|)
{"#",47e6dd42-cd5c-4e3a-9bc4-14816ed53d38,66:ae9a001517d39cec11e3fca31a735364}(|){"#",a2b5aac2-33a7-41ec-878c-7dd928ac85cf,184:ae9a001517d39cec11e3fca51ad14edd}(|)Лубни, Полтавська, вул.Київська, 2-А(|)
{"#",47e6dd42-cd5c-4e3a-9bc4-14816ed53d38,66:ae9a001517d39cec11e3fca3085150f3}(|){"#",a2b5aac2-33a7-41ec-878c-7dd928ac85cf,184:ae9a001517d39cec11e3fca51ad14edf}(|)Ірпінь, Київська, вул.Чайковського, 2-Д(|)
{"#",47e6dd42-cd5c-4e3a-9bc4-14816ed53d38,66:ae9a001517d39cec11e3fca3d7313c35}(|){"#",a2b5aac2-33a7-41ec-878c-7dd928ac85cf,184:ae9a001517d39cec11e3fca51ad14ee1}(|)Ірпінь, Київська, вул.Чайковського, 2-Д(|)
{"#",47e6dd42-cd5c-4e3a-9bc4-14816ed53d38,66:ae9a001517d39cec11e3fca1c9c964c3}(|){"#",a2b5aac2-33a7-41ec-878c-7dd928ac85cf,184:ae9a001517d39cec11e3fca51ad14ee3}(|)Авторинок Кірова Троицкая, Миколаїв, Миколаївська(|)Авторинок Кірова, Миколаїв, Миколаївська
{"#",47e6dd42-cd5c-4e3a-9bc4-14816ed53d38,66:ae9a001517d39cec11e3fca2a5a01974}(|){"#",a2b5aac2-33a7-41ec-878c-7dd928ac85cf,184:ae9a001517d39cec11e3fca51ad14ee3}(|)Авторинок Кірова Троицкая, Миколаїв, Миколаївська(|)
{"#",47e6dd42-cd5c-4e3a-9bc4-14816ed53d38,66:ae9a001517d39cec11e3fca2f5ea2a3c}(|){"#",a2b5aac2-33a7-41ec-878c-7dd928ac85cf,184:ae9a001517d39cec11e3fca51ad14ee3}(|)Авторинок Кірова Троицкая, Миколаїв, Миколаївська(|)
{"#",47e6dd42-cd5c-4e3a-9bc4-14816ed53d38,66:a0ef001517d39cec11e7adb916aa0c4f}(|){"#",a2b5aac2-33a7-41ec-878c-7dd928ac85cf,184:ae9a001517d39cec11e3fca520cbf44c}(|)Кривий Ріг, Дніпропетровська, вул. Волгоградська,  4(|)
{"#",47e6dd42-cd5c-4e3a-9bc4-14816ed53d38,66:ae9a001517d39cec11e3fca2008eca52}(|){"#",a2b5aac2-33a7-41ec-878c-7dd928ac85cf,184:ae9a001517d39cec11e3fca520cbf44c}(|)Кривий Ріг, Дніпропетровська, вул. Волгоградська,  4(|)
{"#",47e6dd42-cd5c-4e3a-9bc4-14816ed53d38,66:ae9a001517d39cec11e3fca124fad78d}(|){"#",a2b5aac2-33a7-41ec-878c-7dd928ac85cf,184:ae9a001517d39cec11e3fca520cbf44e}(|)Херсон, Херсонська, шосеЧорновола В'ячеслава (Кіндійське), 1(|)
{"#",47e6dd42-cd5c-4e3a-9bc4-14816ed53d38,66:ae9a001517d39cec11e3fca31a735366}(|){"#",a2b5aac2-33a7-41ec-878c-7dd928ac85cf,184:ae9a001517d39cec11e3fca520cbf450}(|)Харків, Харківська, вул.2-ї П'ятирічки (Біблика), 27-А(|)
{"#",47e6dd42-cd5c-4e3a-9bc4-14816ed53d38,66:ae9a001517d39cec11e3fca32695eb83}(|){"#",a2b5aac2-33a7-41ec-878c-7dd928ac85cf,184:ae9a001517d39cec11e3fca520cbf452}(|)Зміїв, Харківська, вул.Садова, 55(|)
{"#",47e6dd42-cd5c-4e3a-9bc4-14816ed53d38,66:ae9a001517d39cec11e3fca3880c6ca6}(|){"#",a2b5aac2-33a7-41ec-878c-7dd928ac85cf,184:ae9a001517d39cec11e3fca520cbf454}(|)Харків, Харківська, вул.П'ятихатська, 1(|)
{"#",47e6dd42-cd5c-4e3a-9bc4-14816ed53d38,66:ae9a001517d39cec11e3fca067bc2fd3}(|){"#",a2b5aac2-33a7-41ec-878c-7dd928ac85cf,184:ae9a001517d39cec11e3fca520cbf456}(|)Київ, Київська, вул.Празька, 3(|)
{"#",47e6dd42-cd5c-4e3a-9bc4-14816ed53d38,66:ae9a001517d39cec11e3fca09e56aafe}(|){"#",a2b5aac2-33a7-41ec-878c-7dd928ac85cf,184:ae9a001517d39cec11e3fca520cbf458}(|)магазин "Гараж", Кременчуг, Полтавська, Полтавська(|)магазин "Гараж", Кременчуг, Полтавська, Полтавська
{"#",47e6dd42-cd5c-4e3a-9bc4-14816ed53d38,66:ae9a001517d39cec11e3fca08c2d818a}(|){"#",a2b5aac2-33a7-41ec-878c-7dd928ac85cf,184:ae9a001517d39cec11e3fca520cbf45a}(|)Авторинок Авторинок, Кременчук, Полтавська(|)Авторинок Кременчуг, Кременчуг, Полтавська, Полтавська
{"#",47e6dd42-cd5c-4e3a-9bc4-14816ed53d38,66:ae9a001517d39cec11e3fca0925a388b}(|){"#",a2b5aac2-33a7-41ec-878c-7dd928ac85cf,184:ae9a001517d39cec11e3fca520cbf45a}(|)Авторинок Авторинок, Кременчук, Полтавська(|)
{"#",47e6dd42-cd5c-4e3a-9bc4-14816ed53d38,66:ae9a001517d39cec11e3fca10c5d7064}(|){"#",a2b5aac2-33a7-41ec-878c-7dd928ac85cf,184:ae9a001517d39cec11e3fca520cbf45a}(|)Авторинок Авторинок, Кременчук, Полтавська(|)
{"#",47e6dd42-cd5c-4e3a-9bc4-14816ed53d38,66:ae9a001517d39cec11e3fca12b0fb717}(|){"#",a2b5aac2-33a7-41ec-878c-7dd928ac85cf,184:ae9a001517d39cec11e3fca520cbf45a}(|)Авторинок Авторинок, Кременчук, Полтавська(|)
{"#",47e6dd42-cd5c-4e3a-9bc4-14816ed53d38,66:ae9a001517d39cec11e3fca262c8cc42}(|){"#",a2b5aac2-33a7-41ec-878c-7dd928ac85cf,184:ae9a001517d39cec11e3fca520cbf45a}(|)Авторинок Авторинок, Кременчук, Полтавська(|)
{"#",47e6dd42-cd5c-4e3a-9bc4-14816ed53d38,66:ae9a001517d39cec11e3fca30e4bf6ad}(|){"#",a2b5aac2-33a7-41ec-878c-7dd928ac85cf,184:ae9a001517d39cec11e3fca520cbf45a}(|)Авторинок Авторинок, Кременчук, Полтавська(|)
{"#",47e6dd42-cd5c-4e3a-9bc4-14816ed53d38,66:ae9a001517d39cec11e3fca520cbf45d}(|){"#",a2b5aac2-33a7-41ec-878c-7dd928ac85cf,184:ae9a001517d39cec11e3fca520cbf45c}(|)Кременчук, Полтавська, вул.Київська, 64(|)
{"#",47e6dd42-cd5c-4e3a-9bc4-14816ed53d38,66:ae9a001517d39cec11e3fca32695eb8b}(|){"#",a2b5aac2-33a7-41ec-878c-7dd928ac85cf,184:ae9a001517d39cec11e3fca520cbf45f}(|)Жовті Води, Дніпропетровська, вул.Волонтерська (Орджонікідзе), 67(|)Орджоникидзе буд № 67, Кривий Ріг, Днепропетровська
{"#",47e6dd42-cd5c-4e3a-9bc4-14816ed53d38,66:ae9a001517d39cec11e3fca0bccd56f8}(|){"#",a2b5aac2-33a7-41ec-878c-7dd928ac85cf,184:ae9a001517d39cec11e3fca520cbf461}(|)Кривий Ріг, Дніпропетровська, вул.Симбірцева, 1(|)Симбирцева буд № 1, Кривий Ріг, Днепропетровська
{"#",47e6dd42-cd5c-4e3a-9bc4-14816ed53d38,66:ae9a001517d39cec11e3fca3d11797f6}(|){"#",a2b5aac2-33a7-41ec-878c-7dd928ac85cf,184:ae9a001517d39cec11e3fca520cbf461}(|)Кривий Ріг, Дніпропетровська, вул.Симбірцева, 1(|)Симбирцева буд № 1, Кривий Ріг, Днепропетровська
{"#",47e6dd42-cd5c-4e3a-9bc4-14816ed53d38,66:ae9a001517d39cec11e3fca09e56aaff}(|){"#",a2b5aac2-33a7-41ec-878c-7dd928ac85cf,184:ae9a001517d39cec11e3fca520cbf464}(|)Авторинок Терминал, Кривий Ріг, Дніпропетровська(|)Авторинок Термiнал, Кривий Ріг, Днепропетровська
{"#",47e6dd42-cd5c-4e3a-9bc4-14816ed53d38,66:ae9a001517d39cec11e3fca0bccd56f3}(|){"#",a2b5aac2-33a7-41ec-878c-7dd928ac85cf,184:ae9a001517d39cec11e3fca520cbf464}(|)Авторинок Терминал, Кривий Ріг, Дніпропетровська(|)Авторинок Термiнал, Кривий Ріг, Днепропетровська
{"#",47e6dd42-cd5c-4e3a-9bc4-14816ed53d38,66:ae9a001517d39cec11e3fca0bccd56fd}(|){"#",a2b5aac2-33a7-41ec-878c-7dd928ac85cf,184:ae9a001517d39cec11e3fca520cbf464}(|)Авторинок Терминал, Кривий Ріг, Дніпропетровська(|)Авторинок Термiнал, Кривий Ріг, Днепропетровська
{"#",47e6dd42-cd5c-4e3a-9bc4-14816ed53d38,66:ae9a001517d39cec11e3fca0edab29a7}(|){"#",a2b5aac2-33a7-41ec-878c-7dd928ac85cf,184:ae9a001517d39cec11e3fca520cbf464}(|)Авторинок Терминал, Кривий Ріг, Дніпропетровська(|)Авторинок Термiнал, Кривий Ріг, Днепропетровська
{"#",47e6dd42-cd5c-4e3a-9bc4-14816ed53d38,66:ae9a001517d39cec11e3fca10c5d705f}(|){"#",a2b5aac2-33a7-41ec-878c-7dd928ac85cf,184:ae9a001517d39cec11e3fca520cbf464}(|)Авторинок Терминал, Кривий Ріг, Дніпропетровська(|)Авторинок Термiнал, Кривий Ріг, Днепропетровська
{"#",47e6dd42-cd5c-4e3a-9bc4-14816ed53d38,66:ae9a001517d39cec11e3fca186c00648}(|){"#",a2b5aac2-33a7-41ec-878c-7dd928ac85cf,184:ae9a001517d39cec11e3fca520cbf464}(|)Авторинок Терминал, Кривий Ріг, Дніпропетровська(|)Авторинок Термiнал, Кривий Ріг, Днепропетровська
{"#",47e6dd42-cd5c-4e3a-9bc4-14816ed53d38,66:ae9a001517d39cec11e3fca19efe0f58}(|){"#",a2b5aac2-33a7-41ec-878c-7dd928ac85cf,184:ae9a001517d39cec11e3fca520cbf464}(|)Авторинок Терминал, Кривий Ріг, Дніпропетровська(|)Авторинок Термiнал, Кривий Ріг, Днепропетровська
{"#",47e6dd42-cd5c-4e3a-9bc4-14816ed53d38,66:ae9a001517d39cec11e3fca1bd74bb56}(|){"#",a2b5aac2-33a7-41ec-878c-7dd928ac85cf,184:ae9a001517d39cec11e3fca520cbf464}(|)Авторинок Терминал, Кривий Ріг, Дніпропетровська(|)Авторинок Термiнал, Кривий Ріг, Днепропетровська
{"#",47e6dd42-cd5c-4e3a-9bc4-14816ed53d38,66:ae9a001517d39cec11e3fca1d6122281}(|){"#",a2b5aac2-33a7-41ec-878c-7dd928ac85cf,184:ae9a001517d39cec11e3fca520cbf464}(|)Авторинок Терминал, Кривий Ріг, Дніпропетровська(|)Авторинок Термiнал, Кривий Ріг, Днепропетровська
{"#",47e6dd42-cd5c-4e3a-9bc4-14816ed53d38,66:ae9a001517d39cec11e3fca1dc32eddf}(|){"#",a2b5aac2-33a7-41ec-878c-7dd928ac85cf,184:ae9a001517d39cec11e3fca520cbf464}(|)Авторинок Терминал, Кривий Ріг, Дніпропетровська(|)Авторинок Термiнал, Кривий Ріг, Днепропетровська
{"#",47e6dd42-cd5c-4e3a-9bc4-14816ed53d38,66:ae9a001517d39cec11e3fca22beb8f32}(|){"#",a2b5aac2-33a7-41ec-878c-7dd928ac85cf,184:ae9a001517d39cec11e3fca520cbf464}(|)Авторинок Терминал, Кривий Ріг, Дніпропетровська(|)Авторинок Термiнал, Кривий Ріг, Днепропетровська
{"#",47e6dd42-cd5c-4e3a-9bc4-14816ed53d38,66:ae9a001517d39cec11e3fca22beb8f38}(|){"#",a2b5aac2-33a7-41ec-878c-7dd928ac85cf,184:ae9a001517d39cec11e3fca520cbf464}(|)Авторинок Терминал, Кривий Ріг, Дніпропетровська(|)Авторинок Термiнал, Кривий Ріг, Днепропетровська
{"#",47e6dd42-cd5c-4e3a-9bc4-14816ed53d38,66:ae9a001517d39cec11e3fca231e8974a}(|){"#",a2b5aac2-33a7-41ec-878c-7dd928ac85cf,184:ae9a001517d39cec11e3fca520cbf464}(|)Авторинок Терминал, Кривий Ріг, Дніпропетровська(|)Авторинок Термiнал, Кривий Ріг, Днепропетровська
{"#",47e6dd42-cd5c-4e3a-9bc4-14816ed53d38,66:ae9a001517d39cec11e3fca237fd76ce}(|){"#",a2b5aac2-33a7-41ec-878c-7dd928ac85cf,184:ae9a001517d39cec11e3fca520cbf464}(|)Авторинок Терминал, Кривий Ріг, Дніпропетровська(|)
{"#",47e6dd42-cd5c-4e3a-9bc4-14816ed53d38,66:ae9a001517d39cec11e3fca244358411}(|){"#",a2b5aac2-33a7-41ec-878c-7dd928ac85cf,184:ae9a001517d39cec11e3fca520cbf464}(|)Авторинок Терминал, Кривий Ріг, Дніпропетровська(|)Авторинок Термiнал, Кривий Ріг, Днепропетровська
{"#",47e6dd42-cd5c-4e3a-9bc4-14816ed53d38,66:ae9a001517d39cec11e3fca24a53ed17}(|){"#",a2b5aac2-33a7-41ec-878c-7dd928ac85cf,184:ae9a001517d39cec11e3fca520cbf464}(|)Авторинок Терминал, Кривий Ріг, Дніпропетровська(|)Авторинок Термiнал, Кривий Ріг, Днепропетровська
{"#",47e6dd42-cd5c-4e3a-9bc4-14816ed53d38,66:ae9a001517d39cec11e3fca2fc121ca7}(|){"#",a2b5aac2-33a7-41ec-878c-7dd928ac85cf,184:ae9a001517d39cec11e3fca520cbf464}(|)Авторинок Терминал, Кривий Ріг, Дніпропетровська(|)Авторинок Термiнал, Кривий Ріг, Днепропетровська
{"#",47e6dd42-cd5c-4e3a-9bc4-14816ed53d38,66:ae9a001517d39cec11e3fca32cc9c99d}(|){"#",a2b5aac2-33a7-41ec-878c-7dd928ac85cf,184:ae9a001517d39cec11e3fca520cbf464}(|)Авторинок Терминал, Кривий Ріг, Дніпропетровська(|)Авторинок Термiнал, Кривий Ріг, Днепропетровська
{"#",47e6dd42-cd5c-4e3a-9bc4-14816ed53d38,66:ae9a001517d39cec11e3fca345351f78}(|){"#",a2b5aac2-33a7-41ec-878c-7dd928ac85cf,184:ae9a001517d39cec11e3fca520cbf464}(|)Авторинок Терминал, Кривий Ріг, Дніпропетровська(|)Авторинок Термiнал, Кривий Ріг, Днепропетровська
{"#",47e6dd42-cd5c-4e3a-9bc4-14816ed53d38,66:ae9a001517d39cec11e3fca37bdde8cb}(|){"#",a2b5aac2-33a7-41ec-878c-7dd928ac85cf,184:ae9a001517d39cec11e3fca520cbf464}(|)Авторинок Терминал, Кривий Ріг, Дніпропетровська(|)Авторинок Термiнал, Кривий Ріг, Днепропетровська
{"#",47e6dd42-cd5c-4e3a-9bc4-14816ed53d38,66:ae9a001517d39cec11e3fca3b29c273a}(|){"#",a2b5aac2-33a7-41ec-878c-7dd928ac85cf,184:ae9a001517d39cec11e3fca520cbf464}(|)Авторинок Терминал, Кривий Ріг, Дніпропетровська(|)ролет166
{"#",47e6dd42-cd5c-4e3a-9bc4-14816ed53d38,66:ae9a001517d39cec11e3fca3c4eb7673}(|){"#",a2b5aac2-33a7-41ec-878c-7dd928ac85cf,184:ae9a001517d39cec11e3fca520cbf464}(|)Авторинок Терминал, Кривий Ріг, Дніпропетровська(|)Авторинок Термiнал, Кривий Ріг, Днепропетровська
{"#",47e6dd42-cd5c-4e3a-9bc4-14816ed53d38,66:ae9a001517d39cec11e3fca3cae87e76}(|){"#",a2b5aac2-33a7-41ec-878c-7dd928ac85cf,184:ae9a001517d39cec11e3fca520cbf464}(|)Авторинок Терминал, Кривий Ріг, Дніпропетровська(|)Авторинок Термiнал, Кривий Ріг, Днепропетровська
{"#",47e6dd42-cd5c-4e3a-9bc4-14816ed53d38,66:ae9a001517d39cec11e3fca3d11797e8}(|){"#",a2b5aac2-33a7-41ec-878c-7dd928ac85cf,184:ae9a001517d39cec11e3fca520cbf464}(|)Авторинок Терминал, Кривий Ріг, Дніпропетровська(|)Авторинок Термiнал, Кривий Ріг, Днепропетровська
{"#",47e6dd42-cd5c-4e3a-9bc4-14816ed53d38,66:ae9a001517d39cec11e3fca3d11797ee}(|){"#",a2b5aac2-33a7-41ec-878c-7dd928ac85cf,184:ae9a001517d39cec11e3fca520cbf464}(|)Авторинок Терминал, Кривий Ріг, Дніпропетровська(|)Авторинок Термiнал, Кривий Ріг, Днепропетровська
{"#",47e6dd42-cd5c-4e3a-9bc4-14816ed53d38,66:ae9a001517d39cec11e3fca3dd415718}(|){"#",a2b5aac2-33a7-41ec-878c-7dd928ac85cf,184:ae9a001517d39cec11e3fca520cbf464}(|)Авторинок Терминал, Кривий Ріг, Дніпропетровська(|)Авторинок Термiнал, Кривий Ріг, Днепропетровська
{"#",47e6dd42-cd5c-4e3a-9bc4-14816ed53d38,66:ae9a001517d39cec11e3fca3e37c5c48}(|){"#",a2b5aac2-33a7-41ec-878c-7dd928ac85cf,184:ae9a001517d39cec11e3fca520cbf464}(|)Авторинок Терминал, Кривий Ріг, Дніпропетровська(|)ролет №12
{"#",47e6dd42-cd5c-4e3a-9bc4-14816ed53d38,66:ae9a001517d39cec11e3fca0bccd56ee}(|){"#",a2b5aac2-33a7-41ec-878c-7dd928ac85cf,184:ae9a001517d39cec11e3fca520cbf467}(|)Кривий Ріг, Дніпропетровська, вул.Січеславська (Кремлівська), 10(|)Кремлевская буд № 10, Кривий Ріг, Днепропетровська
{"#",47e6dd42-cd5c-4e3a-9bc4-14816ed53d38,66:ae9a001517d39cec11e3fca1dc32edd6}(|){"#",a2b5aac2-33a7-41ec-878c-7dd928ac85cf,184:ae9a001517d39cec11e3fca520cbf469}(|)Кривий Ріг, Дніпропетровська, вул.Світальського Миколи (Коротченка), 5-А(|)Коротченко буд № 5а, Кривий Ріг, Днепропетровська
{"#",47e6dd42-cd5c-4e3a-9bc4-14816ed53d38,66:ae9a001517d39cec11e3fca1e240a665}(|){"#",a2b5aac2-33a7-41ec-878c-7dd928ac85cf,184:ae9a001517d39cec11e3fca520cbf46c}(|)Авторинок Сатурн, Кривий Ріг, Дніпропетровська(|)
{"#",47e6dd42-cd5c-4e3a-9bc4-14816ed53d38,66:ae9a001517d39cec11e3fca2568e5ca8}(|){"#",a2b5aac2-33a7-41ec-878c-7dd928ac85cf,184:ae9a001517d39cec11e3fca520cbf46c}(|)Авторинок Сатурн, Кривий Ріг, Дніпропетровська(|)Авторинок Сатурн, Кривий Ріг, Днепропетровська
{"#",47e6dd42-cd5c-4e3a-9bc4-14816ed53d38,66:ae9a001517d39cec11e3fca2750c2faa}(|){"#",a2b5aac2-33a7-41ec-878c-7dd928ac85cf,184:ae9a001517d39cec11e3fca520cbf46c}(|)Авторинок Сатурн, Кривий Ріг, Дніпропетровська(|)Авторинок Сатурн, Кривий Ріг, Днепропетровська
{"#",47e6dd42-cd5c-4e3a-9bc4-14816ed53d38,66:ae9a001517d39cec11e3fca2c4526035}(|){"#",a2b5aac2-33a7-41ec-878c-7dd928ac85cf,184:ae9a001517d39cec11e3fca520cbf46c}(|)Авторинок Сатурн, Кривий Ріг, Дніпропетровська(|)Авторинок Сатурн, Кривий Ріг, Днепропетровська
{"#",47e6dd42-cd5c-4e3a-9bc4-14816ed53d38,66:ae9a001517d39cec11e3fca20d322173}(|){"#",a2b5aac2-33a7-41ec-878c-7dd928ac85cf,184:ae9a001517d39cec11e3fca520cbf475}(|)Кривий Ріг, Дніпропетровська, вул.Симбірцева, 1(|)Симбірцева буд № 1, Кривий Ріг, Днепропетровська
{"#",47e6dd42-cd5c-4e3a-9bc4-14816ed53d38,66:ae9a001517d39cec11e3fca1dc32edd2}(|){"#",a2b5aac2-33a7-41ec-878c-7dd928ac85cf,184:ae9a001517d39cec11e3fca520cbf479}(|)Кривий Ріг, Дніпропетровська, просп.Перемоги, 17(|)Перемоги буд № 17, Кривий Ріг, Днепропетровська
{"#",47e6dd42-cd5c-4e3a-9bc4-14816ed53d38,66:ae9a001517d39cec11e3fca30e4bf6a0}(|){"#",a2b5aac2-33a7-41ec-878c-7dd928ac85cf,184:ae9a001517d39cec11e3fca520cbf47b}(|)Кривий Ріг, Дніпропетровська, просп.Перемоги, 32(|)Перемоги буд № 32, Кривий Ріг, Днепропетровська
{"#",47e6dd42-cd5c-4e3a-9bc4-14816ed53d38,66:ae9a001517d39cec11e3fca3d7313c32}(|){"#",a2b5aac2-33a7-41ec-878c-7dd928ac85cf,184:ae9a001517d39cec11e3fca520cbf47d}(|)Кривий Ріг, Дніпропетровська, вул.Авраменка Івана (Корнійчука), 14/102(|)Корнийчука буд № 14/102, Кривий Ріг, Днепропетровська
{"#",47e6dd42-cd5c-4e3a-9bc4-14816ed53d38,66:ae9a001517d39cec11e3fca262c8cc3a}(|){"#",a2b5aac2-33a7-41ec-878c-7dd928ac85cf,184:ae9a001517d39cec11e3fca520cbf47f}(|)Кривий Ріг, Дніпропетровська, вул.Комуністична, 15(|)Коммунистическая буд № 15, Кривий Ріг, Днепропетровська
{"#",47e6dd42-cd5c-4e3a-9bc4-14816ed53d38,66:ae9a001517d39cec11e3fca1dc32edd5}(|){"#",a2b5aac2-33a7-41ec-878c-7dd928ac85cf,184:ae9a001517d39cec11e3fca520cbf482}(|)Кривий Ріг, Дніпропетровська, вул.Щорса, 19(|)Щорса буд № 19, Кривий Ріг, Днепропетровська
{"#",47e6dd42-cd5c-4e3a-9bc4-14816ed53d38,66:ae9a001517d39cec11e3fca19efe0f54}(|){"#",a2b5aac2-33a7-41ec-878c-7dd928ac85cf,184:ae9a001517d39cec11e3fca520cbf484}(|)Кривий Ріг, Дніпропетровська, вул.Ватутіна, 56-А(|)Ватутина буд № 56А, Кривий Ріг, Днепропетровська
{"#",47e6dd42-cd5c-4e3a-9bc4-14816ed53d38,66:ae9a001517d39cec11e3fca3e979644c}(|){"#",a2b5aac2-33a7-41ec-878c-7dd928ac85cf,184:ae9a001517d39cec11e3fca520cbf487}(|)РИНОК, м.Тарутино, Одеська обл.(|)
{"#",47e6dd42-cd5c-4e3a-9bc4-14816ed53d38,66:ae9a001517d39cec11e3fca0bccd56f6}(|){"#",a2b5aac2-33a7-41ec-878c-7dd928ac85cf,184:ae9a001517d39cec11e3fca520cbf48b}(|)Кривий Ріг, Дніпропетровська, вул.Головка Адмірала, 40(|)Головко буд № 40, Кривий Ріг, Днепропетровська
{"#",47e6dd42-cd5c-4e3a-9bc4-14816ed53d38,66:ae9a001517d39cec11e3fca2d6dd4a1d}(|){"#",a2b5aac2-33a7-41ec-878c-7dd928ac85cf,184:ae9a001517d39cec11e3fca520cbf491}(|)Кривий Ріг, Дніпропетровська, просп.Перемоги, 37-В(|)Перемоги буд № 37в, Кривий Ріг, Днепропетровська
{"#",47e6dd42-cd5c-4e3a-9bc4-14816ed53d38,66:ae9a001517d39cec11e3fca520cbf494}(|){"#",a2b5aac2-33a7-41ec-878c-7dd928ac85cf,184:ae9a001517d39cec11e3fca520cbf493}(|)Кривий Ріг, Дніпропетровська, вул.Книжна, 1-Б(|)Книжная буд № 1Б, Кривий Ріг, Днепропетровська
{"#",47e6dd42-cd5c-4e3a-9bc4-14816ed53d38,66:ae9a001517d39cec11e3fca1808c2819}(|){"#",a2b5aac2-33a7-41ec-878c-7dd928ac85cf,184:ae9a001517d39cec11e3fca520cbf496}(|)Кривий Ріг, Дніпропетровська, вул.Дишинського, 50(|)Дишинського буд № 50, Кривий Ріг, Днепропетровська
{"#",47e6dd42-cd5c-4e3a-9bc4-14816ed53d38,66:ae9a001517d39cec11e3fca526cb5eb4}(|){"#",a2b5aac2-33a7-41ec-878c-7dd928ac85cf,184:ae9a001517d39cec11e3fca520cbf49a}(|)Кривий Ріг, Дніпропетровська, вул.Спаська, 1-Г(|)Спасская буд № 1г, Кривий Ріг, Днепропетровська
{"#",47e6dd42-cd5c-4e3a-9bc4-14816ed53d38,66:ae9a001517d39cec11e3fca1dc32edd4}(|){"#",a2b5aac2-33a7-41ec-878c-7dd928ac85cf,184:ae9a001517d39cec11e3fca526cb5eb6}(|)Кривий Ріг, Дніпропетровська, вул.Кобилянського, 158-В(|)Кобилянського буд № 158В, Кривий Ріг, Днепропетровська
{"#",47e6dd42-cd5c-4e3a-9bc4-14816ed53d38,66:ae9a001517d39cec11e3fca375de7e5d}(|){"#",a2b5aac2-33a7-41ec-878c-7dd928ac85cf,184:ae9a001517d39cec11e3fca526cb5eb6}(|)Кривий Ріг, Дніпропетровська, вул.Кобилянського, 158-В(|)
{"#",47e6dd42-cd5c-4e3a-9bc4-14816ed53d38,66:ae9a001517d39cec11e3fca2750c2fa7}(|){"#",a2b5aac2-33a7-41ec-878c-7dd928ac85cf,184:ae9a001517d39cec11e3fca526cb5eba}(|)Кривий Ріг, Дніпропетровська, вул.Волгоградська, 17-А(|)Волгоградская буд № 17А, Кривий Ріг, Днепропетровська
{"#",47e6dd42-cd5c-4e3a-9bc4-14816ed53d38,66:ae9a001517d39cec11e3fca08c2d817f}(|){"#",a2b5aac2-33a7-41ec-878c-7dd928ac85cf,184:ae9a001517d39cec11e3fca526cb5ebd}(|)Кривий Ріг, Дніпропетровська, вул.Мусоргського, 27(|)Мусоргского буд № 27, Кривий Ріг, Днепропетровська
{"#",47e6dd42-cd5c-4e3a-9bc4-14816ed53d38,66:ae9a001517d39cec11e3fca1ab08cffc}(|){"#",a2b5aac2-33a7-41ec-878c-7dd928ac85cf,184:ae9a001517d39cec11e3fca526cb5ebf}(|)Кривий Ріг, Дніпропетровська, вул.Вокзальна, 31(|)Вокзальна буд № 31, Кривий Ріг, Днепропетровська
{"#",47e6dd42-cd5c-4e3a-9bc4-14816ed53d38,66:ae9a001517d39cec11e3fca1bd74bb57}(|){"#",a2b5aac2-33a7-41ec-878c-7dd928ac85cf,184:ae9a001517d39cec11e3fca526cb5ec1}(|)Кривий Ріг, Дніпропетровська, вул.Погребняка, 1(|)Погребняка, Кривий Ріг, Днепропетровська
{"#",47e6dd42-cd5c-4e3a-9bc4-14816ed53d38,66:ae9a001517d39cec11e3fca1a4ffdc1d}(|){"#",a2b5aac2-33a7-41ec-878c-7dd928ac85cf,184:ae9a001517d39cec11e3fca526cb5ec4}(|)Кривий Ріг, Дніпропетровська, вул.Колачевського Сергія (23 Лютого), 4(|)Дніпропетровська обл., м.Кривий Ріг, вул.23 Лютого, будинок № 4
{"#",47e6dd42-cd5c-4e3a-9bc4-14816ed53d38,66:a0ef001517d39cec11e7b334a724a09a}(|){"#",a2b5aac2-33a7-41ec-878c-7dd928ac85cf,184:ae9a001517d39cec11e3fca526cb5ec7}(|)Авторинок Вересневий, Київ, Київська(|)
{"#",47e6dd42-cd5c-4e3a-9bc4-14816ed53d38,66:ae9a001517d39cec11e3fca079e0949a}(|){"#",a2b5aac2-33a7-41ec-878c-7dd928ac85cf,184:ae9a001517d39cec11e3fca526cb5ec7}(|)Авторинок Вересневий, Київ, Київська(|)
{"#",47e6dd42-cd5c-4e3a-9bc4-14816ed53d38,66:ae9a001517d39cec11e3fca23e197d7f}(|){"#",a2b5aac2-33a7-41ec-878c-7dd928ac85cf,184:ae9a001517d39cec11e3fca526cb5ec7}(|)Авторинок Вересневий, Київ, Київська(|)
{"#",47e6dd42-cd5c-4e3a-9bc4-14816ed53d38,66:ae9a001517d39cec11e3fca2b1eb3985}(|){"#",a2b5aac2-33a7-41ec-878c-7dd928ac85cf,184:ae9a001517d39cec11e3fca526cb5ec7}(|)Авторинок Вересневий, Київ, Київська(|)
{"#",47e6dd42-cd5c-4e3a-9bc4-14816ed53d38,66:ae9a001517d39cec11e3fca3a07a24c3}(|){"#",a2b5aac2-33a7-41ec-878c-7dd928ac85cf,184:ae9a001517d39cec11e3fca526cb5ec7}(|)Авторинок Вересневий, Київ, Київська(|)
{"#",47e6dd42-cd5c-4e3a-9bc4-14816ed53d38,66:ae9a001517d39cec11e3fc9fe932411d}(|){"#",a2b5aac2-33a7-41ec-878c-7dd928ac85cf,184:ae9a001517d39cec11e3fca526cb5ec9}(|)Київ, Київська, вул.Булгакова, 18(|)
{"#",47e6dd42-cd5c-4e3a-9bc4-14816ed53d38,66:ae9a001517d39cec11e3fca34b394e8d}(|){"#",a2b5aac2-33a7-41ec-878c-7dd928ac85cf,184:ae9a001517d39cec11e3fca526cb5ec9}(|)Київ, Київська, вул.Булгакова, 18(|)
{"#",47e6dd42-cd5c-4e3a-9bc4-14816ed53d38,66:ae9a001517d39cec11e3fca526cb5eca}(|){"#",a2b5aac2-33a7-41ec-878c-7dd928ac85cf,184:ae9a001517d39cec11e3fca526cb5ec9}(|)Київ, Київська, вул.Булгакова, 18(|)Київ, Київська, Київська
{"#",47e6dd42-cd5c-4e3a-9bc4-14816ed53d38,66:ae9a001517d39cec11e3fca394578ca3}(|){"#",a2b5aac2-33a7-41ec-878c-7dd928ac85cf,184:ae9a001517d39cec11e3fca526cb5ecc}(|)Київ, Київська, вул.Маланюка Євгена (Сагайдака Степана), 112(|)Сагайдака буд № 112, Київ, Київська, Київська
{"#",47e6dd42-cd5c-4e3a-9bc4-14816ed53d38,66:ae9a001517d39cec11e3fca0cf321b45}(|){"#",a2b5aac2-33a7-41ec-878c-7dd928ac85cf,184:ae9a001517d39cec11e3fca526cb5ed1}(|)Київ, Київська, пров.Хоткевича Гната (Червоногвардійський), 22-А(|)
{"#",47e6dd42-cd5c-4e3a-9bc4-14816ed53d38,66:ae9a001517d39cec11e3fca17a61d35c}(|){"#",a2b5aac2-33a7-41ec-878c-7dd928ac85cf,184:ae9a001517d39cec11e3fca526cb5ed1}(|)Київ, Київська, пров.Хоткевича Гната (Червоногвардійський), 22-А(|)
{"#",47e6dd42-cd5c-4e3a-9bc4-14816ed53d38,66:ae9a001517d39cec11e3fca22beb8f33}(|){"#",a2b5aac2-33a7-41ec-878c-7dd928ac85cf,184:ae9a001517d39cec11e3fca526cb5ed3}(|)Київ, Київська, вул.Каунаська, 5(|)
{"#",47e6dd42-cd5c-4e3a-9bc4-14816ed53d38,66:ae9a001517d39cec11e3fca2c452602f}(|){"#",a2b5aac2-33a7-41ec-878c-7dd928ac85cf,184:ae9a001517d39cec11e3fca526cb5ed5}(|)Київ, Київська, пров.Хоткевича Гната (Червоногвардійський), 22(|)
{"#",47e6dd42-cd5c-4e3a-9bc4-14816ed53d38,66:ae9a001517d39cec11e3fca15c114cfe}(|){"#",a2b5aac2-33a7-41ec-878c-7dd928ac85cf,184:ae9a001517d39cec11e3fca526cb5ed7}(|)Київ, Київська, пров.Хоткевича Гната (Червоногвардійський), 5(|)
{"#",47e6dd42-cd5c-4e3a-9bc4-14816ed53d38,66:ae9a001517d39cec11e3fca293663f69}(|){"#",a2b5aac2-33a7-41ec-878c-7dd928ac85cf,184:ae9a001517d39cec11e3fca526cb5ed7}(|)Київ, Київська, пров.Хоткевича Гната (Червоногвардійський), 5(|)
{"#",47e6dd42-cd5c-4e3a-9bc4-14816ed53d38,66:ae9a001517d39cec11e3fca06dcead0b}(|){"#",a2b5aac2-33a7-41ec-878c-7dd928ac85cf,184:ae9a001517d39cec11e3fca526cb5ed9}(|)Авторинок Центральний, Чернігів, Чернігівська(|)
{"#",47e6dd42-cd5c-4e3a-9bc4-14816ed53d38,66:ae9a001517d39cec11e3fca085fe67ff}(|){"#",a2b5aac2-33a7-41ec-878c-7dd928ac85cf,184:ae9a001517d39cec11e3fca526cb5ed9}(|)Авторинок Центральний, Чернігів, Чернігівська(|)
{"#",47e6dd42-cd5c-4e3a-9bc4-14816ed53d38,66:ae9a001517d39cec11e3fca085fe6808}(|){"#",a2b5aac2-33a7-41ec-878c-7dd928ac85cf,184:ae9a001517d39cec11e3fca526cb5ed9}(|)Авторинок Центральний, Чернігів, Чернігівська(|)
{"#",47e6dd42-cd5c-4e3a-9bc4-14816ed53d38,66:ae9a001517d39cec11e3fca085fe680c}(|){"#",a2b5aac2-33a7-41ec-878c-7dd928ac85cf,184:ae9a001517d39cec11e3fca526cb5ed9}(|)Авторинок Центральний, Чернігів, Чернігівська(|)
{"#",47e6dd42-cd5c-4e3a-9bc4-14816ed53d38,66:ae9a001517d39cec11e3fca0925a388e}(|){"#",a2b5aac2-33a7-41ec-878c-7dd928ac85cf,184:ae9a001517d39cec11e3fca526cb5ed9}(|)Авторинок Центральний, Чернігів, Чернігівська(|)
{"#",47e6dd42-cd5c-4e3a-9bc4-14816ed53d38,66:ae9a001517d39cec11e3fca0b0b6aaa4}(|){"#",a2b5aac2-33a7-41ec-878c-7dd928ac85cf,184:ae9a001517d39cec11e3fca526cb5ed9}(|)Авторинок Центральний, Чернігів, Чернігівська(|)
{"#",47e6dd42-cd5c-4e3a-9bc4-14816ed53d38,66:ae9a001517d39cec11e3fca100197764}(|){"#",a2b5aac2-33a7-41ec-878c-7dd928ac85cf,184:ae9a001517d39cec11e3fca526cb5ed9}(|)Авторинок Центральний, Чернігів, Чернігівська(|)
{"#",47e6dd42-cd5c-4e3a-9bc4-14816ed53d38,66:ae9a001517d39cec11e3fca1126fed8d}(|){"#",a2b5aac2-33a7-41ec-878c-7dd928ac85cf,184:ae9a001517d39cec11e3fca526cb5ed9}(|)Авторинок Центральний, Чернігів, Чернігівська(|)
{"#",47e6dd42-cd5c-4e3a-9bc4-14816ed53d38,66:ae9a001517d39cec11e3fca11eed1f0f}(|){"#",a2b5aac2-33a7-41ec-878c-7dd928ac85cf,184:ae9a001517d39cec11e3fca526cb5ed9}(|)Авторинок Центральний, Чернігів, Чернігівська(|)
{"#",47e6dd42-cd5c-4e3a-9bc4-14816ed53d38,66:ae9a001517d39cec11e3fca13d38e0a3}(|){"#",a2b5aac2-33a7-41ec-878c-7dd928ac85cf,184:ae9a001517d39cec11e3fca526cb5ed9}(|)Авторинок Центральний, Чернігів, Чернігівська(|)
{"#",47e6dd42-cd5c-4e3a-9bc4-14816ed53d38,66:ae9a001517d39cec11e3fca16e229f16}(|){"#",a2b5aac2-33a7-41ec-878c-7dd928ac85cf,184:ae9a001517d39cec11e3fca526cb5ed9}(|)Авторинок Центральний, Чернігів, Чернігівська(|)
{"#",47e6dd42-cd5c-4e3a-9bc4-14816ed53d38,66:ae9a001517d39cec11e3fca174541ad6}(|){"#",a2b5aac2-33a7-41ec-878c-7dd928ac85cf,184:ae9a001517d39cec11e3fca526cb5ed9}(|)Авторинок Центральний, Чернігів, Чернігівська(|)
{"#",47e6dd42-cd5c-4e3a-9bc4-14816ed53d38,66:ae9a001517d39cec11e3fca198c7ced6}(|){"#",a2b5aac2-33a7-41ec-878c-7dd928ac85cf,184:ae9a001517d39cec11e3fca526cb5ed9}(|)Авторинок Центральний, Чернігів, Чернігівська(|)
{"#",47e6dd42-cd5c-4e3a-9bc4-14816ed53d38,66:ae9a001517d39cec11e3fca198c7cedf}(|){"#",a2b5aac2-33a7-41ec-878c-7dd928ac85cf,184:ae9a001517d39cec11e3fca526cb5ed9}(|)Авторинок Центральний, Чернігів, Чернігівська(|)Ринок Центральний, Чернігів, Чернігівська, Чернігівська, 14 000
{"#",47e6dd42-cd5c-4e3a-9bc4-14816ed53d38,66:ae9a001517d39cec11e3fca1bd74bb50}(|){"#",a2b5aac2-33a7-41ec-878c-7dd928ac85cf,184:ae9a001517d39cec11e3fca526cb5ed9}(|)Авторинок Центральний, Чернігів, Чернігівська(|)
{"#",47e6dd42-cd5c-4e3a-9bc4-14816ed53d38,66:ae9a001517d39cec11e3fca1cffae0a0}(|){"#",a2b5aac2-33a7-41ec-878c-7dd928ac85cf,184:ae9a001517d39cec11e3fca526cb5ed9}(|)Авторинок Центральний, Чернігів, Чернігівська(|)
{"#",47e6dd42-cd5c-4e3a-9bc4-14816ed53d38,66:ae9a001517d39cec11e3fca1d6122278}(|){"#",a2b5aac2-33a7-41ec-878c-7dd928ac85cf,184:ae9a001517d39cec11e3fca526cb5ed9}(|)Авторинок Центральний, Чернігів, Чернігівська(|)
{"#",47e6dd42-cd5c-4e3a-9bc4-14816ed53d38,66:ae9a001517d39cec11e3fca225bc75cc}(|){"#",a2b5aac2-33a7-41ec-878c-7dd928ac85cf,184:ae9a001517d39cec11e3fca526cb5ed9}(|)Авторинок Центральний, Чернігів, Чернігівська(|)
{"#",47e6dd42-cd5c-4e3a-9bc4-14816ed53d38,66:ae9a001517d39cec11e3fca225bc75d3}(|){"#",a2b5aac2-33a7-41ec-878c-7dd928ac85cf,184:ae9a001517d39cec11e3fca526cb5ed9}(|)Авторинок Центральний, Чернігів, Чернігівська(|)
{"#",47e6dd42-cd5c-4e3a-9bc4-14816ed53d38,66:ae9a001517d39cec11e3fca24435841c}(|){"#",a2b5aac2-33a7-41ec-878c-7dd928ac85cf,184:ae9a001517d39cec11e3fca526cb5ed9}(|)Авторинок Центральний, Чернігів, Чернігівська(|)
{"#",47e6dd42-cd5c-4e3a-9bc4-14816ed53d38,66:ae9a001517d39cec11e3fca2873ee29b}(|){"#",a2b5aac2-33a7-41ec-878c-7dd928ac85cf,184:ae9a001517d39cec11e3fca526cb5ed9}(|)Авторинок Центральний, Чернігів, Чернігівська(|)
{"#",47e6dd42-cd5c-4e3a-9bc4-14816ed53d38,66:ae9a001517d39cec11e3fca33f38176e}(|){"#",a2b5aac2-33a7-41ec-878c-7dd928ac85cf,184:ae9a001517d39cec11e3fca526cb5ed9}(|)Авторинок Центральний, Чернігів, Чернігівська(|)
{"#",47e6dd42-cd5c-4e3a-9bc4-14816ed53d38,66:ae9a001517d39cec11e3fca3c4eb7668}(|){"#",a2b5aac2-33a7-41ec-878c-7dd928ac85cf,184:ae9a001517d39cec11e3fca526cb5ed9}(|)Авторинок Центральний, Чернігів, Чернігівська(|)
{"#",47e6dd42-cd5c-4e3a-9bc4-14816ed53d38,66:ae9a001517d39cec11e3fca59e94c4b0}(|){"#",a2b5aac2-33a7-41ec-878c-7dd928ac85cf,184:ae9a001517d39cec11e3fca526cb5ed9}(|)Авторинок Центральний, Чернігів, Чернігівська(|)
{"#",47e6dd42-cd5c-4e3a-9bc4-14816ed53d38,66:ae9a001517d39cec11e3fca610d857dd}(|){"#",a2b5aac2-33a7-41ec-878c-7dd928ac85cf,184:ae9a001517d39cec11e3fca526cb5ed9}(|)Авторинок Центральний, Чернігів, Чернігівська(|)
{"#",47e6dd42-cd5c-4e3a-9bc4-14816ed53d38,66:ae9a001517d39cec11e3fca13d38e0a2}(|){"#",a2b5aac2-33a7-41ec-878c-7dd928ac85cf,184:ae9a001517d39cec11e3fca526cb5edc}(|)Чернігів, Чернігівська, просп.Миру, 204(|)
{"#",47e6dd42-cd5c-4e3a-9bc4-14816ed53d38,66:ae9a001517d39cec11e3fca22beb8f3b}(|){"#",a2b5aac2-33a7-41ec-878c-7dd928ac85cf,184:ae9a001517d39cec11e3fca526cb5edc}(|)Чернігів, Чернігівська, просп.Миру, 204(|)
{"#",47e6dd42-cd5c-4e3a-9bc4-14816ed53d38,66:ae9a001517d39cec11e3fca23e197d80}(|){"#",a2b5aac2-33a7-41ec-878c-7dd928ac85cf,184:ae9a001517d39cec11e3fca526cb5edc}(|)Чернігів, Чернігівська, просп.Миру, 204(|)
{"#",47e6dd42-cd5c-4e3a-9bc4-14816ed53d38,66:ae9a001517d39cec11e3fca30218ae21}(|){"#",a2b5aac2-33a7-41ec-878c-7dd928ac85cf,184:ae9a001517d39cec11e3fca526cb5ede}(|)Білгород-Дністровський, Одеська, вул.Маршала Бірюзова, 17(|)
{"#",47e6dd42-cd5c-4e3a-9bc4-14816ed53d38,66:ae9a001517d39cec11e3fca231e8973a}(|){"#",a2b5aac2-33a7-41ec-878c-7dd928ac85cf,184:ae9a001517d39cec11e3fca526cb5ee0}(|)Коровинці, Сумська, вул.Соборна, 69(|)
{"#",47e6dd42-cd5c-4e3a-9bc4-14816ed53d38,66:ae9a001517d39cec11e3fca061bcc561}(|){"#",a2b5aac2-33a7-41ec-878c-7dd928ac85cf,184:ae9a001517d39cec11e3fca526cb5ee4}(|)Одеса, Одеська, вул.Інглезі (25 Чапаєвської Дивізії), 1(|)
{"#",47e6dd42-cd5c-4e3a-9bc4-14816ed53d38,66:ae9a001517d39cec11e3fca2e345066d}(|){"#",a2b5aac2-33a7-41ec-878c-7dd928ac85cf,184:ae9a001517d39cec11e3fca526cb5ee7}(|)Южне, Одеська, вул.Хіміків, 3-А(|)
{"#",47e6dd42-cd5c-4e3a-9bc4-14816ed53d38,66:ae9a001517d39cec11e3fca2b810c97c}(|){"#",a2b5aac2-33a7-41ec-878c-7dd928ac85cf,184:ae9a001517d39cec11e3fca526cb5eea}(|)Недригайлів (Сумська обл.), Сумська, вул.Комінтерну, 83(|)
{"#",47e6dd42-cd5c-4e3a-9bc4-14816ed53d38,66:ae9a001517d39cec11e3fca0d533e80c}(|){"#",a2b5aac2-33a7-41ec-878c-7dd928ac85cf,184:ae9a001517d39cec11e3fca526cb5eec}(|)Недригайлів (Сумська обл.), Сумська, вул.Комінтерну, 11-А(|)
{"#",47e6dd42-cd5c-4e3a-9bc4-14816ed53d38,66:ae9a001517d39cec11e3fca073dc658d}(|){"#",a2b5aac2-33a7-41ec-878c-7dd928ac85cf,184:ae9a001517d39cec11e3fca526cb5eee}(|)Авторинок Автомобільний, Суми, Сумська(|)
{"#",47e6dd42-cd5c-4e3a-9bc4-14816ed53d38,66:ae9a001517d39cec11e3fca0925a388a}(|){"#",a2b5aac2-33a7-41ec-878c-7dd928ac85cf,184:ae9a001517d39cec11e3fca526cb5eee}(|)Авторинок Автомобільний, Суми, Сумська(|)
{"#",47e6dd42-cd5c-4e3a-9bc4-14816ed53d38,66:ae9a001517d39cec11e3fca10c5d7060}(|){"#",a2b5aac2-33a7-41ec-878c-7dd928ac85cf,184:ae9a001517d39cec11e3fca526cb5eee}(|)Авторинок Автомобільний, Суми, Сумська(|)
{"#",47e6dd42-cd5c-4e3a-9bc4-14816ed53d38,66:ae9a001517d39cec11e3fca118d37ac0}(|){"#",a2b5aac2-33a7-41ec-878c-7dd928ac85cf,184:ae9a001517d39cec11e3fca526cb5eee}(|)Авторинок Автомобільний, Суми, Сумська(|)
{"#",47e6dd42-cd5c-4e3a-9bc4-14816ed53d38,66:ae9a001517d39cec11e3fca124fad783}(|){"#",a2b5aac2-33a7-41ec-878c-7dd928ac85cf,184:ae9a001517d39cec11e3fca526cb5eee}(|)Авторинок Автомобільний, Суми, Сумська(|)
{"#",47e6dd42-cd5c-4e3a-9bc4-14816ed53d38,66:ae9a001517d39cec11e3fca13d38e0ad}(|){"#",a2b5aac2-33a7-41ec-878c-7dd928ac85cf,184:ae9a001517d39cec11e3fca526cb5eee}(|)Авторинок Автомобільний, Суми, Сумська(|)
{"#",47e6dd42-cd5c-4e3a-9bc4-14816ed53d38,66:ae9a001517d39cec11e3fca13d38e0b0}(|){"#",a2b5aac2-33a7-41ec-878c-7dd928ac85cf,184:ae9a001517d39cec11e3fca526cb5eee}(|)Авторинок Автомобільний, Суми, Сумська(|)
{"#",47e6dd42-cd5c-4e3a-9bc4-14816ed53d38,66:ae9a001517d39cec11e3fca174541ae5}(|){"#",a2b5aac2-33a7-41ec-878c-7dd928ac85cf,184:ae9a001517d39cec11e3fca526cb5eee}(|)Авторинок Автомобільний, Суми, Сумська(|)
{"#",47e6dd42-cd5c-4e3a-9bc4-14816ed53d38,66:ae9a001517d39cec11e3fca17a61d362}(|){"#",a2b5aac2-33a7-41ec-878c-7dd928ac85cf,184:ae9a001517d39cec11e3fca526cb5eee}(|)Авторинок Автомобільний, Суми, Сумська(|)
{"#",47e6dd42-cd5c-4e3a-9bc4-14816ed53d38,66:ae9a001517d39cec11e3fca1808c281c}(|){"#",a2b5aac2-33a7-41ec-878c-7dd928ac85cf,184:ae9a001517d39cec11e3fca526cb5eee}(|)Авторинок Автомобільний, Суми, Сумська(|)
{"#",47e6dd42-cd5c-4e3a-9bc4-14816ed53d38,66:ae9a001517d39cec11e3fca1808c2826}(|){"#",a2b5aac2-33a7-41ec-878c-7dd928ac85cf,184:ae9a001517d39cec11e3fca526cb5eee}(|)Авторинок Автомобільний, Суми, Сумська(|)
{"#",47e6dd42-cd5c-4e3a-9bc4-14816ed53d38,66:ae9a001517d39cec11e3fca1a4ffdc21}(|){"#",a2b5aac2-33a7-41ec-878c-7dd928ac85cf,184:ae9a001517d39cec11e3fca526cb5eee}(|)Авторинок Автомобільний, Суми, Сумська(|)
{"#",47e6dd42-cd5c-4e3a-9bc4-14816ed53d38,66:ae9a001517d39cec11e3fca1bd74bb4f}(|){"#",a2b5aac2-33a7-41ec-878c-7dd928ac85cf,184:ae9a001517d39cec11e3fca526cb5eee}(|)Авторинок Автомобільний, Суми, Сумська(|)
{"#",47e6dd42-cd5c-4e3a-9bc4-14816ed53d38,66:ae9a001517d39cec11e3fca1d6122287}(|){"#",a2b5aac2-33a7-41ec-878c-7dd928ac85cf,184:ae9a001517d39cec11e3fca526cb5eee}(|)Авторинок Автомобільний, Суми, Сумська(|)
{"#",47e6dd42-cd5c-4e3a-9bc4-14816ed53d38,66:ae9a001517d39cec11e3fca1e85585f2}(|){"#",a2b5aac2-33a7-41ec-878c-7dd928ac85cf,184:ae9a001517d39cec11e3fca526cb5eee}(|)Авторинок Автомобільний, Суми, Сумська(|)
{"#",47e6dd42-cd5c-4e3a-9bc4-14816ed53d38,66:ae9a001517d39cec11e3fca231e89740}(|){"#",a2b5aac2-33a7-41ec-878c-7dd928ac85cf,184:ae9a001517d39cec11e3fca526cb5eee}(|)Авторинок Автомобільний, Суми, Сумська(|)
{"#",47e6dd42-cd5c-4e3a-9bc4-14816ed53d38,66:ae9a001517d39cec11e3fca231e89748}(|){"#",a2b5aac2-33a7-41ec-878c-7dd928ac85cf,184:ae9a001517d39cec11e3fca526cb5eee}(|)Авторинок Автомобільний, Суми, Сумська(|)
{"#",47e6dd42-cd5c-4e3a-9bc4-14816ed53d38,66:ae9a001517d39cec11e3fca24a53ed04}(|){"#",a2b5aac2-33a7-41ec-878c-7dd928ac85cf,184:ae9a001517d39cec11e3fca526cb5eee}(|)Авторинок Автомобільний, Суми, Сумська(|)
{"#",47e6dd42-cd5c-4e3a-9bc4-14816ed53d38,66:ae9a001517d39cec11e3fca25cb64f0f}(|){"#",a2b5aac2-33a7-41ec-878c-7dd928ac85cf,184:ae9a001517d39cec11e3fca526cb5eee}(|)Авторинок Автомобільний, Суми, Сумська(|)
{"#",47e6dd42-cd5c-4e3a-9bc4-14816ed53d38,66:ae9a001517d39cec11e3fca268ca990d}(|){"#",a2b5aac2-33a7-41ec-878c-7dd928ac85cf,184:ae9a001517d39cec11e3fca526cb5eee}(|)Авторинок Автомобільний, Суми, Сумська(|)
{"#",47e6dd42-cd5c-4e3a-9bc4-14816ed53d38,66:ae9a001517d39cec11e3fca2873ee29f}(|){"#",a2b5aac2-33a7-41ec-878c-7dd928ac85cf,184:ae9a001517d39cec11e3fca526cb5eee}(|)Авторинок Автомобільний, Суми, Сумська(|)Чернігівська,3,№44
{"#",47e6dd42-cd5c-4e3a-9bc4-14816ed53d38,66:ae9a001517d39cec11e3fca2999558db}(|){"#",a2b5aac2-33a7-41ec-878c-7dd928ac85cf,184:ae9a001517d39cec11e3fca526cb5eee}(|)Авторинок Автомобільний, Суми, Сумська(|)
{"#",47e6dd42-cd5c-4e3a-9bc4-14816ed53d38,66:ae9a001517d39cec11e3fca2999558e2}(|){"#",a2b5aac2-33a7-41ec-878c-7dd928ac85cf,184:ae9a001517d39cec11e3fca526cb5eee}(|)Авторинок Автомобільний, Суми, Сумська(|)
{"#",47e6dd42-cd5c-4e3a-9bc4-14816ed53d38,66:ae9a001517d39cec11e3fca2b1eb3987}(|){"#",a2b5aac2-33a7-41ec-878c-7dd928ac85cf,184:ae9a001517d39cec11e3fca526cb5eee}(|)Авторинок Автомобільний, Суми, Сумська(|)
{"#",47e6dd42-cd5c-4e3a-9bc4-14816ed53d38,66:ae9a001517d39cec11e3fca2b1eb3988}(|){"#",a2b5aac2-33a7-41ec-878c-7dd928ac85cf,184:ae9a001517d39cec11e3fca526cb5eee}(|)Авторинок Автомобільний, Суми, Сумська(|)
{"#",47e6dd42-cd5c-4e3a-9bc4-14816ed53d38,66:ae9a001517d39cec11e3fca2b810c980}(|){"#",a2b5aac2-33a7-41ec-878c-7dd928ac85cf,184:ae9a001517d39cec11e3fca526cb5eee}(|)Авторинок Автомобільний, Суми, Сумська(|)
{"#",47e6dd42-cd5c-4e3a-9bc4-14816ed53d38,66:ae9a001517d39cec11e3fca2e3450672}(|){"#",a2b5aac2-33a7-41ec-878c-7dd928ac85cf,184:ae9a001517d39cec11e3fca526cb5eee}(|)Авторинок Автомобільний, Суми, Сумська(|)
{"#",47e6dd42-cd5c-4e3a-9bc4-14816ed53d38,66:ae9a001517d39cec11e3fca338f5eb22}(|){"#",a2b5aac2-33a7-41ec-878c-7dd928ac85cf,184:ae9a001517d39cec11e3fca526cb5eee}(|)Авторинок Автомобільний, Суми, Сумська(|)
{"#",47e6dd42-cd5c-4e3a-9bc4-14816ed53d38,66:ae9a001517d39cec11e3fca35171f15c}(|){"#",a2b5aac2-33a7-41ec-878c-7dd928ac85cf,184:ae9a001517d39cec11e3fca526cb5eee}(|)Авторинок Автомобільний, Суми, Сумська(|)
{"#",47e6dd42-cd5c-4e3a-9bc4-14816ed53d38,66:ae9a001517d39cec11e3fca37bdde8bf}(|){"#",a2b5aac2-33a7-41ec-878c-7dd928ac85cf,184:ae9a001517d39cec11e3fca526cb5eee}(|)Авторинок Автомобільний, Суми, Сумська(|)Чернігівська №48
{"#",47e6dd42-cd5c-4e3a-9bc4-14816ed53d38,66:ae9a001517d39cec11e3fca382142938}(|){"#",a2b5aac2-33a7-41ec-878c-7dd928ac85cf,184:ae9a001517d39cec11e3fca526cb5eee}(|)Авторинок Автомобільний, Суми, Сумська(|)
{"#",47e6dd42-cd5c-4e3a-9bc4-14816ed53d38,66:ae9a001517d39cec11e3fca3a6857aee}(|){"#",a2b5aac2-33a7-41ec-878c-7dd928ac85cf,184:ae9a001517d39cec11e3fca526cb5eee}(|)Авторинок Автомобільний, Суми, Сумська(|)
{"#",47e6dd42-cd5c-4e3a-9bc4-14816ed53d38,66:ae9a001517d39cec11e3fca3cae87e7d}(|){"#",a2b5aac2-33a7-41ec-878c-7dd928ac85cf,184:ae9a001517d39cec11e3fca526cb5eee}(|)Авторинок Автомобільний, Суми, Сумська(|)
{"#",47e6dd42-cd5c-4e3a-9bc4-14816ed53d38,66:ae9a001517d39cec11e3fca3d11797f0}(|){"#",a2b5aac2-33a7-41ec-878c-7dd928ac85cf,184:ae9a001517d39cec11e3fca526cb5eee}(|)Авторинок Автомобільний, Суми, Сумська(|)
{"#",47e6dd42-cd5c-4e3a-9bc4-14816ed53d38,66:ae9a001517d39cec11e3fca586a306a3}(|){"#",a2b5aac2-33a7-41ec-878c-7dd928ac85cf,184:ae9a001517d39cec11e3fca526cb5eee}(|)Авторинок Автомобільний, Суми, Сумська(|)
{"#",47e6dd42-cd5c-4e3a-9bc4-14816ed53d38,66:ae9a001517d39cec11e3fecfccc2fb15}(|){"#",a2b5aac2-33a7-41ec-878c-7dd928ac85cf,184:ae9a001517d39cec11e3fca526cb5eee}(|)Авторинок Автомобільний, Суми, Сумська(|)
{"#",47e6dd42-cd5c-4e3a-9bc4-14816ed53d38,66:ae9a001517d39cec11e3fca225bc75c4}(|){"#",a2b5aac2-33a7-41ec-878c-7dd928ac85cf,184:ae9a001517d39cec11e3fca526cb5ef6}(|)Київ, Київська, вул.Кар'єрна, 3(|)
{"#",47e6dd42-cd5c-4e3a-9bc4-14816ed53d38,66:ae9a001517d39cec11e3fca085fe680a}(|){"#",a2b5aac2-33a7-41ec-878c-7dd928ac85cf,184:ae9a001517d39cec11e3fca526cb5efa}(|)Недригайлів (Сумська обл.), Сумська, вул.Сумська (Леніна), 14(|)
{"#",47e6dd42-cd5c-4e3a-9bc4-14816ed53d38,66:ae9a001517d39cec11e3fca1e85585e2}(|){"#",a2b5aac2-33a7-41ec-878c-7dd928ac85cf,184:ae9a001517d39cec11e3fca526cb5efd}(|)Авторинок Автодром, Харків, Харківська(|)
{"#",47e6dd42-cd5c-4e3a-9bc4-14816ed53d38,66:ae9a001517d39cec11e3fca2dd15ecf8}(|){"#",a2b5aac2-33a7-41ec-878c-7dd928ac85cf,184:ae9a001517d39cec11e3fca526cb5efd}(|)Авторинок Автодром, Харків, Харківська(|)1 ряд,36
{"#",47e6dd42-cd5c-4e3a-9bc4-14816ed53d38,66:ae9a001517d39cec11e3fca32695eb7e}(|){"#",a2b5aac2-33a7-41ec-878c-7dd928ac85cf,184:ae9a001517d39cec11e3fca526cb5f01}(|)Чугуїв, Харківська, вул.Жадановського, 7(|)
{"#",47e6dd42-cd5c-4e3a-9bc4-14816ed53d38,66:ae9a001517d39cec11e3fca3ac9f1f3f}(|){"#",a2b5aac2-33a7-41ec-878c-7dd928ac85cf,184:ae9a001517d39cec11e3fca526cb5f01}(|)Чугуїв, Харківська, вул.Жадановського, 7(|)
{"#",47e6dd42-cd5c-4e3a-9bc4-14816ed53d38,66:ae9a001517d39cec11e3fca338f5eb1d}(|){"#",a2b5aac2-33a7-41ec-878c-7dd928ac85cf,184:ae9a001517d39cec11e3fca52cc3a20f}(|)Київ, Київська, вул.Волинська, 57(|)
{"#",47e6dd42-cd5c-4e3a-9bc4-14816ed53d38,66:ae9a001517d39cec11e3fca1436597b5}(|){"#",a2b5aac2-33a7-41ec-878c-7dd928ac85cf,184:ae9a001517d39cec11e3fca52cc3a213}(|)Дніпро, Дніпропетровська, просп.Хмельницького Богдана, 138-А(|)
{"#",47e6dd42-cd5c-4e3a-9bc4-14816ed53d38,66:ae9a001517d39cec11e3fca0aa852edd}(|){"#",a2b5aac2-33a7-41ec-878c-7dd928ac85cf,184:ae9a001517d39cec11e3fca52cc3a215}(|)Київ, Київська, вул.Брожка Володимира, 36(|)Кировоградска буд № 36, Київ, Київська, Київська, 3 069
{"#",47e6dd42-cd5c-4e3a-9bc4-14816ed53d38,66:ae9a001517d39cec11e3fca1c9c964c7}(|){"#",a2b5aac2-33a7-41ec-878c-7dd928ac85cf,184:ae9a001517d39cec11e3fca52cc3a217}(|)Київ, Київська, вул.Деревообробна, 5(|)Деревообробна буд № 5, Київ, Київська, Київська, 1 013
{"#",47e6dd42-cd5c-4e3a-9bc4-14816ed53d38,66:ae9a001517d39cec11e3fca0c2dfd42a}(|){"#",a2b5aac2-33a7-41ec-878c-7dd928ac85cf,184:ae9a001517d39cec11e3fca52cc3a219}(|)Київ, Київська, вул.Будіндустрії, 2(|)Будіндустрії буд № 2, Київ, Київська, Київська, 1 013
{"#",47e6dd42-cd5c-4e3a-9bc4-14816ed53d38,66:ae9a001517d39cec11e3fca1a4ffdc1c}(|){"#",a2b5aac2-33a7-41ec-878c-7dd928ac85cf,184:ae9a001517d39cec11e3fca52cc3a21b}(|)Київ, Київська, вул.Будіндустрії, 2(|)Будіндустрії буд № 2, Київ, Київська, Київська
{"#",47e6dd42-cd5c-4e3a-9bc4-14816ed53d38,66:ae9a001517d39cec11e3fca0edab29aa}(|){"#",a2b5aac2-33a7-41ec-878c-7dd928ac85cf,184:ae9a001517d39cec11e3fca52cc3a21d}(|)Київ, Київська, вул.Боженка, 111(|)Боженко буд № 111, Київ, Київська, Київська, 3 150
{"#",47e6dd42-cd5c-4e3a-9bc4-14816ed53d38,66:ae9a001517d39cec11e3fca21faebd3a}(|){"#",a2b5aac2-33a7-41ec-878c-7dd928ac85cf,184:ae9a001517d39cec11e3fca52cc3a220}(|)Київ, Київська, вул.Коновальця Євгена (Щорса), 33(|)Щорса буд № 33, Київ, Київська, Київська
{"#",47e6dd42-cd5c-4e3a-9bc4-14816ed53d38,66:ae9a001517d39cec11e3fca12b0fb71e}(|){"#",a2b5aac2-33a7-41ec-878c-7dd928ac85cf,184:ae9a001517d39cec11e3fca52cc3a222}(|)Київ, Київська, вул.Кіквідзе, 20(|)Киквидзе буд № 20, Київ, Київська, Київська, 1 130
{"#",47e6dd42-cd5c-4e3a-9bc4-14816ed53d38,66:ae9a001517d39cec11e3fca149a09cef}(|){"#",a2b5aac2-33a7-41ec-878c-7dd928ac85cf,184:ae9a001517d39cec11e3fca52cc3a222}(|)Київ, Київська, вул.Кіквідзе, 20(|)
{"#",47e6dd42-cd5c-4e3a-9bc4-14816ed53d38,66:ae9a001517d39cec11e3fca27b105ecd}(|){"#",a2b5aac2-33a7-41ec-878c-7dd928ac85cf,184:ae9a001517d39cec11e3fca52cc3a222}(|)Київ, Київська, вул.Кіквідзе, 20(|)
{"#",47e6dd42-cd5c-4e3a-9bc4-14816ed53d38,66:ae9a001517d39cec11e3fca0db67c63e}(|){"#",a2b5aac2-33a7-41ec-878c-7dd928ac85cf,184:ae9a001517d39cec11e3fca52cc3a224}(|)Київ, Київська, вул.Кіквідзе, 35(|)Киквидзе буд № 35, Київ, Київська, Київська
{"#",47e6dd42-cd5c-4e3a-9bc4-14816ed53d38,66:ae9a001517d39cec11e3fca3d7313c30}(|){"#",a2b5aac2-33a7-41ec-878c-7dd928ac85cf,184:ae9a001517d39cec11e3fca52cc3a226}(|)Київ, Київська, вул.Будіндустрії, 4(|)Будіндустрії буд № 4, Київ, Київська, Київська
{"#",47e6dd42-cd5c-4e3a-9bc4-14816ed53d38,66:ae9a001517d39cec11e3fca1a4ffdc1e}(|){"#",a2b5aac2-33a7-41ec-878c-7dd928ac85cf,184:ae9a001517d39cec11e3fca52cc3a228}(|)Київ, Київська, вул.Будіндустрії, 4(|)
{"#",47e6dd42-cd5c-4e3a-9bc4-14816ed53d38,66:ae9a001517d39cec11e3fca3d11797ec}(|){"#",a2b5aac2-33a7-41ec-878c-7dd928ac85cf,184:ae9a001517d39cec11e3fca52cc3a228}(|)Київ, Київська, вул.Будіндустрії, 4(|)Будіндустрії буд № 4, Київ, Київська, Київська, 4 211
{"#",47e6dd42-cd5c-4e3a-9bc4-14816ed53d38,66:ae9a001517d39cec11e3fca33f381766}(|){"#",a2b5aac2-33a7-41ec-878c-7dd928ac85cf,184:ae9a001517d39cec11e3fca52cc3a22a}(|)Київ, Київська, вул.Брожка Володимира, 4(|)Кировоградска буд № 4, Київ, Київська, Київська
{"#",47e6dd42-cd5c-4e3a-9bc4-14816ed53d38,66:ae9a001517d39cec11e3fca1e85585ee}(|){"#",a2b5aac2-33a7-41ec-878c-7dd928ac85cf,184:ae9a001517d39cec11e3fca52cc3a22c}(|)Недригайлів (Сумська обл.), Сумська, вул.Сумська (Леніна), 49(|)
{"#",47e6dd42-cd5c-4e3a-9bc4-14816ed53d38,66:ae9a001517d39cec11e3fca118d37ac8}(|){"#",a2b5aac2-33a7-41ec-878c-7dd928ac85cf,184:ae9a001517d39cec11e3fca52cc3a22e}(|)Авторинок Центральний, Лебедин (Сумська обл.), Сумська(|)
{"#",47e6dd42-cd5c-4e3a-9bc4-14816ed53d38,66:ae9a001517d39cec11e3fca12b0fb719}(|){"#",a2b5aac2-33a7-41ec-878c-7dd928ac85cf,184:ae9a001517d39cec11e3fca52cc3a22e}(|)Авторинок Центральний, Лебедин (Сумська обл.), Сумська(|)
{"#",47e6dd42-cd5c-4e3a-9bc4-14816ed53d38,66:ae9a001517d39cec11e3fca16217de75}(|){"#",a2b5aac2-33a7-41ec-878c-7dd928ac85cf,184:ae9a001517d39cec11e3fca52cc3a22e}(|)Авторинок Центральний, Лебедин (Сумська обл.), Сумська(|)
{"#",47e6dd42-cd5c-4e3a-9bc4-14816ed53d38,66:ae9a001517d39cec11e3fca20d322167}(|){"#",a2b5aac2-33a7-41ec-878c-7dd928ac85cf,184:ae9a001517d39cec11e3fca52cc3a22e}(|)Авторинок Центральний, Лебедин (Сумська обл.), Сумська(|)
{"#",47e6dd42-cd5c-4e3a-9bc4-14816ed53d38,66:ae9a001517d39cec11e3fca22beb8f35}(|){"#",a2b5aac2-33a7-41ec-878c-7dd928ac85cf,184:ae9a001517d39cec11e3fca52cc3a22e}(|)Авторинок Центральний, Лебедин (Сумська обл.), Сумська(|)
{"#",47e6dd42-cd5c-4e3a-9bc4-14816ed53d38,66:ae9a001517d39cec11e3fca24435841d}(|){"#",a2b5aac2-33a7-41ec-878c-7dd928ac85cf,184:ae9a001517d39cec11e3fca52cc3a22e}(|)Авторинок Центральний, Лебедин (Сумська обл.), Сумська(|)
{"#",47e6dd42-cd5c-4e3a-9bc4-14816ed53d38,66:ae9a001517d39cec11e3fca3cae87e73}(|){"#",a2b5aac2-33a7-41ec-878c-7dd928ac85cf,184:ae9a001517d39cec11e3fca52cc3a22e}(|)Авторинок Центральний, Лебедин (Сумська обл.), Сумська(|)
{"#",47e6dd42-cd5c-4e3a-9bc4-14816ed53d38,66:ae9a001517d39cec11e3fca14fbca397}(|){"#",a2b5aac2-33a7-41ec-878c-7dd928ac85cf,184:ae9a001517d39cec11e3fca52cc3a232}(|)Суми, Сумська, вул.Кірова, 189(|)
{"#",47e6dd42-cd5c-4e3a-9bc4-14816ed53d38,66:ae9a001517d39cec11e3fca2be3b1e3f}(|){"#",a2b5aac2-33a7-41ec-878c-7dd928ac85cf,184:ae9a001517d39cec11e3fca52cc3a232}(|)Суми, Сумська, вул.Кірова, 189(|)
{"#",47e6dd42-cd5c-4e3a-9bc4-14816ed53d38,66:ae9a001517d39cec11e3fca3c4eb7675}(|){"#",a2b5aac2-33a7-41ec-878c-7dd928ac85cf,184:ae9a001517d39cec11e3fca52cc3a234}(|)Суми, Сумська, вул.Кірова, 106(|)
{"#",47e6dd42-cd5c-4e3a-9bc4-14816ed53d38,66:ae9a001517d39cec11e3fca3d7313c36}(|){"#",a2b5aac2-33a7-41ec-878c-7dd928ac85cf,184:ae9a001517d39cec11e3fca52cc3a236}(|)Суми, Сумська, вул.Калініна, 107(|)
{"#",47e6dd42-cd5c-4e3a-9bc4-14816ed53d38,66:ae9a001517d39cec11e3fca2199518f8}(|){"#",a2b5aac2-33a7-41ec-878c-7dd928ac85cf,184:ae9a001517d39cec11e3fca52cc3a238}(|)Авторинок Авторинок, Лубни, Полтавська(|)
{"#",47e6dd42-cd5c-4e3a-9bc4-14816ed53d38,66:ae9a001517d39cec11e3fca2dd15ecf6}(|){"#",a2b5aac2-33a7-41ec-878c-7dd928ac85cf,184:ae9a001517d39cec11e3fca52cc3a238}(|)Авторинок Авторинок, Лубни, Полтавська(|)
{"#",47e6dd42-cd5c-4e3a-9bc4-14816ed53d38,66:ae9a001517d39cec11e3fca3a6857af5}(|){"#",a2b5aac2-33a7-41ec-878c-7dd928ac85cf,184:ae9a001517d39cec11e3fca52cc3a238}(|)Авторинок Авторинок, Лубни, Полтавська(|)
{"#",47e6dd42-cd5c-4e3a-9bc4-14816ed53d38,66:ae9a001517d39cec11e3fca0d533e80d}(|){"#",a2b5aac2-33a7-41ec-878c-7dd928ac85cf,184:ae9a001517d39cec11e3fca52cc3a242}(|)Ромни, Сумська, вул.Полтавська, 57(|)
{"#",47e6dd42-cd5c-4e3a-9bc4-14816ed53d38,66:ae9a001517d39cec11e3fca0edab299f}(|){"#",a2b5aac2-33a7-41ec-878c-7dd928ac85cf,184:ae9a001517d39cec11e3fca52cc3a244}(|)Ромни, Сумська, вул.Полтавська, 16(|)
{"#",47e6dd42-cd5c-4e3a-9bc4-14816ed53d38,66:ae9a001517d39cec11e3fca2be3b1e40}(|){"#",a2b5aac2-33a7-41ec-878c-7dd928ac85cf,184:ae9a001517d39cec11e3fca52cc3a246}(|)Ромни, Сумська, вул.Дудіна, 20(|)
{"#",47e6dd42-cd5c-4e3a-9bc4-14816ed53d38,66:ae9a001517d39cec11e3fca3085150e4}(|){"#",a2b5aac2-33a7-41ec-878c-7dd928ac85cf,184:ae9a001517d39cec11e3fca52cc3a248}(|)Херсон, Херсонська, шосеЧорновола В'ячеслава (Кіндійське), 1(|)
{"#",47e6dd42-cd5c-4e3a-9bc4-14816ed53d38,66:ae9a001517d39cec11e3fca39a7f7f07}(|){"#",a2b5aac2-33a7-41ec-878c-7dd928ac85cf,184:ae9a001517d39cec11e3fca52cc3a248}(|)Херсон, Херсонська, шосеЧорновола В'ячеслава (Кіндійське), 1(|)
{"#",47e6dd42-cd5c-4e3a-9bc4-14816ed53d38,66:ae9a001517d39cec11e3fca1fa8a9b3b}(|){"#",a2b5aac2-33a7-41ec-878c-7dd928ac85cf,184:ae9a001517d39cec11e3fca52cc3a24e}(|)Ромни, Сумська, вул.Полтавська, 9(|)
{"#",47e6dd42-cd5c-4e3a-9bc4-14816ed53d38,66:ae9a001517d39cec11e3fca16e229f11}(|){"#",a2b5aac2-33a7-41ec-878c-7dd928ac85cf,184:ae9a001517d39cec11e3fca52cc3a250}(|)Охтирка, Сумська, пров.Штагера, 3(|)
{"#",47e6dd42-cd5c-4e3a-9bc4-14816ed53d38,66:ae9a001517d39cec11e3fca36fc4da15}(|){"#",a2b5aac2-33a7-41ec-878c-7dd928ac85cf,184:ae9a001517d39cec11e3fca52cc3a252}(|)Охтирка, Сумська, вул.Перемоги (Леніна), 11(|)
{"#",47e6dd42-cd5c-4e3a-9bc4-14816ed53d38,66:ae9a001517d39cec11e3fca38214293b}(|){"#",a2b5aac2-33a7-41ec-878c-7dd928ac85cf,184:ae9a001517d39cec11e3fca52cc3a252}(|)Охтирка, Сумська, вул.Перемоги (Леніна), 11(|)
{"#",47e6dd42-cd5c-4e3a-9bc4-14816ed53d38,66:ae9a001517d39cec11e3fca31a735375}(|){"#",a2b5aac2-33a7-41ec-878c-7dd928ac85cf,184:ae9a001517d39cec11e3fca52cc3a254}(|)Павлоград, Дніпропетровська, вул.Степного Фронту, 1-Г(|)
{"#",47e6dd42-cd5c-4e3a-9bc4-14816ed53d38,66:ae9a001517d39cec11e3fca1e240a655}(|){"#",a2b5aac2-33a7-41ec-878c-7dd928ac85cf,184:ae9a001517d39cec11e3fca52cc3a256}(|)Київ, Київська, вул.Качалова, 7(|)
{"#",47e6dd42-cd5c-4e3a-9bc4-14816ed53d38,66:ae9a001517d39cec11e3fca2008eca50}(|){"#",a2b5aac2-33a7-41ec-878c-7dd928ac85cf,184:ae9a001517d39cec11e3fca52cc3a256}(|)Київ, Київська, вул.Качалова, 7(|)
{"#",47e6dd42-cd5c-4e3a-9bc4-14816ed53d38,66:ae9a001517d39cec11e3fca149a09cf2}(|){"#",a2b5aac2-33a7-41ec-878c-7dd928ac85cf,184:ae9a001517d39cec11e3fca52cc3a25a}(|)Київ, Київська, шосеЗалізничне, 47(|)
{"#",47e6dd42-cd5c-4e3a-9bc4-14816ed53d38,66:ae9a001517d39cec11e3fca32cc9c9a5}(|){"#",a2b5aac2-33a7-41ec-878c-7dd928ac85cf,184:ae9a001517d39cec11e3fca52cc3a25c}(|)Київ, Київська, вул.Гречка Маршала, 9-А(|)
{"#",47e6dd42-cd5c-4e3a-9bc4-14816ed53d38,66:ae9a001517d39cec11e3fca1e240a656}(|){"#",a2b5aac2-33a7-41ec-878c-7dd928ac85cf,184:ae9a001517d39cec11e3fca52cc3a25f}(|)Херсон, Херсонська, шосеБериславське, 1(|)
{"#",47e6dd42-cd5c-4e3a-9bc4-14816ed53d38,66:ae9a001517d39cec11e3fca382142946}(|){"#",a2b5aac2-33a7-41ec-878c-7dd928ac85cf,184:ae9a001517d39cec11e3fca52cc3a261}(|)Чернігів, Чернігівська, вул.Чорновола В'ячеслава (Войкова), 11(|)
{"#",47e6dd42-cd5c-4e3a-9bc4-14816ed53d38,66:ae9a001517d39cec11e3fca3e37c5c3d}(|){"#",a2b5aac2-33a7-41ec-878c-7dd928ac85cf,184:ae9a001517d39cec11e3fca52cc3a263}(|)Кам'янське(Дніпропетровська обл), Дніпропетровська, вул.Грушевського Михайла (Димитрова), 200(|)
{"#",47e6dd42-cd5c-4e3a-9bc4-14816ed53d38,66:ae9a001517d39cec11e3fca30218ae14}(|){"#",a2b5aac2-33a7-41ec-878c-7dd928ac85cf,184:ae9a001517d39cec11e3fca532bbe569}(|)Авторинок Спортек, Полтава, Полтавська(|)
{"#",47e6dd42-cd5c-4e3a-9bc4-14816ed53d38,66:ae9a001517d39cec11e3fca36fc4da19}(|){"#",a2b5aac2-33a7-41ec-878c-7dd928ac85cf,184:ae9a001517d39cec11e3fca532bbe569}(|)Авторинок Спортек, Полтава, Полтавська(|)
{"#",47e6dd42-cd5c-4e3a-9bc4-14816ed53d38,66:ae9a001517d39cec11e3fca36fc4da1f}(|){"#",a2b5aac2-33a7-41ec-878c-7dd928ac85cf,184:ae9a001517d39cec11e3fca532bbe569}(|)Авторинок Спортек, Полтава, Полтавська(|)
{"#",47e6dd42-cd5c-4e3a-9bc4-14816ed53d38,66:ae9a001517d39cec11e3fca3e37c5c43}(|){"#",a2b5aac2-33a7-41ec-878c-7dd928ac85cf,184:ae9a001517d39cec11e3fca532bbe569}(|)Авторинок Спортек, Полтава, Полтавська(|)
{"#",47e6dd42-cd5c-4e3a-9bc4-14816ed53d38,66:ae9a001517d39cec11e3fca2e96a9672}(|){"#",a2b5aac2-33a7-41ec-878c-7dd928ac85cf,184:ae9a001517d39cec11e3fca532bbe56b}(|)Суми, Сумська, вул.Замостянська, 92(|)
{"#",47e6dd42-cd5c-4e3a-9bc4-14816ed53d38,66:ae9a001517d39cec11e3fca345351f77}(|){"#",a2b5aac2-33a7-41ec-878c-7dd928ac85cf,184:ae9a001517d39cec11e3fca532bbe56b}(|)Суми, Сумська, вул.Замостянська, 92(|)
{"#",47e6dd42-cd5c-4e3a-9bc4-14816ed53d38,66:ae9a001517d39cec11e3fca5c89efbb3}(|){"#",a2b5aac2-33a7-41ec-878c-7dd928ac85cf,184:ae9a001517d39cec11e3fca532bbe56b}(|)Суми, Сумська, вул.Замостянська, 92(|)
{"#",47e6dd42-cd5c-4e3a-9bc4-14816ed53d38,66:ae9a001517d39cec11e3fca382142947}(|){"#",a2b5aac2-33a7-41ec-878c-7dd928ac85cf,184:ae9a001517d39cec11e3fca532bbe56d}(|)Київ, Київська, бульварЧоколівський, 31-А(|)
{"#",47e6dd42-cd5c-4e3a-9bc4-14816ed53d38,66:ae9a001517d39cec11e3fca149a09cf5}(|){"#",a2b5aac2-33a7-41ec-878c-7dd928ac85cf,184:ae9a001517d39cec11e3fca532bbe56f}(|)Біляївка, Одеська, вул.Леніна, 397(|)
{"#",47e6dd42-cd5c-4e3a-9bc4-14816ed53d38,66:aa930025909438d611e8dc1792c81e62}(|){"#",a2b5aac2-33a7-41ec-878c-7dd928ac85cf,184:ae9a001517d39cec11e3fca532bbe571}(|)Запоріжжя, Запорізька, вул.Радистів, 54(|)
{"#",47e6dd42-cd5c-4e3a-9bc4-14816ed53d38,66:ae9a001517d39cec11e3fca118d37ac2}(|){"#",a2b5aac2-33a7-41ec-878c-7dd928ac85cf,184:ae9a001517d39cec11e3fca532bbe571}(|)Запоріжжя, Запорізька, вул.Радистів, 54(|)
{"#",47e6dd42-cd5c-4e3a-9bc4-14816ed53d38,66:ae9a001517d39cec11e3fca1808c281a}(|){"#",a2b5aac2-33a7-41ec-878c-7dd928ac85cf,184:ae9a001517d39cec11e3fca532bbe571}(|)Запоріжжя, Запорізька, вул.Радистів, 54(|)
{"#",47e6dd42-cd5c-4e3a-9bc4-14816ed53d38,66:ae9a001517d39cec11e3fca19efe0f57}(|){"#",a2b5aac2-33a7-41ec-878c-7dd928ac85cf,184:ae9a001517d39cec11e3fca532bbe571}(|)Запоріжжя, Запорізька, вул.Радистів, 54(|)
{"#",47e6dd42-cd5c-4e3a-9bc4-14816ed53d38,66:ae9a001517d39cec11e3fca27b105eca}(|){"#",a2b5aac2-33a7-41ec-878c-7dd928ac85cf,184:ae9a001517d39cec11e3fca532bbe571}(|)Запоріжжя, Запорізька, вул.Радистів, 54(|)
{"#",47e6dd42-cd5c-4e3a-9bc4-14816ed53d38,66:ae9a001517d39cec11e3fca2812a0311}(|){"#",a2b5aac2-33a7-41ec-878c-7dd928ac85cf,184:ae9a001517d39cec11e3fca532bbe571}(|)Запоріжжя, Запорізька, вул.Радистів, 54(|)
{"#",47e6dd42-cd5c-4e3a-9bc4-14816ed53d38,66:ae9a001517d39cec11e3fca31454ea68}(|){"#",a2b5aac2-33a7-41ec-878c-7dd928ac85cf,184:ae9a001517d39cec11e3fca532bbe571}(|)Запоріжжя, Запорізька, вул.Радистів, 54(|)
{"#",47e6dd42-cd5c-4e3a-9bc4-14816ed53d38,66:ae9a001517d39cec11e3fca32085d09b}(|){"#",a2b5aac2-33a7-41ec-878c-7dd928ac85cf,184:ae9a001517d39cec11e3fca532bbe571}(|)Запоріжжя, Запорізька, вул.Радистів, 54(|)
{"#",47e6dd42-cd5c-4e3a-9bc4-14816ed53d38,66:ae9a001517d39cec11e3fca53eaece7e}(|){"#",a2b5aac2-33a7-41ec-878c-7dd928ac85cf,184:ae9a001517d39cec11e3fca532bbe571}(|)Запоріжжя, Запорізька, вул.Радистів, 54(|)
{"#",47e6dd42-cd5c-4e3a-9bc4-14816ed53d38,66:92f7001517d39cec11e70edb975694f1}(|){"#",a2b5aac2-33a7-41ec-878c-7dd928ac85cf,184:ae9a001517d39cec11e3fca532bbe574}(|)Немішаєве, Київська, вул.Заводська, 50-А(|)
{"#",47e6dd42-cd5c-4e3a-9bc4-14816ed53d38,66:ae9a001517d39cec11e3fca079e094a8}(|){"#",a2b5aac2-33a7-41ec-878c-7dd928ac85cf,184:ae9a001517d39cec11e3fca532bbe574}(|)Немішаєве, Київська, вул.Заводська, 50-А(|)
{"#",47e6dd42-cd5c-4e3a-9bc4-14816ed53d38,66:ae9a001517d39cec11e3fca2135c761e}(|){"#",a2b5aac2-33a7-41ec-878c-7dd928ac85cf,184:ae9a001517d39cec11e3fca532bbe574}(|)Немішаєве, Київська, вул.Заводська, 50-А(|)
{"#",47e6dd42-cd5c-4e3a-9bc4-14816ed53d38,66:ae9a001517d39cec11e3fca382142948}(|){"#",a2b5aac2-33a7-41ec-878c-7dd928ac85cf,184:ae9a001517d39cec11e3fca532bbe576}(|)м.Бориспіль, Київська обл.(|)
{"#",47e6dd42-cd5c-4e3a-9bc4-14816ed53d38,66:ae9a001517d39cec11e3fca32085d09d}(|){"#",a2b5aac2-33a7-41ec-878c-7dd928ac85cf,184:ae9a001517d39cec11e3fca532bbe578}(|)Мена, Чернігівська, вул.Вокзальна (Воровського), 75(|)
{"#",47e6dd42-cd5c-4e3a-9bc4-14816ed53d38,66:ae9a001517d39cec11e3fca1436597b6}(|){"#",a2b5aac2-33a7-41ec-878c-7dd928ac85cf,184:ae9a001517d39cec11e3fca532bbe57c}(|)Бородянка, Київська, вул.Леніна, 234-Б(|)
{"#",47e6dd42-cd5c-4e3a-9bc4-14816ed53d38,66:ae9a001517d39cec11e3fca149a09cf3}(|){"#",a2b5aac2-33a7-41ec-878c-7dd928ac85cf,184:ae9a001517d39cec11e3fca532bbe57e}(|)Вінниця, Вінницька, вул.Шмідта, 662(|)
{"#",47e6dd42-cd5c-4e3a-9bc4-14816ed53d38,66:ae9a001517d39cec11e3fca2e96a9675}(|){"#",a2b5aac2-33a7-41ec-878c-7dd928ac85cf,184:ae9a001517d39cec11e3fca532bbe580}(|)Авторинок Барабашова, Харків, Харківська(|)
{"#",47e6dd42-cd5c-4e3a-9bc4-14816ed53d38,66:ae9a001517d39cec11e3fca2135c761f}(|){"#",a2b5aac2-33a7-41ec-878c-7dd928ac85cf,184:ae9a001517d39cec11e3fca532bbe582}(|)Харків, Харківська, пров.Ілліча, 85(|)
{"#",47e6dd42-cd5c-4e3a-9bc4-14816ed53d38,66:ae9a001517d39cec11e3fca3ac9f1f2b}(|){"#",a2b5aac2-33a7-41ec-878c-7dd928ac85cf,184:ae9a001517d39cec11e3fca532bbe586}(|)Київ, Київська, вул.Лугова, 4(|)
{"#",47e6dd42-cd5c-4e3a-9bc4-14816ed53d38,66:ae9a001517d39cec11e3fca394578cb9}(|){"#",a2b5aac2-33a7-41ec-878c-7dd928ac85cf,184:ae9a001517d39cec11e3fca532bbe58a}(|)Полтава, Полтавська, вул.Великотирнівська, 39-А(|)
{"#",47e6dd42-cd5c-4e3a-9bc4-14816ed53d38,66:ae9a001517d39cec11e3fca1ee76513b}(|){"#",a2b5aac2-33a7-41ec-878c-7dd928ac85cf,184:ae9a001517d39cec11e3fca532bbe58c}(|)Кременчук, Полтавська, просп.Українки Лесі (50-річчя Жовтня), 119(|)
{"#",47e6dd42-cd5c-4e3a-9bc4-14816ed53d38,66:ae9a001517d39cec11e3fca30218ae0c}(|){"#",a2b5aac2-33a7-41ec-878c-7dd928ac85cf,184:ae9a001517d39cec11e3fca532bbe58f}(|)Полтава, Полтавська, вул.Визволення, 14(|)
{"#",47e6dd42-cd5c-4e3a-9bc4-14816ed53d38,66:ae9a001517d39cec11e3fca0b6bd3c17}(|){"#",a2b5aac2-33a7-41ec-878c-7dd928ac85cf,184:ae9a001517d39cec11e3fca532bbe591}(|)Полтава, Полтавська, бульварКоновальця Євгена (Конєва Маршала), 9(|)
{"#",47e6dd42-cd5c-4e3a-9bc4-14816ed53d38,66:ae9a001517d39cec11e3fca1c39cadb1}(|){"#",a2b5aac2-33a7-41ec-878c-7dd928ac85cf,184:ae9a001517d39cec11e3fca532bbe593}(|)Кременчук, Полтавська, вул.Пугачова Вадима (Московська), 6(|)
{"#",47e6dd42-cd5c-4e3a-9bc4-14816ed53d38,66:ae9a001517d39cec11e3fca338f5eb29}(|){"#",a2b5aac2-33a7-41ec-878c-7dd928ac85cf,184:ae9a001517d39cec11e3fca532bbe593}(|)Кременчук, Полтавська, вул.Пугачова Вадима (Московська), 6(|)
{"#",47e6dd42-cd5c-4e3a-9bc4-14816ed53d38,66:ae9a001517d39cec11e3fca3d7313c3a}(|){"#",a2b5aac2-33a7-41ec-878c-7dd928ac85cf,184:ae9a001517d39cec11e3fca532bbe593}(|)Кременчук, Полтавська, вул.Пугачова Вадима (Московська), 6(|)
{"#",47e6dd42-cd5c-4e3a-9bc4-14816ed53d38,66:ae9a001517d39cec11e3fca33f381765}(|){"#",a2b5aac2-33a7-41ec-878c-7dd928ac85cf,184:ae9a001517d39cec11e3fca532bbe595}(|)Полтава, Полтавська, вул.Зигіна, 3/7(|)
{"#",47e6dd42-cd5c-4e3a-9bc4-14816ed53d38,66:ae9a001517d39cec11e3fca394578caf}(|){"#",a2b5aac2-33a7-41ec-878c-7dd928ac85cf,184:ae9a001517d39cec11e3fca532bbe597}(|)Полтава, Полтавська, вул.Великотирнівська, 11(|)
{"#",47e6dd42-cd5c-4e3a-9bc4-14816ed53d38,66:ae9a001517d39cec11e3fca231e8974d}(|){"#",a2b5aac2-33a7-41ec-878c-7dd928ac85cf,184:ae9a001517d39cec11e3fca532bbe599}(|)Кременчук, Полтавська, просп.Українки Лесі (50-річчя Жовтня), 37(|)
{"#",47e6dd42-cd5c-4e3a-9bc4-14816ed53d38,66:ae9a001517d39cec11e3fca13d38e0a0}(|){"#",a2b5aac2-33a7-41ec-878c-7dd928ac85cf,184:ae9a001517d39cec11e3fca532bbe59b}(|)Полтава, Полтавська, вул.Кагамлика, 70(|)
{"#",47e6dd42-cd5c-4e3a-9bc4-14816ed53d38,66:ae9a001517d39cec11e3fca26edab3e1}(|){"#",a2b5aac2-33a7-41ec-878c-7dd928ac85cf,184:ae9a001517d39cec11e3fca532bbe59b}(|)Полтава, Полтавська, вул.Кагамлика, 70(|)
{"#",47e6dd42-cd5c-4e3a-9bc4-14816ed53d38,66:ae9a001517d39cec11e3fca29f94c348}(|){"#",a2b5aac2-33a7-41ec-878c-7dd928ac85cf,184:ae9a001517d39cec11e3fca532bbe59d}(|)Опішня, Полтавська, вул.Жовтнева, 21(|)
{"#",47e6dd42-cd5c-4e3a-9bc4-14816ed53d38,66:ae9a001517d39cec11e3fca532bbe5a2}(|){"#",a2b5aac2-33a7-41ec-878c-7dd928ac85cf,184:ae9a001517d39cec11e3fca532bbe5a1}(|)Галич, Івано-Франківська, вул.Вітовського, 308(|)
{"#",47e6dd42-cd5c-4e3a-9bc4-14816ed53d38,66:ae9a001517d39cec11e3fca149a09cf8}(|){"#",a2b5aac2-33a7-41ec-878c-7dd928ac85cf,184:ae9a001517d39cec11e3fca532bbe5a4}(|)Авторинок Барабашова, Харків, Харківська(|)
{"#",47e6dd42-cd5c-4e3a-9bc4-14816ed53d38,66:ae9a001517d39cec11e3fca14fbca388}(|){"#",a2b5aac2-33a7-41ec-878c-7dd928ac85cf,184:ae9a001517d39cec11e3fca532bbe5a4}(|)Авторинок Барабашова, Харків, Харківська(|)
{"#",47e6dd42-cd5c-4e3a-9bc4-14816ed53d38,66:ae9a001517d39cec11e3fca2e96a9676}(|){"#",a2b5aac2-33a7-41ec-878c-7dd928ac85cf,184:ae9a001517d39cec11e3fca532bbe5a4}(|)Авторинок Барабашова, Харків, Харківська(|)
{"#",47e6dd42-cd5c-4e3a-9bc4-14816ed53d38,66:ae9a001517d39cec11e3fca30218ae1d}(|){"#",a2b5aac2-33a7-41ec-878c-7dd928ac85cf,184:ae9a001517d39cec11e3fca532bbe5a4}(|)Авторинок Барабашова, Харків, Харківська(|)
{"#",47e6dd42-cd5c-4e3a-9bc4-14816ed53d38,66:ae9a001517d39cec11e3fca30218ae1e}(|){"#",a2b5aac2-33a7-41ec-878c-7dd928ac85cf,184:ae9a001517d39cec11e3fca532bbe5a4}(|)Авторинок Барабашова, Харків, Харківська(|)
{"#",47e6dd42-cd5c-4e3a-9bc4-14816ed53d38,66:ae9a001517d39cec11e3fca31454ea71}(|){"#",a2b5aac2-33a7-41ec-878c-7dd928ac85cf,184:ae9a001517d39cec11e3fca532bbe5a4}(|)Авторинок Барабашова, Харків, Харківська(|)
{"#",47e6dd42-cd5c-4e3a-9bc4-14816ed53d38,66:ae9a001517d39cec11e3fca32085d09f}(|){"#",a2b5aac2-33a7-41ec-878c-7dd928ac85cf,184:ae9a001517d39cec11e3fca532bbe5a4}(|)Авторинок Барабашова, Харків, Харківська(|)
{"#",47e6dd42-cd5c-4e3a-9bc4-14816ed53d38,66:ae9a001517d39cec11e3fca32085d0af}(|){"#",a2b5aac2-33a7-41ec-878c-7dd928ac85cf,184:ae9a001517d39cec11e3fca532bbe5a4}(|)Авторинок Барабашова, Харків, Харківська(|)
{"#",47e6dd42-cd5c-4e3a-9bc4-14816ed53d38,66:ae9a001517d39cec11e3fca36fc4da22}(|){"#",a2b5aac2-33a7-41ec-878c-7dd928ac85cf,184:ae9a001517d39cec11e3fca532bbe5a4}(|)Авторинок Барабашова, Харків, Харківська(|)
{"#",47e6dd42-cd5c-4e3a-9bc4-14816ed53d38,66:ae9a001517d39cec11e3fca375de7e52}(|){"#",a2b5aac2-33a7-41ec-878c-7dd928ac85cf,184:ae9a001517d39cec11e3fca532bbe5a4}(|)Авторинок Барабашова, Харків, Харківська(|)
{"#",47e6dd42-cd5c-4e3a-9bc4-14816ed53d38,66:ae9a001517d39cec11e3fca382142941}(|){"#",a2b5aac2-33a7-41ec-878c-7dd928ac85cf,184:ae9a001517d39cec11e3fca532bbe5a7}(|)Довжик (Житомирська обл.), Житомирська, вул.Богунська, 1-А(|)
{"#",47e6dd42-cd5c-4e3a-9bc4-14816ed53d38,66:ae9a001517d39cec11e3fca2812a0314}(|){"#",a2b5aac2-33a7-41ec-878c-7dd928ac85cf,184:ae9a001517d39cec11e3fca532bbe5a9}(|)Миколаїв, Миколаївська, вул.Новозаводська, 7(|)
{"#",47e6dd42-cd5c-4e3a-9bc4-14816ed53d38,66:ae9a001517d39cec11e3fca532bbe5ac}(|){"#",a2b5aac2-33a7-41ec-878c-7dd928ac85cf,184:ae9a001517d39cec11e3fca532bbe5ab}(|)Дніпро, Дніпропетровська, просп.Нігояна Сергія, 5(|)
{"#",47e6dd42-cd5c-4e3a-9bc4-14816ed53d38,66:ae9a001517d39cec11e3fca532bbe5af}(|){"#",a2b5aac2-33a7-41ec-878c-7dd928ac85cf,184:ae9a001517d39cec11e3fca532bbe5ae}(|)Дніпро, Дніпропетровська, вул.Калініна, 2(|)
{"#",47e6dd42-cd5c-4e3a-9bc4-14816ed53d38,66:ae9a001517d39cec11e3fca0b6bd3c20}(|){"#",a2b5aac2-33a7-41ec-878c-7dd928ac85cf,184:ae9a001517d39cec11e3fca532bbe5b2}(|)Авторинок РЕАЛ, Тернопіль, Тернопільська(|)
{"#",47e6dd42-cd5c-4e3a-9bc4-14816ed53d38,66:ae9a001517d39cec11e3fca3a6857aec}(|){"#",a2b5aac2-33a7-41ec-878c-7dd928ac85cf,184:ae9a001517d39cec11e3fca532bbe5b4}(|)Кривий Ріг, Дніпропетровська, вул.Терещенка Володимира (Федоренка), 3-А(|)
{"#",47e6dd42-cd5c-4e3a-9bc4-14816ed53d38,66:ae9a001517d39cec11e3fca11eed1f04}(|){"#",a2b5aac2-33a7-41ec-878c-7dd928ac85cf,184:ae9a001517d39cec11e3fca532bbe5b6}(|)Снятин, Івано-Франківська, вул.Винниченка, 46(|)
{"#",47e6dd42-cd5c-4e3a-9bc4-14816ed53d38,66:ae9a001517d39cec11e3fca32085d0a1}(|){"#",a2b5aac2-33a7-41ec-878c-7dd928ac85cf,184:ae9a001517d39cec11e3fca538b68b1e}(|)Згурівка, Київська, вул.Кооперативна, 60(|)
{"#",47e6dd42-cd5c-4e3a-9bc4-14816ed53d38,66:ae9a001517d39cec11e3fc9fdd3109f0}(|){"#",a2b5aac2-33a7-41ec-878c-7dd928ac85cf,184:ae9a001517d39cec11e3fca538b68b20}(|)Херсон(|)
{"#",47e6dd42-cd5c-4e3a-9bc4-14816ed53d38,66:ae9a001517d39cec11e3fc9fe9324125}(|){"#",a2b5aac2-33a7-41ec-878c-7dd928ac85cf,184:ae9a001517d39cec11e3fca538b68b20}(|)Херсон(|)
{"#",47e6dd42-cd5c-4e3a-9bc4-14816ed53d38,66:ae9a001517d39cec11e3fca1d612228a}(|){"#",a2b5aac2-33a7-41ec-878c-7dd928ac85cf,184:ae9a001517d39cec11e3fca538b68b22}(|)Авторинок Ярославський, Черкаси, Черкаська(|)
{"#",47e6dd42-cd5c-4e3a-9bc4-14816ed53d38,66:ae9a001517d39cec11e3fca38214294b}(|){"#",a2b5aac2-33a7-41ec-878c-7dd928ac85cf,184:ae9a001517d39cec11e3fca538b68b22}(|)Авторинок Ярославський, Черкаси, Черкаська(|)
{"#",47e6dd42-cd5c-4e3a-9bc4-14816ed53d38,66:ae9a001517d39cec11e3fca0cf321b56}(|){"#",a2b5aac2-33a7-41ec-878c-7dd928ac85cf,184:ae9a001517d39cec11e3fca538b68b25}(|)Сімферополь(|)
{"#",47e6dd42-cd5c-4e3a-9bc4-14816ed53d38,66:ae9a001517d39cec11e3fca1436597c4}(|){"#",a2b5aac2-33a7-41ec-878c-7dd928ac85cf,184:ae9a001517d39cec11e3fca538b68b25}(|)Сімферополь(|)
{"#",47e6dd42-cd5c-4e3a-9bc4-14816ed53d38,66:ae9a001517d39cec11e3fca2b810c98a}(|){"#",a2b5aac2-33a7-41ec-878c-7dd928ac85cf,184:ae9a001517d39cec11e3fca538b68b25}(|)Сімферополь(|)Сімферополь
{"#",47e6dd42-cd5c-4e3a-9bc4-14816ed53d38,66:ae9a001517d39cec11e3fca2ca732b88}(|){"#",a2b5aac2-33a7-41ec-878c-7dd928ac85cf,184:ae9a001517d39cec11e3fca538b68b25}(|)Сімферополь(|)
{"#",47e6dd42-cd5c-4e3a-9bc4-14816ed53d38,66:ae9a001517d39cec11e3fca338f5eb21}(|){"#",a2b5aac2-33a7-41ec-878c-7dd928ac85cf,184:ae9a001517d39cec11e3fca538b68b25}(|)Сімферополь(|)
{"#",47e6dd42-cd5c-4e3a-9bc4-14816ed53d38,66:ae9a001517d39cec11e3fca3dd41570e}(|){"#",a2b5aac2-33a7-41ec-878c-7dd928ac85cf,184:ae9a001517d39cec11e3fca538b68b25}(|)Сімферополь(|)
{"#",47e6dd42-cd5c-4e3a-9bc4-14816ed53d38,66:ae9a001517d39cec11e3fca574a729cd}(|){"#",a2b5aac2-33a7-41ec-878c-7dd928ac85cf,184:ae9a001517d39cec11e3fca538b68b25}(|)Сімферополь(|)
{"#",47e6dd42-cd5c-4e3a-9bc4-14816ed53d38,66:ae9a001517d39cec11e3fca0925a3897}(|){"#",a2b5aac2-33a7-41ec-878c-7dd928ac85cf,184:ae9a001517d39cec11e3fca538b68b28}(|)Авторинок Москвич, Одеса, Одеська(|)
{"#",47e6dd42-cd5c-4e3a-9bc4-14816ed53d38,66:ae9a001517d39cec11e3fca0b6bd3c22}(|){"#",a2b5aac2-33a7-41ec-878c-7dd928ac85cf,184:ae9a001517d39cec11e3fca538b68b28}(|)Авторинок Москвич, Одеса, Одеська(|)
{"#",47e6dd42-cd5c-4e3a-9bc4-14816ed53d38,66:ae9a001517d39cec11e3fca0c2dfd42c}(|){"#",a2b5aac2-33a7-41ec-878c-7dd928ac85cf,184:ae9a001517d39cec11e3fca538b68b28}(|)Авторинок Москвич, Одеса, Одеська(|)
{"#",47e6dd42-cd5c-4e3a-9bc4-14816ed53d38,66:ae9a001517d39cec11e3fca106521a3e}(|){"#",a2b5aac2-33a7-41ec-878c-7dd928ac85cf,184:ae9a001517d39cec11e3fca538b68b28}(|)Авторинок Москвич, Одеса, Одеська(|)
{"#",47e6dd42-cd5c-4e3a-9bc4-14816ed53d38,66:ae9a001517d39cec11e3fca10c5d7066}(|){"#",a2b5aac2-33a7-41ec-878c-7dd928ac85cf,184:ae9a001517d39cec11e3fca538b68b28}(|)Авторинок Москвич, Одеса, Одеська(|)
{"#",47e6dd42-cd5c-4e3a-9bc4-14816ed53d38,66:ae9a001517d39cec11e3fca17a61d361}(|){"#",a2b5aac2-33a7-41ec-878c-7dd928ac85cf,184:ae9a001517d39cec11e3fca538b68b28}(|)Авторинок Москвич, Одеса, Одеська(|)
{"#",47e6dd42-cd5c-4e3a-9bc4-14816ed53d38,66:ae9a001517d39cec11e3fca1a4ffdc15}(|){"#",a2b5aac2-33a7-41ec-878c-7dd928ac85cf,184:ae9a001517d39cec11e3fca538b68b28}(|)Авторинок Москвич, Одеса, Одеська(|)
{"#",47e6dd42-cd5c-4e3a-9bc4-14816ed53d38,66:ae9a001517d39cec11e3fca20d32216f}(|){"#",a2b5aac2-33a7-41ec-878c-7dd928ac85cf,184:ae9a001517d39cec11e3fca538b68b28}(|)Авторинок Москвич, Одеса, Одеська(|)
{"#",47e6dd42-cd5c-4e3a-9bc4-14816ed53d38,66:ae9a001517d39cec11e3fca25093b6ec}(|){"#",a2b5aac2-33a7-41ec-878c-7dd928ac85cf,184:ae9a001517d39cec11e3fca538b68b28}(|)Авторинок Москвич, Одеса, Одеська(|)
{"#",47e6dd42-cd5c-4e3a-9bc4-14816ed53d38,66:ae9a001517d39cec11e3fca25093b6ef}(|){"#",a2b5aac2-33a7-41ec-878c-7dd928ac85cf,184:ae9a001517d39cec11e3fca538b68b28}(|)Авторинок Москвич, Одеса, Одеська(|)
{"#",47e6dd42-cd5c-4e3a-9bc4-14816ed53d38,66:ae9a001517d39cec11e3fca2750c2fab}(|){"#",a2b5aac2-33a7-41ec-878c-7dd928ac85cf,184:ae9a001517d39cec11e3fca538b68b28}(|)Авторинок Москвич, Одеса, Одеська(|)
{"#",47e6dd42-cd5c-4e3a-9bc4-14816ed53d38,66:ae9a001517d39cec11e3fca2750c2fac}(|){"#",a2b5aac2-33a7-41ec-878c-7dd928ac85cf,184:ae9a001517d39cec11e3fca538b68b28}(|)Авторинок Москвич, Одеса, Одеська(|)
{"#",47e6dd42-cd5c-4e3a-9bc4-14816ed53d38,66:ae9a001517d39cec11e3fca34b394e8f}(|){"#",a2b5aac2-33a7-41ec-878c-7dd928ac85cf,184:ae9a001517d39cec11e3fca538b68b28}(|)Авторинок Москвич, Одеса, Одеська(|)
{"#",47e6dd42-cd5c-4e3a-9bc4-14816ed53d38,66:ae9a001517d39cec11e3fca610d8581b}(|){"#",a2b5aac2-33a7-41ec-878c-7dd928ac85cf,184:ae9a001517d39cec11e3fca538b68b28}(|)Авторинок Москвич, Одеса, Одеська(|)
{"#",47e6dd42-cd5c-4e3a-9bc4-14816ed53d38,66:ae9a001517d39cec11e3fca118d37abe}(|){"#",a2b5aac2-33a7-41ec-878c-7dd928ac85cf,184:ae9a001517d39cec11e3fca538b68b2b}(|)Київ, Київська, вул.Донецька, 10(|)
{"#",47e6dd42-cd5c-4e3a-9bc4-14816ed53d38,66:ae9a001517d39cec11e3fca1681c0d91}(|){"#",a2b5aac2-33a7-41ec-878c-7dd928ac85cf,184:ae9a001517d39cec11e3fca538b68b2b}(|)Київ, Київська, вул.Донецька, 10(|)
{"#",47e6dd42-cd5c-4e3a-9bc4-14816ed53d38,66:ae9a001517d39cec11e3fca32695eb8d}(|){"#",a2b5aac2-33a7-41ec-878c-7dd928ac85cf,184:ae9a001517d39cec11e3fca538b68b2b}(|)Київ, Київська, вул.Донецька, 10(|)
{"#",47e6dd42-cd5c-4e3a-9bc4-14816ed53d38,66:ae63001517d39cec11e68f86a2de5c10}(|){"#",a2b5aac2-33a7-41ec-878c-7dd928ac85cf,184:ae9a001517d39cec11e3fca538b68b2e}(|)Авторинок Терминал, Кривий Ріг, Дніпропетровська(|)
{"#",47e6dd42-cd5c-4e3a-9bc4-14816ed53d38,66:ae63001517d39cec11e68f8801c353e2}(|){"#",a2b5aac2-33a7-41ec-878c-7dd928ac85cf,184:ae9a001517d39cec11e3fca538b68b2e}(|)Авторинок Терминал, Кривий Ріг, Дніпропетровська(|)
{"#",47e6dd42-cd5c-4e3a-9bc4-14816ed53d38,66:ae63001517d39cec11e696a48fd573f4}(|){"#",a2b5aac2-33a7-41ec-878c-7dd928ac85cf,184:ae9a001517d39cec11e3fca538b68b2e}(|)Авторинок Терминал, Кривий Ріг, Дніпропетровська(|)
{"#",47e6dd42-cd5c-4e3a-9bc4-14816ed53d38,66:ae9a001517d39cec11e3fca09e56ab05}(|){"#",a2b5aac2-33a7-41ec-878c-7dd928ac85cf,184:ae9a001517d39cec11e3fca538b68b2e}(|)Авторинок Терминал, Кривий Ріг, Дніпропетровська(|)
{"#",47e6dd42-cd5c-4e3a-9bc4-14816ed53d38,66:ae9a001517d39cec11e3fca1e240a659}(|){"#",a2b5aac2-33a7-41ec-878c-7dd928ac85cf,184:ae9a001517d39cec11e3fca538b68b2e}(|)Авторинок Терминал, Кривий Ріг, Дніпропетровська(|)
{"#",47e6dd42-cd5c-4e3a-9bc4-14816ed53d38,66:ae9a001517d39cec11e3fca067bc2fd4}(|){"#",a2b5aac2-33a7-41ec-878c-7dd928ac85cf,184:ae9a001517d39cec11e3fca538b68b30}(|)Київ, Київська, вул.Глушкова, 67(|)
{"#",47e6dd42-cd5c-4e3a-9bc4-14816ed53d38,66:ae9a001517d39cec11e3fca07fee4d22}(|){"#",a2b5aac2-33a7-41ec-878c-7dd928ac85cf,184:ae9a001517d39cec11e3fca538b68b30}(|)Київ, Київська, вул.Глушкова, 67(|)
{"#",47e6dd42-cd5c-4e3a-9bc4-14816ed53d38,66:ae9a001517d39cec11e3fca2e3450678}(|){"#",a2b5aac2-33a7-41ec-878c-7dd928ac85cf,184:ae9a001517d39cec11e3fca538b68b30}(|)Київ, Київська, вул.Глушкова, 67(|)
{"#",47e6dd42-cd5c-4e3a-9bc4-14816ed53d38,66:ae9a001517d39cec11e3fca1436597c3}(|){"#",a2b5aac2-33a7-41ec-878c-7dd928ac85cf,184:ae9a001517d39cec11e3fca538b68b32}(|)Київ, Київська, вул.Головка Андрія, 12(|)
{"#",47e6dd42-cd5c-4e3a-9bc4-14816ed53d38,66:ae9a001517d39cec11e3fca2812a0315}(|){"#",a2b5aac2-33a7-41ec-878c-7dd928ac85cf,184:ae9a001517d39cec11e3fca538b68b34}(|)м.Татарбунари, Одеська обл.(|)
{"#",47e6dd42-cd5c-4e3a-9bc4-14816ed53d38,66:ae9a001517d39cec11e3fca332c46f51}(|){"#",a2b5aac2-33a7-41ec-878c-7dd928ac85cf,184:ae9a001517d39cec11e3fca538b68b36}(|)вул.Транспортников,35-А, м.Ізмаїл, Одеська обл.(|)
{"#",47e6dd42-cd5c-4e3a-9bc4-14816ed53d38,66:ae9a001517d39cec11e3fca31454ea70}(|){"#",a2b5aac2-33a7-41ec-878c-7dd928ac85cf,184:ae9a001517d39cec11e3fca538b68b38}(|)Конотоп, Сумська, вул.Лазаревського, 9(|)
{"#",47e6dd42-cd5c-4e3a-9bc4-14816ed53d38,66:92f7001517d39cec11e7031a6228f998}(|){"#",a2b5aac2-33a7-41ec-878c-7dd928ac85cf,184:ae9a001517d39cec11e3fca538b68b3a}(|)Вишневе, Київська, вул.Київська, 2-В(|)
{"#",47e6dd42-cd5c-4e3a-9bc4-14816ed53d38,66:aa8e0025909438d711e83f0ef85779d2}(|){"#",a2b5aac2-33a7-41ec-878c-7dd928ac85cf,184:ae9a001517d39cec11e3fca538b68b3a}(|)Вишневе, Київська, вул.Київська, 2-В(|)
{"#",47e6dd42-cd5c-4e3a-9bc4-14816ed53d38,66:ae9a001517d39cec11e3fca1e240a65a}(|){"#",a2b5aac2-33a7-41ec-878c-7dd928ac85cf,184:ae9a001517d39cec11e3fca538b68b3a}(|)Вишневе, Київська, вул.Київська, 2-В(|)
{"#",47e6dd42-cd5c-4e3a-9bc4-14816ed53d38,66:ae9a001517d39cec11e3fca12b0fb713}(|){"#",a2b5aac2-33a7-41ec-878c-7dd928ac85cf,184:ae9a001517d39cec11e3fca538b68b3c}(|)Конотоп, Сумська, площаМиру, 78(|)
{"#",47e6dd42-cd5c-4e3a-9bc4-14816ed53d38,66:ae9a001517d39cec11e3fca2fc121ca9}(|){"#",a2b5aac2-33a7-41ec-878c-7dd928ac85cf,184:ae9a001517d39cec11e3fca538b68b3e}(|)Короп, Чернігівська, вул.Вишнева, 23(|)
{"#",47e6dd42-cd5c-4e3a-9bc4-14816ed53d38,66:ae9a001517d39cec11e3fca2ca732b79}(|){"#",a2b5aac2-33a7-41ec-878c-7dd928ac85cf,184:ae9a001517d39cec11e3fca538b68b40}(|)Короп, Чернігівська, вул.Поштова, 3(|)
{"#",47e6dd42-cd5c-4e3a-9bc4-14816ed53d38,66:ae9a001517d39cec11e3fca149a09ced}(|){"#",a2b5aac2-33a7-41ec-878c-7dd928ac85cf,184:ae9a001517d39cec11e3fca538b68b42}(|)Конотоп, Сумська, пров.3-й Великого Володимира (Свердлова), 7(|)
{"#",47e6dd42-cd5c-4e3a-9bc4-14816ed53d38,66:ae9a001517d39cec11e3fca3e37c5c39}(|){"#",a2b5aac2-33a7-41ec-878c-7dd928ac85cf,184:ae9a001517d39cec11e3fca538b68b42}(|)Конотоп, Сумська, пров.3-й Великого Володимира (Свердлова), 7(|)
{"#",47e6dd42-cd5c-4e3a-9bc4-14816ed53d38,66:ae9a001517d39cec11e3fca1dc32edcc}(|){"#",a2b5aac2-33a7-41ec-878c-7dd928ac85cf,184:ae9a001517d39cec11e3fca538b68b44}(|)Кролевець, Сумська, вул.Миру, 6(|)
{"#",47e6dd42-cd5c-4e3a-9bc4-14816ed53d38,66:ae9a001517d39cec11e3fca28d4c9b24}(|){"#",a2b5aac2-33a7-41ec-878c-7dd928ac85cf,184:ae9a001517d39cec11e3fca538b68b44}(|)Кролевець, Сумська, вул.Миру, 6(|)
{"#",47e6dd42-cd5c-4e3a-9bc4-14816ed53d38,66:ae9a001517d39cec11e3fca32cc9c9a8}(|){"#",a2b5aac2-33a7-41ec-878c-7dd928ac85cf,184:ae9a001517d39cec11e3fca538b68b44}(|)Кролевець, Сумська, вул.Миру, 6(|)
{"#",47e6dd42-cd5c-4e3a-9bc4-14816ed53d38,66:ae9a001517d39cec11e3fca3a6857ae8}(|){"#",a2b5aac2-33a7-41ec-878c-7dd928ac85cf,184:ae9a001517d39cec11e3fca538b68b46}(|)Миру, Чернігів(|)
{"#",47e6dd42-cd5c-4e3a-9bc4-14816ed53d38,66:ae9a001517d39cec11e3fca5c89efbb0}(|){"#",a2b5aac2-33a7-41ec-878c-7dd928ac85cf,184:ae9a001517d39cec11e3fca538b68b46}(|)Миру, Чернігів(|)
{"#",47e6dd42-cd5c-4e3a-9bc4-14816ed53d38,66:ae9a001517d39cec11e3fca32695eb90}(|){"#",a2b5aac2-33a7-41ec-878c-7dd928ac85cf,184:ae9a001517d39cec11e3fca538b68b48}(|)Ромни, Сумська, вул.Горького, 67(|)
{"#",47e6dd42-cd5c-4e3a-9bc4-14816ed53d38,66:ae9a001517d39cec11e3fc9fe332d6d3}(|){"#",a2b5aac2-33a7-41ec-878c-7dd928ac85cf,184:ae9a001517d39cec11e3fca538b68b4a}(|)Прилуки(|)
{"#",47e6dd42-cd5c-4e3a-9bc4-14816ed53d38,66:ae9a001517d39cec11e3fca31a73536e}(|){"#",a2b5aac2-33a7-41ec-878c-7dd928ac85cf,184:ae9a001517d39cec11e3fca538b68b4c}(|)Велика Багачка, Полтавська, вул.Жовтнева, 75(|)
{"#",47e6dd42-cd5c-4e3a-9bc4-14816ed53d38,66:ae9a001517d39cec11e3fca38214294a}(|){"#",a2b5aac2-33a7-41ec-878c-7dd928ac85cf,184:ae9a001517d39cec11e3fca538b68b4e}(|)Харків, Харківська, вул.Гвардійців-Широнінців, 41(|)
{"#",47e6dd42-cd5c-4e3a-9bc4-14816ed53d38,66:ae9a001517d39cec11e3fca237fd76d1}(|){"#",a2b5aac2-33a7-41ec-878c-7dd928ac85cf,184:ae9a001517d39cec11e3fca538b68b50}(|)Дніпро, Дніпропетровська, вул.Бебеля, 32(|)
{"#",47e6dd42-cd5c-4e3a-9bc4-14816ed53d38,66:ae9a001517d39cec11e3fca24435840a}(|){"#",a2b5aac2-33a7-41ec-878c-7dd928ac85cf,184:ae9a001517d39cec11e3fca538b68b53}(|)Дніпро, Дніпропетровська, вул.Робоча, 170(|)
{"#",47e6dd42-cd5c-4e3a-9bc4-14816ed53d38,66:ae9a001517d39cec11e3fca2b810c989}(|){"#",a2b5aac2-33a7-41ec-878c-7dd928ac85cf,184:ae9a001517d39cec11e3fca538b68b53}(|)Дніпро, Дніпропетровська, вул.Робоча, 170(|)
{"#",47e6dd42-cd5c-4e3a-9bc4-14816ed53d38,66:ae9a001517d39cec11e3fca37bdde8cc}(|){"#",a2b5aac2-33a7-41ec-878c-7dd928ac85cf,184:ae9a001517d39cec11e3fca538b68b55}(|)Кривий Ріг, Дніпропетровська, вул.Електрозаводська, 25-А(|)
{"#",47e6dd42-cd5c-4e3a-9bc4-14816ed53d38,66:ae9a001517d39cec11e3fca262c8cc40}(|){"#",a2b5aac2-33a7-41ec-878c-7dd928ac85cf,184:ae9a001517d39cec11e3fca538b68b57}(|)Авторинок Центральний, Дніпро, Дніпропетровська(|)
{"#",47e6dd42-cd5c-4e3a-9bc4-14816ed53d38,66:ae9a001517d39cec11e3fca2c4526032}(|){"#",a2b5aac2-33a7-41ec-878c-7dd928ac85cf,184:ae9a001517d39cec11e3fca538b68b59}(|)Павлоград, Дніпропетровська, вул.Дніпровська, 334(|)
{"#",47e6dd42-cd5c-4e3a-9bc4-14816ed53d38,66:ae9a001517d39cec11e3fca3dd415715}(|){"#",a2b5aac2-33a7-41ec-878c-7dd928ac85cf,184:ae9a001517d39cec11e3fca538b68b59}(|)Павлоград, Дніпропетровська, вул.Дніпровська, 334(|)
{"#",47e6dd42-cd5c-4e3a-9bc4-14816ed53d38,66:ae9a001517d39cec11e3fca2ca732b83}(|){"#",a2b5aac2-33a7-41ec-878c-7dd928ac85cf,184:ae9a001517d39cec11e3fca538b68b5c}(|)Петриківка, Дніпропетровська, вул.Леніна, 41(|)
{"#",47e6dd42-cd5c-4e3a-9bc4-14816ed53d38,66:ae9a001517d39cec11e3fca09859a2f8}(|){"#",a2b5aac2-33a7-41ec-878c-7dd928ac85cf,184:ae9a001517d39cec11e3fca538b68b5e}(|)Полтава, Полтавська, вул.Головка, 72(|)
{"#",47e6dd42-cd5c-4e3a-9bc4-14816ed53d38,66:aa930025909438d611e95523e350db35}(|){"#",a2b5aac2-33a7-41ec-878c-7dd928ac85cf,184:ae9a001517d39cec11e3fca538b68b60}(|)Авторинок Ореховський, Запоріжжя, Запорізька(|)
{"#",47e6dd42-cd5c-4e3a-9bc4-14816ed53d38,66:ae9a001517d39cec11e3fca079e094a6}(|){"#",a2b5aac2-33a7-41ec-878c-7dd928ac85cf,184:ae9a001517d39cec11e3fca538b68b60}(|)Авторинок Ореховський, Запоріжжя, Запорізька(|)
{"#",47e6dd42-cd5c-4e3a-9bc4-14816ed53d38,66:ae9a001517d39cec11e3fca0925a3880}(|){"#",a2b5aac2-33a7-41ec-878c-7dd928ac85cf,184:ae9a001517d39cec11e3fca538b68b60}(|)Авторинок Ореховський, Запоріжжя, Запорізька(|)
{"#",47e6dd42-cd5c-4e3a-9bc4-14816ed53d38,66:ae9a001517d39cec11e3fca0bccd56f4}(|){"#",a2b5aac2-33a7-41ec-878c-7dd928ac85cf,184:ae9a001517d39cec11e3fca538b68b60}(|)Авторинок Ореховський, Запоріжжя, Запорізька(|)
{"#",47e6dd42-cd5c-4e3a-9bc4-14816ed53d38,66:ae9a001517d39cec11e3fca124fad781}(|){"#",a2b5aac2-33a7-41ec-878c-7dd928ac85cf,184:ae9a001517d39cec11e3fca538b68b60}(|)Авторинок Ореховський, Запоріжжя, Запорізька(|)
{"#",47e6dd42-cd5c-4e3a-9bc4-14816ed53d38,66:ae9a001517d39cec11e3fca149a09ce7}(|){"#",a2b5aac2-33a7-41ec-878c-7dd928ac85cf,184:ae9a001517d39cec11e3fca538b68b60}(|)Авторинок Ореховський, Запоріжжя, Запорізька(|)
{"#",47e6dd42-cd5c-4e3a-9bc4-14816ed53d38,66:ae9a001517d39cec11e3fca18cc1d2ff}(|){"#",a2b5aac2-33a7-41ec-878c-7dd928ac85cf,184:ae9a001517d39cec11e3fca538b68b60}(|)Авторинок Ореховський, Запоріжжя, Запорізька(|)
{"#",47e6dd42-cd5c-4e3a-9bc4-14816ed53d38,66:ae9a001517d39cec11e3fca1b130c258}(|){"#",a2b5aac2-33a7-41ec-878c-7dd928ac85cf,184:ae9a001517d39cec11e3fca538b68b60}(|)Авторинок Ореховський, Запоріжжя, Запорізька(|)
{"#",47e6dd42-cd5c-4e3a-9bc4-14816ed53d38,66:ae9a001517d39cec11e3fca1c39cadac}(|){"#",a2b5aac2-33a7-41ec-878c-7dd928ac85cf,184:ae9a001517d39cec11e3fca538b68b60}(|)Авторинок Ореховський, Запоріжжя, Запорізька(|)
{"#",47e6dd42-cd5c-4e3a-9bc4-14816ed53d38,66:ae9a001517d39cec11e3fca1e240a65b}(|){"#",a2b5aac2-33a7-41ec-878c-7dd928ac85cf,184:ae9a001517d39cec11e3fca538b68b60}(|)Авторинок Ореховський, Запоріжжя, Запорізька(|)
{"#",47e6dd42-cd5c-4e3a-9bc4-14816ed53d38,66:ae9a001517d39cec11e3fca2be3b1e38}(|){"#",a2b5aac2-33a7-41ec-878c-7dd928ac85cf,184:ae9a001517d39cec11e3fca538b68b60}(|)Авторинок Ореховський, Запоріжжя, Запорізька(|)
{"#",47e6dd42-cd5c-4e3a-9bc4-14816ed53d38,66:ae9a001517d39cec11e3fca30e4bf6a9}(|){"#",a2b5aac2-33a7-41ec-878c-7dd928ac85cf,184:ae9a001517d39cec11e3fca538b68b60}(|)Авторинок Ореховський, Запоріжжя, Запорізька(|)
{"#",47e6dd42-cd5c-4e3a-9bc4-14816ed53d38,66:ae9a001517d39cec11e3fca332c46f5b}(|){"#",a2b5aac2-33a7-41ec-878c-7dd928ac85cf,184:ae9a001517d39cec11e3fca538b68b60}(|)Авторинок Ореховський, Запоріжжя, Запорізька(|)
{"#",47e6dd42-cd5c-4e3a-9bc4-14816ed53d38,66:ae9a001517d39cec11e3fca3a07a24c4}(|){"#",a2b5aac2-33a7-41ec-878c-7dd928ac85cf,184:ae9a001517d39cec11e3fca538b68b60}(|)Авторинок Ореховський, Запоріжжя, Запорізька(|)
{"#",47e6dd42-cd5c-4e3a-9bc4-14816ed53d38,66:ae9a001517d39cec11e3fca3d7313c27}(|){"#",a2b5aac2-33a7-41ec-878c-7dd928ac85cf,184:ae9a001517d39cec11e3fca538b68b60}(|)Авторинок Ореховський, Запоріжжя, Запорізька(|)
{"#",47e6dd42-cd5c-4e3a-9bc4-14816ed53d38,66:ae9b001517d39cec11e40bfb59fa3868}(|){"#",a2b5aac2-33a7-41ec-878c-7dd928ac85cf,184:ae9a001517d39cec11e3fca538b68b60}(|)Авторинок Ореховський, Запоріжжя, Запорізька(|)
{"#",47e6dd42-cd5c-4e3a-9bc4-14816ed53d38,66:ae9a001517d39cec11e3fca2008eca5d}(|){"#",a2b5aac2-33a7-41ec-878c-7dd928ac85cf,184:ae9a001517d39cec11e3fca538b68b62}(|)Біла Церква, Київська, шосеСквирське, 29(|)
{"#",47e6dd42-cd5c-4e3a-9bc4-14816ed53d38,66:ae9a001517d39cec11e3fca09859a2f4}(|){"#",a2b5aac2-33a7-41ec-878c-7dd928ac85cf,184:ae9a001517d39cec11e3fca538b68b64}(|)Авторинок Старт, Херсон, Херсонська(|)
{"#",47e6dd42-cd5c-4e3a-9bc4-14816ed53d38,66:ae9a001517d39cec11e3fca118d37ab8}(|){"#",a2b5aac2-33a7-41ec-878c-7dd928ac85cf,184:ae9a001517d39cec11e3fca538b68b64}(|)Авторинок Старт, Херсон, Херсонська(|)
{"#",47e6dd42-cd5c-4e3a-9bc4-14816ed53d38,66:ae9a001517d39cec11e3fca124fad78d}(|){"#",a2b5aac2-33a7-41ec-878c-7dd928ac85cf,184:ae9a001517d39cec11e3fca538b68b64}(|)Авторинок Старт, Херсон, Херсонська(|)
{"#",47e6dd42-cd5c-4e3a-9bc4-14816ed53d38,66:ae9a001517d39cec11e3fca2ca732b85}(|){"#",a2b5aac2-33a7-41ec-878c-7dd928ac85cf,184:ae9a001517d39cec11e3fca538b68b64}(|)Авторинок Старт, Херсон, Херсонська(|)
{"#",47e6dd42-cd5c-4e3a-9bc4-14816ed53d38,66:ae9a001517d39cec11e3fca38214294c}(|){"#",a2b5aac2-33a7-41ec-878c-7dd928ac85cf,184:ae9a001517d39cec11e3fca538b68b64}(|)Авторинок Старт, Херсон, Херсонська(|)
{"#",47e6dd42-cd5c-4e3a-9bc4-14816ed53d38,66:ae9a001517d39cec11e3fca3a07a24ba}(|){"#",a2b5aac2-33a7-41ec-878c-7dd928ac85cf,184:ae9a001517d39cec11e3fca538b68b66}(|)Гола Пристань, Херсонська, вул.1-го Травня, 1(|)
{"#",47e6dd42-cd5c-4e3a-9bc4-14816ed53d38,66:ae9a001517d39cec11e3fca2873ee2a3}(|){"#",a2b5aac2-33a7-41ec-878c-7dd928ac85cf,184:ae9a001517d39cec11e3fca538b68b68}(|)Путивль, Сумська, вул.Кірова, 21-А(|)
{"#",47e6dd42-cd5c-4e3a-9bc4-14816ed53d38,66:ae9a001517d39cec11e3fca35da9fea0}(|){"#",a2b5aac2-33a7-41ec-878c-7dd928ac85cf,184:ae9a001517d39cec11e3fca538b68b6a}(|)Козин (Київська обл., Обухівський р-н), Київська, вул.Солов'яненка Анатолія, 28(|)
{"#",47e6dd42-cd5c-4e3a-9bc4-14816ed53d38,66:ae9a001517d39cec11e3fca3a07a24bc}(|){"#",a2b5aac2-33a7-41ec-878c-7dd928ac85cf,184:ae9a001517d39cec11e3fca538b68b6d}(|)Прилуки, Чернігівська, вул.Козача, 56-А(|)
{"#",47e6dd42-cd5c-4e3a-9bc4-14816ed53d38,66:ae9a001517d39cec11e3fca2812a031c}(|){"#",a2b5aac2-33a7-41ec-878c-7dd928ac85cf,184:ae9a001517d39cec11e3fca538b68b6f}(|)Ізмаїльська буд № 110, м.Белгород-Дністровськ, Одеська обл.(|)
{"#",47e6dd42-cd5c-4e3a-9bc4-14816ed53d38,66:ae9a001517d39cec11e3fca37bdde8c4}(|){"#",a2b5aac2-33a7-41ec-878c-7dd928ac85cf,184:ae9a001517d39cec11e3fca538b68b71}(|)Будинок Побуту, смт.Царичанка, Дніпропетровська обл.(|)
{"#",47e6dd42-cd5c-4e3a-9bc4-14816ed53d38,66:ae9a001517d39cec11e3fca25cb64f05}(|){"#",a2b5aac2-33a7-41ec-878c-7dd928ac85cf,184:ae9a001517d39cec11e3fca53eaece77}(|)Васильків (Київська обл., Васильківський р-н), Київська, вул.Декабристів, 126(|)
{"#",47e6dd42-cd5c-4e3a-9bc4-14816ed53d38,66:ae9a001517d39cec11e3fca2ef9c123b}(|){"#",a2b5aac2-33a7-41ec-878c-7dd928ac85cf,184:ae9a001517d39cec11e3fca53eaece7a}(|)Київ, Київська, вул.Колекторна, 3-А(|)
{"#",47e6dd42-cd5c-4e3a-9bc4-14816ed53d38,66:ae9a001517d39cec11e3fca2d0a96c02}(|){"#",a2b5aac2-33a7-41ec-878c-7dd928ac85cf,184:ae9a001517d39cec11e3fca53eaece7c}(|)Жовті Води, Дніпропетровська, вул.Нова, 30(|)
{"#",47e6dd42-cd5c-4e3a-9bc4-14816ed53d38,66:ae9a001517d39cec11e3fca3e9796452}(|){"#",a2b5aac2-33a7-41ec-878c-7dd928ac85cf,184:ae9a001517d39cec11e3fca53eaece80}(|)Дніпро, Дніпропетровська, вул.Янтарна, 69-Б(|)
{"#",47e6dd42-cd5c-4e3a-9bc4-14816ed53d38,66:ae9a001517d39cec11e3fca53eaece83}(|){"#",a2b5aac2-33a7-41ec-878c-7dd928ac85cf,184:ae9a001517d39cec11e3fca53eaece82}(|)Харків, Харківська, вул.Роганська, 143-А(|)
{"#",47e6dd42-cd5c-4e3a-9bc4-14816ed53d38,66:ae9a001517d39cec11e3fca2b1eb397e}(|){"#",a2b5aac2-33a7-41ec-878c-7dd928ac85cf,184:ae9a001517d39cec11e3fca53eaece89}(|)Харків, Харківська, просп.Московський, 297-Б(|)
{"#",47e6dd42-cd5c-4e3a-9bc4-14816ed53d38,66:ae9a001517d39cec11e3fca3a07a24bd}(|){"#",a2b5aac2-33a7-41ec-878c-7dd928ac85cf,184:ae9a001517d39cec11e3fca53eaece8b}(|)Харків, Харківська, вул.Полтавський Шлях, 57/59(|)
{"#",47e6dd42-cd5c-4e3a-9bc4-14816ed53d38,66:9ce9001517d39cec11e48442a372fccc}(|){"#",a2b5aac2-33a7-41ec-878c-7dd928ac85cf,184:ae9a001517d39cec11e3fca53eaece8d}(|)Авторинок Лоск, Харків, Харківська(|)4/47
{"#",47e6dd42-cd5c-4e3a-9bc4-14816ed53d38,66:ae9a001517d39cec11e3fca2812a0312}(|){"#",a2b5aac2-33a7-41ec-878c-7dd928ac85cf,184:ae9a001517d39cec11e3fca53eaece8d}(|)Авторинок Лоск, Харків, Харківська(|)Автобазар "ЛОСК",10ряд, 3 місце, м.Харків
{"#",47e6dd42-cd5c-4e3a-9bc4-14816ed53d38,66:ae9a001517d39cec11e3fca2873ee296}(|){"#",a2b5aac2-33a7-41ec-878c-7dd928ac85cf,184:ae9a001517d39cec11e3fca53eaece8d}(|)Авторинок Лоск, Харків, Харківська(|)3 ряд 16
{"#",47e6dd42-cd5c-4e3a-9bc4-14816ed53d38,66:ae9a001517d39cec11e3fca2abb4f8fb}(|){"#",a2b5aac2-33a7-41ec-878c-7dd928ac85cf,184:ae9a001517d39cec11e3fca53eaece8d}(|)Авторинок Лоск, Харків, Харківська(|)Периметр П103
{"#",47e6dd42-cd5c-4e3a-9bc4-14816ed53d38,66:ae9a001517d39cec11e3fca32085d0aa}(|){"#",a2b5aac2-33a7-41ec-878c-7dd928ac85cf,184:ae9a001517d39cec11e3fca53eaece8d}(|)Авторинок Лоск, Харків, Харківська(|)8 ряд, місце 56
{"#",47e6dd42-cd5c-4e3a-9bc4-14816ed53d38,66:ae9a001517d39cec11e3fca35da9fea9}(|){"#",a2b5aac2-33a7-41ec-878c-7dd928ac85cf,184:ae9a001517d39cec11e3fca53eaece8d}(|)Авторинок Лоск, Харків, Харківська(|)9/79
{"#",47e6dd42-cd5c-4e3a-9bc4-14816ed53d38,66:ae9a001517d39cec11e3fca375de7e65}(|){"#",a2b5aac2-33a7-41ec-878c-7dd928ac85cf,184:ae9a001517d39cec11e3fca53eaece8d}(|)Авторинок Лоск, Харків, Харківська(|)3ряд,31м
{"#",47e6dd42-cd5c-4e3a-9bc4-14816ed53d38,66:ae9b001517d39cec11e406809655feda}(|){"#",a2b5aac2-33a7-41ec-878c-7dd928ac85cf,184:ae9a001517d39cec11e3fca53eaece8d}(|)Авторинок Лоск, Харків, Харківська(|)11 ряд 77 місце
{"#",47e6dd42-cd5c-4e3a-9bc4-14816ed53d38,66:ae9a001517d39cec11e3fca2ca732b81}(|){"#",a2b5aac2-33a7-41ec-878c-7dd928ac85cf,184:ae9a001517d39cec11e3fca53eaece90}(|)Київ, Київська, вул.Качалова, 5(|)
{"#",47e6dd42-cd5c-4e3a-9bc4-14816ed53d38,66:ae9a001517d39cec11e3fca2f5ea2a45}(|){"#",a2b5aac2-33a7-41ec-878c-7dd928ac85cf,184:ae9a001517d39cec11e3fca53eaece92}(|)Кринички, Дніпропетровська, вул.Будівельників, 14(|)
{"#",47e6dd42-cd5c-4e3a-9bc4-14816ed53d38,66:ae9a001517d39cec11e3fca363a241f7}(|){"#",a2b5aac2-33a7-41ec-878c-7dd928ac85cf,184:ae9a001517d39cec11e3fca53eaece94}(|)Солоне, Дніпропетровська, вул.Гагаріна, 26-А(|)
{"#",47e6dd42-cd5c-4e3a-9bc4-14816ed53d38,66:9c80001517d39cec11e4d6be450e2926}(|){"#",a2b5aac2-33a7-41ec-878c-7dd928ac85cf,184:ae9a001517d39cec11e3fca53eaece96}(|)Авторинок Жуляни, Київ, Київська(|)
{"#",47e6dd42-cd5c-4e3a-9bc4-14816ed53d38,66:ae9a001517d39cec11e3fca35da9fea6}(|){"#",a2b5aac2-33a7-41ec-878c-7dd928ac85cf,184:ae9a001517d39cec11e3fca53eaece96}(|)Авторинок Жуляни, Київ, Київська(|)
{"#",47e6dd42-cd5c-4e3a-9bc4-14816ed53d38,66:ae9a001517d39cec11e3fca37bdde8c6}(|){"#",a2b5aac2-33a7-41ec-878c-7dd928ac85cf,184:ae9a001517d39cec11e3fca53eaece96}(|)Авторинок Жуляни, Київ, Київська(|)сек.Б,місце82
{"#",47e6dd42-cd5c-4e3a-9bc4-14816ed53d38,66:ae9a001517d39cec11e3fca53eaece99}(|){"#",a2b5aac2-33a7-41ec-878c-7dd928ac85cf,184:ae9a001517d39cec11e3fca53eaece98}(|)Васильків (Київська обл., Васильківський р-н), Київська, вул.Суворова, 6(|)
{"#",47e6dd42-cd5c-4e3a-9bc4-14816ed53d38,66:ae9a001517d39cec11e3fca2ef9c1237}(|){"#",a2b5aac2-33a7-41ec-878c-7dd928ac85cf,184:ae9a001517d39cec11e3fca53eaece9b}(|)Бровари, Київська, вул.Лісова, 2(|)
{"#",47e6dd42-cd5c-4e3a-9bc4-14816ed53d38,66:ae9a001517d39cec11e3fca3b29c2740}(|){"#",a2b5aac2-33a7-41ec-878c-7dd928ac85cf,184:ae9a001517d39cec11e3fca53eaece9e}(|)вул.Фрунзе буд № 127, м.Луганськ(|)
{"#",47e6dd42-cd5c-4e3a-9bc4-14816ed53d38,66:ae9a001517d39cec11e3fca2d0a96c04}(|){"#",a2b5aac2-33a7-41ec-878c-7dd928ac85cf,184:ae9a001517d39cec11e3fca53eaecea0}(|)Авторинок Центральний, Лебедин (Сумська обл.), Сумська(|)пл.Інтернаціоналістів,місце №45
{"#",47e6dd42-cd5c-4e3a-9bc4-14816ed53d38,66:ae9a001517d39cec11e3fca5f8d124ca}(|){"#",a2b5aac2-33a7-41ec-878c-7dd928ac85cf,184:ae9a001517d39cec11e3fca53eaecea0}(|)Авторинок Центральний, Лебедин (Сумська обл.), Сумська(|)
{"#",47e6dd42-cd5c-4e3a-9bc4-14816ed53d38,66:ae9a001517d39cec11e3fca3a07a24c0}(|){"#",a2b5aac2-33a7-41ec-878c-7dd928ac85cf,184:ae9a001517d39cec11e3fca53eaecea2}(|)вул.Карла Лібнехта буд № 24, м.Маріуполь, Донецька обл.(|)
{"#",47e6dd42-cd5c-4e3a-9bc4-14816ed53d38,66:ae9a001517d39cec11e3fca07fee4d26}(|){"#",a2b5aac2-33a7-41ec-878c-7dd928ac85cf,184:ae9a001517d39cec11e3fca53eaecea4}(|)Одеса, Одеська, вул.Інглезі (25 Чапаєвської Дивізії), 9(|)
{"#",47e6dd42-cd5c-4e3a-9bc4-14816ed53d38,66:ae9a001517d39cec11e3fca3cae87e7b}(|){"#",a2b5aac2-33a7-41ec-878c-7dd928ac85cf,184:ae9a001517d39cec11e3fca53eaecea4}(|)Одеса, Одеська, вул.Інглезі (25 Чапаєвської Дивізії), 9(|)
{"#",47e6dd42-cd5c-4e3a-9bc4-14816ed53d38,66:ae9a001517d39cec11e3fca1c9c964c1}(|){"#",a2b5aac2-33a7-41ec-878c-7dd928ac85cf,184:ae9a001517d39cec11e3fca53eaecea6}(|)Херсон, Херсонська, вул.Фонтанна, 23(|)
{"#",47e6dd42-cd5c-4e3a-9bc4-14816ed53d38,66:ae9a001517d39cec11e3fca09859a2f2}(|){"#",a2b5aac2-33a7-41ec-878c-7dd928ac85cf,184:ae9a001517d39cec11e3fca53eaecea8}(|)Авторинок 5-й км, Херсон, Херсонська(|)
{"#",47e6dd42-cd5c-4e3a-9bc4-14816ed53d38,66:ae9a001517d39cec11e3fca09859a2f3}(|){"#",a2b5aac2-33a7-41ec-878c-7dd928ac85cf,184:ae9a001517d39cec11e3fca53eaecea8}(|)Авторинок 5-й км, Херсон, Херсонська(|)
{"#",47e6dd42-cd5c-4e3a-9bc4-14816ed53d38,66:ae9a001517d39cec11e3fca124fad78a}(|){"#",a2b5aac2-33a7-41ec-878c-7dd928ac85cf,184:ae9a001517d39cec11e3fca53eaecea8}(|)Авторинок 5-й км, Херсон, Херсонська(|)
{"#",47e6dd42-cd5c-4e3a-9bc4-14816ed53d38,66:ae9a001517d39cec11e3fca13d38e0b1}(|){"#",a2b5aac2-33a7-41ec-878c-7dd928ac85cf,184:ae9a001517d39cec11e3fca53eaecea8}(|)Авторинок 5-й км, Херсон, Херсонська(|)
{"#",47e6dd42-cd5c-4e3a-9bc4-14816ed53d38,66:ae9a001517d39cec11e3fca1436597b8}(|){"#",a2b5aac2-33a7-41ec-878c-7dd928ac85cf,184:ae9a001517d39cec11e3fca53eaecea8}(|)Авторинок 5-й км, Херсон, Херсонська(|)
{"#",47e6dd42-cd5c-4e3a-9bc4-14816ed53d38,66:ae9a001517d39cec11e3fca198c7cee9}(|){"#",a2b5aac2-33a7-41ec-878c-7dd928ac85cf,184:ae9a001517d39cec11e3fca53eaecea8}(|)Авторинок 5-й км, Херсон, Херсонська(|)
{"#",47e6dd42-cd5c-4e3a-9bc4-14816ed53d38,66:ae9a001517d39cec11e3fca1fa8a9b31}(|){"#",a2b5aac2-33a7-41ec-878c-7dd928ac85cf,184:ae9a001517d39cec11e3fca53eaecea8}(|)Авторинок 5-й км, Херсон, Херсонська(|)
{"#",47e6dd42-cd5c-4e3a-9bc4-14816ed53d38,66:ae9a001517d39cec11e3fca25cb64f14}(|){"#",a2b5aac2-33a7-41ec-878c-7dd928ac85cf,184:ae9a001517d39cec11e3fca53eaecea8}(|)Авторинок 5-й км, Херсон, Херсонська(|)
{"#",47e6dd42-cd5c-4e3a-9bc4-14816ed53d38,66:ae9a001517d39cec11e3fca3085150f7}(|){"#",a2b5aac2-33a7-41ec-878c-7dd928ac85cf,184:ae9a001517d39cec11e3fca53eaecea8}(|)Авторинок 5-й км, Херсон, Херсонська(|)
{"#",47e6dd42-cd5c-4e3a-9bc4-14816ed53d38,66:ae9a001517d39cec11e3fca3577fa9e1}(|){"#",a2b5aac2-33a7-41ec-878c-7dd928ac85cf,184:ae9a001517d39cec11e3fca53eaecea8}(|)Авторинок 5-й км, Херсон, Херсонська(|)
{"#",47e6dd42-cd5c-4e3a-9bc4-14816ed53d38,66:ae9a001517d39cec11e3fca3d7313c37}(|){"#",a2b5aac2-33a7-41ec-878c-7dd928ac85cf,184:ae9a001517d39cec11e3fca53eaecea8}(|)Авторинок 5-й км, Херсон, Херсонська(|)
{"#",47e6dd42-cd5c-4e3a-9bc4-14816ed53d38,66:ae9a001517d39cec11e3fca3d7313c3b}(|){"#",a2b5aac2-33a7-41ec-878c-7dd928ac85cf,184:ae9a001517d39cec11e3fca53eaecea8}(|)Авторинок 5-й км, Херсон, Херсонська(|)
{"#",47e6dd42-cd5c-4e3a-9bc4-14816ed53d38,66:ae9a001517d39cec11e3fca27b105ec8}(|){"#",a2b5aac2-33a7-41ec-878c-7dd928ac85cf,184:ae9a001517d39cec11e3fca53eaeceab}(|)Херсон, Херсонська, вул.Вишнева (Блюхера), 60(|)
{"#",47e6dd42-cd5c-4e3a-9bc4-14816ed53d38,66:ae9a001517d39cec11e3fca0c2dfd436}(|){"#",a2b5aac2-33a7-41ec-878c-7dd928ac85cf,184:ae9a001517d39cec11e3fca53eaecead}(|)Херсон, Херсонська, просп.Сенявіна Адмірала, 108(|)
{"#",47e6dd42-cd5c-4e3a-9bc4-14816ed53d38,66:ae9a001517d39cec11e3fca2568e5c9f}(|){"#",a2b5aac2-33a7-41ec-878c-7dd928ac85cf,184:ae9a001517d39cec11e3fca53eaeceaf}(|)Херсон, Херсонська, вул.Філатова, 16(|)
{"#",47e6dd42-cd5c-4e3a-9bc4-14816ed53d38,66:ae9a001517d39cec11e3fca39a7f7f04}(|){"#",a2b5aac2-33a7-41ec-878c-7dd928ac85cf,184:ae9a001517d39cec11e3fca53eaeceaf}(|)Херсон, Херсонська, вул.Філатова, 16(|)
{"#",47e6dd42-cd5c-4e3a-9bc4-14816ed53d38,66:ae9a001517d39cec11e3fca23e197d71}(|){"#",a2b5aac2-33a7-41ec-878c-7dd928ac85cf,184:ae9a001517d39cec11e3fca53eaeceb1}(|)Херсон, Херсонська, пров.Ванденка капітана (Люксембург Рози), 1(|)
{"#",47e6dd42-cd5c-4e3a-9bc4-14816ed53d38,66:ae9a001517d39cec11e3fca25093b700}(|){"#",a2b5aac2-33a7-41ec-878c-7dd928ac85cf,184:ae9a001517d39cec11e3fca53eaeceb3}(|)Херсон, Херсонська, шосеБериславське, 1(|)
{"#",47e6dd42-cd5c-4e3a-9bc4-14816ed53d38,66:aa8e0025909438d711e83e3968052ce1}(|){"#",a2b5aac2-33a7-41ec-878c-7dd928ac85cf,184:ae9a001517d39cec11e3fca53eaeceb7}(|)Херсон, Херсонська, вул.Перекопська, 207(|)
{"#",47e6dd42-cd5c-4e3a-9bc4-14816ed53d38,66:ae9a001517d39cec11e3fca2568e5c9e}(|){"#",a2b5aac2-33a7-41ec-878c-7dd928ac85cf,184:ae9a001517d39cec11e3fca53eaeceb7}(|)Херсон, Херсонська, вул.Перекопська, 207(|)
{"#",47e6dd42-cd5c-4e3a-9bc4-14816ed53d38,66:ae9a001517d39cec11e3fca32695eb7a}(|){"#",a2b5aac2-33a7-41ec-878c-7dd928ac85cf,184:ae9a001517d39cec11e3fca53eaeceb7}(|)Херсон, Херсонська, вул.Перекопська, 207(|)
{"#",47e6dd42-cd5c-4e3a-9bc4-14816ed53d38,66:ae9a001517d39cec11e3fca106521a37}(|){"#",a2b5aac2-33a7-41ec-878c-7dd928ac85cf,184:ae9a001517d39cec11e3fca53eaeceb9}(|)Херсон, Херсонська, вул.Українська, 83(|)
{"#",47e6dd42-cd5c-4e3a-9bc4-14816ed53d38,66:ae9a001517d39cec11e3fca2fc121caa}(|){"#",a2b5aac2-33a7-41ec-878c-7dd928ac85cf,184:ae9a001517d39cec11e3fca53eaecebb}(|)Нова Каховка, Херсонська, вул.Таврійська, 139(|)
{"#",47e6dd42-cd5c-4e3a-9bc4-14816ed53d38,66:ae9a001517d39cec11e3fca3e9796453}(|){"#",a2b5aac2-33a7-41ec-878c-7dd928ac85cf,184:ae9a001517d39cec11e3fca53eaecebd}(|)Харків, Харківська, просп.Московський, 242/2(|)
{"#",47e6dd42-cd5c-4e3a-9bc4-14816ed53d38,66:ae9a001517d39cec11e3fca2ef9c1240}(|){"#",a2b5aac2-33a7-41ec-878c-7dd928ac85cf,184:ae9a001517d39cec11e3fca53eaecec0}(|)Солоне, Дніпропетровська, вул.Радянська, 116(|)
{"#",47e6dd42-cd5c-4e3a-9bc4-14816ed53d38,66:ae9a001517d39cec11e3fca369ad9827}(|){"#",a2b5aac2-33a7-41ec-878c-7dd928ac85cf,184:ae9a001517d39cec11e3fca53eaecec2}(|)Солоне, Дніпропетровська, вул.Радянська, 205(|)
{"#",47e6dd42-cd5c-4e3a-9bc4-14816ed53d38,66:ae9a001517d39cec11e3fca2ef9c1232}(|){"#",a2b5aac2-33a7-41ec-878c-7dd928ac85cf,184:ae9a001517d39cec11e3fca544a711d0}(|)Авторинок 12-Квартал, Дніпро, Дніпропетровська(|)
{"#",47e6dd42-cd5c-4e3a-9bc4-14816ed53d38,66:ae9a001517d39cec11e3fca332c46f5f}(|){"#",a2b5aac2-33a7-41ec-878c-7dd928ac85cf,184:ae9a001517d39cec11e3fca544a711d0}(|)Авторинок 12-Квартал, Дніпро, Дніпропетровська(|)
{"#",47e6dd42-cd5c-4e3a-9bc4-14816ed53d38,66:ae9a001517d39cec11e3fca3880c6c9b}(|){"#",a2b5aac2-33a7-41ec-878c-7dd928ac85cf,184:ae9a001517d39cec11e3fca544a711d0}(|)Авторинок 12-Квартал, Дніпро, Дніпропетровська(|)
{"#",47e6dd42-cd5c-4e3a-9bc4-14816ed53d38,66:ae9a001517d39cec11e3fca2873ee2a6}(|){"#",a2b5aac2-33a7-41ec-878c-7dd928ac85cf,184:ae9a001517d39cec11e3fca544a711d2}(|)Лутугінський проїзд буд № 5, м.Луганськ(|)
{"#",47e6dd42-cd5c-4e3a-9bc4-14816ed53d38,66:ae9a001517d39cec11e3fca363a241f8}(|){"#",a2b5aac2-33a7-41ec-878c-7dd928ac85cf,184:ae9a001517d39cec11e3fca544a711d4}(|)Київ, Київська, вул.Донецька, 10/21(|)
{"#",47e6dd42-cd5c-4e3a-9bc4-14816ed53d38,66:ae9a001517d39cec11e3fca1c39cadba}(|){"#",a2b5aac2-33a7-41ec-878c-7dd928ac85cf,184:ae9a001517d39cec11e3fca544a711d6}(|)Київ, Київська, вул.Княгині Ольги, 1(|)
{"#",47e6dd42-cd5c-4e3a-9bc4-14816ed53d38,66:ae9a001517d39cec11e3fca2d0a96c05}(|){"#",a2b5aac2-33a7-41ec-878c-7dd928ac85cf,184:ae9a001517d39cec11e3fca544a711d8}(|)Бахмач, Чернігівська, вул.Шевченка, 48(|)
{"#",47e6dd42-cd5c-4e3a-9bc4-14816ed53d38,66:ae9a001517d39cec11e3fca2abb4f8fc}(|){"#",a2b5aac2-33a7-41ec-878c-7dd928ac85cf,184:ae9a001517d39cec11e3fca544a711da}(|)Вишневе, Київська, вул.Київська, 2-В(|)
{"#",47e6dd42-cd5c-4e3a-9bc4-14816ed53d38,66:ae9a001517d39cec11e3fca363a24200}(|){"#",a2b5aac2-33a7-41ec-878c-7dd928ac85cf,184:ae9a001517d39cec11e3fca544a711dc}(|)Авторинок Центральний, Дніпро, Дніпропетровська(|)
{"#",47e6dd42-cd5c-4e3a-9bc4-14816ed53d38,66:ae9a001517d39cec11e3fca363a24201}(|){"#",a2b5aac2-33a7-41ec-878c-7dd928ac85cf,184:ae9a001517d39cec11e3fca544a711de}(|)Кропивницький, Кіровоградська, вул.Грушевського, 15(|)
{"#",47e6dd42-cd5c-4e3a-9bc4-14816ed53d38,66:ae9a001517d39cec11e3fca375de7e63}(|){"#",a2b5aac2-33a7-41ec-878c-7dd928ac85cf,184:ae9a001517d39cec11e3fca544a711e0}(|)Шостка, Сумська, вул.Кірова, 19(|)
{"#",47e6dd42-cd5c-4e3a-9bc4-14816ed53d38,66:ae9a001517d39cec11e3fc9fef4e47d1}(|){"#",a2b5aac2-33a7-41ec-878c-7dd928ac85cf,184:ae9a001517d39cec11e3fca544a711e5}(|)Київ, Київська, просп.Корольова Академіка, 14(|)
{"#",47e6dd42-cd5c-4e3a-9bc4-14816ed53d38,66:ae9a001517d39cec11e3fca2f5ea2a47}(|){"#",a2b5aac2-33a7-41ec-878c-7dd928ac85cf,184:ae9a001517d39cec11e3fca544a711e5}(|)Київ, Київська, просп.Корольова Академіка, 14(|)
{"#",47e6dd42-cd5c-4e3a-9bc4-14816ed53d38,66:ae9a001517d39cec11e3fca37bdde8ca}(|){"#",a2b5aac2-33a7-41ec-878c-7dd928ac85cf,184:ae9a001517d39cec11e3fca544a711e7}(|)Верхня Сироватка, Сумська, вул.8-го Березня, 8-А(|)
{"#",47e6dd42-cd5c-4e3a-9bc4-14816ed53d38,66:ae9a001517d39cec11e3fca2f5ea2a48}(|){"#",a2b5aac2-33a7-41ec-878c-7dd928ac85cf,184:ae9a001517d39cec11e3fca544a711e9}(|)Полтава, Полтавська, вул.Яківчанська, 5-А(|)
{"#",47e6dd42-cd5c-4e3a-9bc4-14816ed53d38,66:ae9a001517d39cec11e3fca2dd15ed09}(|){"#",a2b5aac2-33a7-41ec-878c-7dd928ac85cf,184:ae9a001517d39cec11e3fca544a711eb}(|)Київ, Київська, просп.Відрадний, 52-Б(|)
{"#",47e6dd42-cd5c-4e3a-9bc4-14816ed53d38,66:ae9a001517d39cec11e3fca3b29c2742}(|){"#",a2b5aac2-33a7-41ec-878c-7dd928ac85cf,184:ae9a001517d39cec11e3fca544a711eb}(|)Київ, Київська, просп.Відрадний, 52-Б(|)
{"#",47e6dd42-cd5c-4e3a-9bc4-14816ed53d38,66:ae9a001517d39cec11e3fca2abb4f8fd}(|){"#",a2b5aac2-33a7-41ec-878c-7dd928ac85cf,184:ae9a001517d39cec11e3fca544a711ee}(|)Полтава, Полтавська, вул.Менделєєва, 23(|)
{"#",47e6dd42-cd5c-4e3a-9bc4-14816ed53d38,66:ae9a001517d39cec11e3fca2f5ea2a4a}(|){"#",a2b5aac2-33a7-41ec-878c-7dd928ac85cf,184:ae9a001517d39cec11e3fca544a711f2}(|)Чернігів, Чернігівська, вул.Рокосовського, 12 корп 1(|)
{"#",47e6dd42-cd5c-4e3a-9bc4-14816ed53d38,66:ae9a001517d39cec11e3fca363a24204}(|){"#",a2b5aac2-33a7-41ec-878c-7dd928ac85cf,184:ae9a001517d39cec11e3fca544a711f4}(|)Солоне, Дніпропетровська, вул.Радянська, 69-Б(|)
{"#",47e6dd42-cd5c-4e3a-9bc4-14816ed53d38,66:9cb8001517d39cec11e7df13f710a3c8}(|){"#",a2b5aac2-33a7-41ec-878c-7dd928ac85cf,184:ae9a001517d39cec11e3fca544a711f6}(|)Авторинок РЕАЛ, Тернопіль, Тернопільська(|)
{"#",47e6dd42-cd5c-4e3a-9bc4-14816ed53d38,66:ae9a001517d39cec11e3fca544a711f7}(|){"#",a2b5aac2-33a7-41ec-878c-7dd928ac85cf,184:ae9a001517d39cec11e3fca544a711f6}(|)Авторинок РЕАЛ, Тернопіль, Тернопільська(|)
{"#",47e6dd42-cd5c-4e3a-9bc4-14816ed53d38,66:ae9a001517d39cec11e3fca550af7010}(|){"#",a2b5aac2-33a7-41ec-878c-7dd928ac85cf,184:ae9a001517d39cec11e3fca544a711f6}(|)Авторинок РЕАЛ, Тернопіль, Тернопільська(|)
{"#",47e6dd42-cd5c-4e3a-9bc4-14816ed53d38,66:ae9a001517d39cec11e3fca3e9796456}(|){"#",a2b5aac2-33a7-41ec-878c-7dd928ac85cf,184:ae9a001517d39cec11e3fca544a711fa}(|)Київ, Київська, вул.Бакуніна, 4(|)
{"#",47e6dd42-cd5c-4e3a-9bc4-14816ed53d38,66:ae9a001517d39cec11e3fca544a711ff}(|){"#",a2b5aac2-33a7-41ec-878c-7dd928ac85cf,184:ae9a001517d39cec11e3fca544a711fe}(|)Київ, Київська, вул.Шамрила Тимофія, 1(|)
{"#",47e6dd42-cd5c-4e3a-9bc4-14816ed53d38,66:ae9a001517d39cec11e3fca544a71202}(|){"#",a2b5aac2-33a7-41ec-878c-7dd928ac85cf,184:ae9a001517d39cec11e3fca544a71201}(|)Щасливе, Київська, вул.Леніна, 20-А(|)
{"#",47e6dd42-cd5c-4e3a-9bc4-14816ed53d38,66:ae9a001517d39cec11e3fca35da9fea4}(|){"#",a2b5aac2-33a7-41ec-878c-7dd928ac85cf,184:ae9a001517d39cec11e3fca544a71205}(|)Новопокровка (Дніпропетровська обл.), Дніпропетровська, вул.Комсомольська, 27(|)
{"#",47e6dd42-cd5c-4e3a-9bc4-14816ed53d38,66:ae9a001517d39cec11e3fca2d0a96c07}(|){"#",a2b5aac2-33a7-41ec-878c-7dd928ac85cf,184:ae9a001517d39cec11e3fca544a71207}(|)Вільногірськ, Дніпропетровська, вул.Жовтнева, 2(|)
{"#",47e6dd42-cd5c-4e3a-9bc4-14816ed53d38,66:ae9a001517d39cec11e3fca37bdde8c8}(|){"#",a2b5aac2-33a7-41ec-878c-7dd928ac85cf,184:ae9a001517d39cec11e3fca544a71209}(|)Центр.ринок маг.№1064, м.Ізмаїл, Одеська обл.(|)
{"#",47e6dd42-cd5c-4e3a-9bc4-14816ed53d38,66:ae9a001517d39cec11e3fca3b29c2745}(|){"#",a2b5aac2-33a7-41ec-878c-7dd928ac85cf,184:ae9a001517d39cec11e3fca544a7120b}(|)Харків, Харківська, вул.Котлова, 17(|)
{"#",47e6dd42-cd5c-4e3a-9bc4-14816ed53d38,66:ae9a001517d39cec11e3fca2f5ea2a37}(|){"#",a2b5aac2-33a7-41ec-878c-7dd928ac85cf,184:ae9a001517d39cec11e3fca544a7120d}(|)Суми, Сумська, вул.Вєтрова Юрія (Воровського), 13(|)
{"#",47e6dd42-cd5c-4e3a-9bc4-14816ed53d38,66:ae9a001517d39cec11e3fca2873ee2a9}(|){"#",a2b5aac2-33a7-41ec-878c-7dd928ac85cf,184:ae9a001517d39cec11e3fca544a7120f}(|)Вільшана(Сумська обл.), Сумська, вул.Леніна, 1313(|)
{"#",47e6dd42-cd5c-4e3a-9bc4-14816ed53d38,66:ae9a001517d39cec11e3fca363a241fa}(|){"#",a2b5aac2-33a7-41ec-878c-7dd928ac85cf,184:ae9a001517d39cec11e3fca544a71211}(|)Запоріжжя, Запорізька, вул.Хакаська, 1(|)
{"#",47e6dd42-cd5c-4e3a-9bc4-14816ed53d38,66:aa8e0025909438d711e83d869a320247}(|){"#",a2b5aac2-33a7-41ec-878c-7dd928ac85cf,184:ae9a001517d39cec11e3fca544a71213}(|)Авторинок Куяльник (Яма), Одеса, Одеська(|)
{"#",47e6dd42-cd5c-4e3a-9bc4-14816ed53d38,66:aa930025909438d611e903886b20dbdd}(|){"#",a2b5aac2-33a7-41ec-878c-7dd928ac85cf,184:ae9a001517d39cec11e3fca544a71213}(|)Авторинок Куяльник (Яма), Одеса, Одеська(|)
{"#",47e6dd42-cd5c-4e3a-9bc4-14816ed53d38,66:aa930025909438d611e9806c7ad4562d}(|){"#",a2b5aac2-33a7-41ec-878c-7dd928ac85cf,184:ae9a001517d39cec11e3fca544a71213}(|)Авторинок Куяльник (Яма), Одеса, Одеська(|)
{"#",47e6dd42-cd5c-4e3a-9bc4-14816ed53d38,66:aaa10025909438d711eae1fb8d2f5d3d}(|){"#",a2b5aac2-33a7-41ec-878c-7dd928ac85cf,184:ae9a001517d39cec11e3fca544a71213}(|)Авторинок Куяльник (Яма), Одеса, Одеська(|)
{"#",47e6dd42-cd5c-4e3a-9bc4-14816ed53d38,66:ae9a001517d39cec11e3fca2ef9c1242}(|){"#",a2b5aac2-33a7-41ec-878c-7dd928ac85cf,184:ae9a001517d39cec11e3fca544a71213}(|)Авторинок Куяльник (Яма), Одеса, Одеська(|)
{"#",47e6dd42-cd5c-4e3a-9bc4-14816ed53d38,66:ae9a001517d39cec11e3fca20d322162}(|){"#",a2b5aac2-33a7-41ec-878c-7dd928ac85cf,184:ae9a001517d39cec11e3fca544a71216}(|)Краснопілля (Сумська обл.), Сумська, вул.Перемоги, 49(|)
{"#",47e6dd42-cd5c-4e3a-9bc4-14816ed53d38,66:ae9a001517d39cec11e3fca38e4771c6}(|){"#",a2b5aac2-33a7-41ec-878c-7dd928ac85cf,184:ae9a001517d39cec11e3fca544a7121a}(|)Шостка, Сумська, вул.Миру, 15(|)
{"#",47e6dd42-cd5c-4e3a-9bc4-14816ed53d38,66:ae9a001517d39cec11e3fca54ab005a2}(|){"#",a2b5aac2-33a7-41ec-878c-7dd928ac85cf,184:ae9a001517d39cec11e3fca54ab005a1}(|)вул.Орджонікідзе буд № 6, м.Краматорськ, Донецька обл., 84313(|)
{"#",47e6dd42-cd5c-4e3a-9bc4-14816ed53d38,66:ae9a001517d39cec11e3fca35da9fea7}(|){"#",a2b5aac2-33a7-41ec-878c-7dd928ac85cf,184:ae9a001517d39cec11e3fca54ab005a4}(|)Полтава, Полтавська, пров.Братів Зерових (Красіна), 79(|)
{"#",47e6dd42-cd5c-4e3a-9bc4-14816ed53d38,66:ae9a001517d39cec11e3fca2fc121c97}(|){"#",a2b5aac2-33a7-41ec-878c-7dd928ac85cf,184:ae9a001517d39cec11e3fca54ab005a6}(|)Тальне, Черкаська, вул.Чкалова, 18(|)
{"#",47e6dd42-cd5c-4e3a-9bc4-14816ed53d38,66:ae9a001517d39cec11e3fca54ab005a9}(|){"#",a2b5aac2-33a7-41ec-878c-7dd928ac85cf,184:ae9a001517d39cec11e3fca54ab005a8}(|)Київ, Київська, вул.Шахтарська, 8(|)
{"#",47e6dd42-cd5c-4e3a-9bc4-14816ed53d38,66:ae9a001517d39cec11e3fca54ab005ae}(|){"#",a2b5aac2-33a7-41ec-878c-7dd928ac85cf,184:ae9a001517d39cec11e3fca54ab005ad}(|)Київ, Київська, вул.Зодчих, 5(|)
{"#",47e6dd42-cd5c-4e3a-9bc4-14816ed53d38,66:ae9a001517d39cec11e3fca54ab005b1}(|){"#",a2b5aac2-33a7-41ec-878c-7dd928ac85cf,184:ae9a001517d39cec11e3fca54ab005b0}(|)Требухів, Київська, вул.Броварська, 1(|)
{"#",47e6dd42-cd5c-4e3a-9bc4-14816ed53d38,66:ae9a001517d39cec11e3fca073dc6585}(|){"#",a2b5aac2-33a7-41ec-878c-7dd928ac85cf,184:ae9a001517d39cec11e3fca54ab005b3}(|)Авторинок Жуляни, Київ, Київська(|)
{"#",47e6dd42-cd5c-4e3a-9bc4-14816ed53d38,66:ae9a001517d39cec11e3fca09859a2f1}(|){"#",a2b5aac2-33a7-41ec-878c-7dd928ac85cf,184:ae9a001517d39cec11e3fca54ab005b3}(|)Авторинок Жуляни, Київ, Київська(|)сектор Б, м.149
{"#",47e6dd42-cd5c-4e3a-9bc4-14816ed53d38,66:ae9a001517d39cec11e3fca09e56aaf8}(|){"#",a2b5aac2-33a7-41ec-878c-7dd928ac85cf,184:ae9a001517d39cec11e3fca54ab005b3}(|)Авторинок Жуляни, Київ, Київська(|)місце 8А
{"#",47e6dd42-cd5c-4e3a-9bc4-14816ed53d38,66:ae9a001517d39cec11e3fca17a61d35d}(|){"#",a2b5aac2-33a7-41ec-878c-7dd928ac85cf,184:ae9a001517d39cec11e3fca54ab005b3}(|)Авторинок Жуляни, Київ, Київська(|)місце 8А
{"#",47e6dd42-cd5c-4e3a-9bc4-14816ed53d38,66:ae9a001517d39cec11e3fca1b7433f8b}(|){"#",a2b5aac2-33a7-41ec-878c-7dd928ac85cf,184:ae9a001517d39cec11e3fca54ab005b3}(|)Авторинок Жуляни, Київ, Київська(|)сектор Б м.85-86
{"#",47e6dd42-cd5c-4e3a-9bc4-14816ed53d38,66:ae9a001517d39cec11e3fca2008eca55}(|){"#",a2b5aac2-33a7-41ec-878c-7dd928ac85cf,184:ae9a001517d39cec11e3fca54ab005b3}(|)Авторинок Жуляни, Київ, Київська(|)місце 8А
{"#",47e6dd42-cd5c-4e3a-9bc4-14816ed53d38,66:ae9a001517d39cec11e3fca22beb8f39}(|){"#",a2b5aac2-33a7-41ec-878c-7dd928ac85cf,184:ae9a001517d39cec11e3fca54ab005b3}(|)Авторинок Жуляни, Київ, Київська(|)
{"#",47e6dd42-cd5c-4e3a-9bc4-14816ed53d38,66:ae9a001517d39cec11e3fca2a5a01968}(|){"#",a2b5aac2-33a7-41ec-878c-7dd928ac85cf,184:ae9a001517d39cec11e3fca54ab005b3}(|)Авторинок Жуляни, Київ, Київська(|)сектор А м.24
{"#",47e6dd42-cd5c-4e3a-9bc4-14816ed53d38,66:ae9a001517d39cec11e3fca2dd15ecf9}(|){"#",a2b5aac2-33a7-41ec-878c-7dd928ac85cf,184:ae9a001517d39cec11e3fca54ab005b3}(|)Авторинок Жуляни, Київ, Київська(|)
{"#",47e6dd42-cd5c-4e3a-9bc4-14816ed53d38,66:ae9a001517d39cec11e3fca3e37c5c3c}(|){"#",a2b5aac2-33a7-41ec-878c-7dd928ac85cf,184:ae9a001517d39cec11e3fca54ab005b3}(|)Авторинок Жуляни, Київ, Київська(|)
{"#",47e6dd42-cd5c-4e3a-9bc4-14816ed53d38,66:ae9a001517d39cec11e3fca237fd76d8}(|){"#",a2b5aac2-33a7-41ec-878c-7dd928ac85cf,184:ae9a001517d39cec11e3fca54ab005b5}(|)Глухів (Сумська обл.), Сумська, вул.Києво-Московська, 53(|)
{"#",47e6dd42-cd5c-4e3a-9bc4-14816ed53d38,66:ae9a001517d39cec11e3fca2fc121c99}(|){"#",a2b5aac2-33a7-41ec-878c-7dd928ac85cf,184:ae9a001517d39cec11e3fca54ab005b5}(|)Глухів (Сумська обл.), Сумська, вул.Києво-Московська, 53(|)
{"#",47e6dd42-cd5c-4e3a-9bc4-14816ed53d38,66:ae9a001517d39cec11e3fca363a24206}(|){"#",a2b5aac2-33a7-41ec-878c-7dd928ac85cf,184:ae9a001517d39cec11e3fca54ab005b7}(|)Авторинок Авторинок, Лубни, Полтавська(|)
{"#",47e6dd42-cd5c-4e3a-9bc4-14816ed53d38,66:ae9a001517d39cec11e3fca363a241fd}(|){"#",a2b5aac2-33a7-41ec-878c-7dd928ac85cf,184:ae9a001517d39cec11e3fca54ab005b9}(|)Одеса, Одеська, просп.Добровольського, 123(|)
{"#",47e6dd42-cd5c-4e3a-9bc4-14816ed53d38,66:ae9a001517d39cec11e3fca124fad78f}(|){"#",a2b5aac2-33a7-41ec-878c-7dd928ac85cf,184:ae9a001517d39cec11e3fca54ab005bb}(|)Святопетрівське (Києво-Свят.р-н), Київська, вул.Петропавлівська, 184(|)
{"#",47e6dd42-cd5c-4e3a-9bc4-14816ed53d38,66:ae9a001517d39cec11e3fca33f38176d}(|){"#",a2b5aac2-33a7-41ec-878c-7dd928ac85cf,184:ae9a001517d39cec11e3fca54ab005bb}(|)Святопетрівське (Києво-Свят.р-н), Київська, вул.Петропавлівська, 184(|)
{"#",47e6dd42-cd5c-4e3a-9bc4-14816ed53d38,66:ae9a001517d39cec11e3fca369ad9825}(|){"#",a2b5aac2-33a7-41ec-878c-7dd928ac85cf,184:ae9a001517d39cec11e3fca54ab005bd}(|)Мерефа, Харківська, вул.Дніпропетровська, 185(|)
{"#",47e6dd42-cd5c-4e3a-9bc4-14816ed53d38,66:ae9a001517d39cec11e3fca2ef9c123d}(|){"#",a2b5aac2-33a7-41ec-878c-7dd928ac85cf,184:ae9a001517d39cec11e3fca54ab005bf}(|)Васильків (Київська обл., Васильківський р-н), Київська, вул.Володимирська, 92(|)
{"#",47e6dd42-cd5c-4e3a-9bc4-14816ed53d38,66:ae9a001517d39cec11e3fca363a24203}(|){"#",a2b5aac2-33a7-41ec-878c-7dd928ac85cf,184:ae9a001517d39cec11e3fca54ab005c2}(|)Суми, Сумська, вул.Вєтрова Юрія (Воровського), 13(|)
{"#",47e6dd42-cd5c-4e3a-9bc4-14816ed53d38,66:ae9a001517d39cec11e3fca363a24205}(|){"#",a2b5aac2-33a7-41ec-878c-7dd928ac85cf,184:ae9a001517d39cec11e3fca54ab005c4}(|)Київ, Київська, пров.Балтійський, 20(|)
{"#",47e6dd42-cd5c-4e3a-9bc4-14816ed53d38,66:ae9a001517d39cec11e3fca2e3450665}(|){"#",a2b5aac2-33a7-41ec-878c-7dd928ac85cf,184:ae9a001517d39cec11e3fca54ab005c6}(|)Авторинок Героїв труда, Харків, Харківська(|)
{"#",47e6dd42-cd5c-4e3a-9bc4-14816ed53d38,66:ae9a001517d39cec11e3fca3b29c2748}(|){"#",a2b5aac2-33a7-41ec-878c-7dd928ac85cf,184:ae9a001517d39cec11e3fca54ab005c8}(|)Шостка, Сумська, вул.Халтуріна, 44-А(|)
{"#",47e6dd42-cd5c-4e3a-9bc4-14816ed53d38,66:ae9a001517d39cec11e3fca54ab005cb}(|){"#",a2b5aac2-33a7-41ec-878c-7dd928ac85cf,184:ae9a001517d39cec11e3fca54ab005ca}(|)Київ, Київська, вул.Братиславська, 3-В(|)
{"#",47e6dd42-cd5c-4e3a-9bc4-14816ed53d38,66:911f001517d39cec11e4372dce01cafc}(|){"#",a2b5aac2-33a7-41ec-878c-7dd928ac85cf,184:ae9a001517d39cec11e3fca54ab005cd}(|)Авторинок Кінний, Харків, Харківська(|)02-07-151
{"#",47e6dd42-cd5c-4e3a-9bc4-14816ed53d38,66:911f001517d39cec11e452afc49b50a8}(|){"#",a2b5aac2-33a7-41ec-878c-7dd928ac85cf,184:ae9a001517d39cec11e3fca54ab005cd}(|)Авторинок Кінний, Харків, Харківська(|)
{"#",47e6dd42-cd5c-4e3a-9bc4-14816ed53d38,66:ae9a001517d39cec11e3fca34b394e84}(|){"#",a2b5aac2-33a7-41ec-878c-7dd928ac85cf,184:ae9a001517d39cec11e3fca54ab005cd}(|)Авторинок Кінний, Харків, Харківська(|)
{"#",47e6dd42-cd5c-4e3a-9bc4-14816ed53d38,66:ae9a001517d39cec11e3fca34b394e85}(|){"#",a2b5aac2-33a7-41ec-878c-7dd928ac85cf,184:ae9a001517d39cec11e3fca54ab005cf}(|)Авторинок Новосалтовський, Харків, Харківська(|)90176
{"#",47e6dd42-cd5c-4e3a-9bc4-14816ed53d38,66:ae9a001517d39cec11e3fca54ab005d2}(|){"#",a2b5aac2-33a7-41ec-878c-7dd928ac85cf,184:ae9a001517d39cec11e3fca54ab005d1}(|)Олешки(Херсонська обл), Херсонська, вул.Гвардійська, 124(|)
{"#",47e6dd42-cd5c-4e3a-9bc4-14816ed53d38,66:ae9a001517d39cec11e3fca2b1eb397f}(|){"#",a2b5aac2-33a7-41ec-878c-7dd928ac85cf,184:ae9a001517d39cec11e3fca54ab005d4}(|)Львів, Львівська, вул.Угорська, 22(|)
{"#",47e6dd42-cd5c-4e3a-9bc4-14816ed53d38,66:ae9a001517d39cec11e3fca1a4ffdc18}(|){"#",a2b5aac2-33a7-41ec-878c-7dd928ac85cf,184:ae9a001517d39cec11e3fca54ab005d6}(|)Черкаси, Черкаська, вул.Дахнівська, 50(|)
{"#",47e6dd42-cd5c-4e3a-9bc4-14816ed53d38,66:ae9a001517d39cec11e3fca369ad982b}(|){"#",a2b5aac2-33a7-41ec-878c-7dd928ac85cf,184:ae9a001517d39cec11e3fca54ab005db}(|)Вишгород, Київська, вул.Шолуденка, 6-Г(|)
{"#",47e6dd42-cd5c-4e3a-9bc4-14816ed53d38,66:ae9a001517d39cec11e3fca2abb4f901}(|){"#",a2b5aac2-33a7-41ec-878c-7dd928ac85cf,184:ae9a001517d39cec11e3fca54ab005dd}(|)Васильківка (Дніпропетровська обл.), Дніпропетровська, пров.Сонячний, 5(|)
{"#",47e6dd42-cd5c-4e3a-9bc4-14816ed53d38,66:ae9a001517d39cec11e3fca36fc4da0e}(|){"#",a2b5aac2-33a7-41ec-878c-7dd928ac85cf,184:ae9a001517d39cec11e3fca54ab005df}(|)Авторинок Жуляни, Київ, Київська(|)
{"#",47e6dd42-cd5c-4e3a-9bc4-14816ed53d38,66:ae9a001517d39cec11e3fca363a241f6}(|){"#",a2b5aac2-33a7-41ec-878c-7dd928ac85cf,184:ae9a001517d39cec11e3fca54ab005e2}(|)Харків, Харківська, вул.Північна, 16(|)
{"#",47e6dd42-cd5c-4e3a-9bc4-14816ed53d38,66:ae9a001517d39cec11e3fca08c2d816e}(|){"#",a2b5aac2-33a7-41ec-878c-7dd928ac85cf,184:ae9a001517d39cec11e3fca54ab005e4}(|)Ніжин, Чернігівська, вул.Шевченка, 107(|)
{"#",47e6dd42-cd5c-4e3a-9bc4-14816ed53d38,66:ae9a001517d39cec11e3fca24a53ed1a}(|){"#",a2b5aac2-33a7-41ec-878c-7dd928ac85cf,184:ae9a001517d39cec11e3fca54ab005e6}(|)Київ, Київська, вул.Кирилівська (Фрунзе), 86(|)
{"#",47e6dd42-cd5c-4e3a-9bc4-14816ed53d38,66:ae9a001517d39cec11e3fca35da9fea2}(|){"#",a2b5aac2-33a7-41ec-878c-7dd928ac85cf,184:ae9a001517d39cec11e3fca550af7008}(|)Кобеляки, Полтавська, вул.Леніна, 22(|)
{"#",47e6dd42-cd5c-4e3a-9bc4-14816ed53d38,66:ae9a001517d39cec11e3fca3b29c273e}(|){"#",a2b5aac2-33a7-41ec-878c-7dd928ac85cf,184:ae9a001517d39cec11e3fca550af700a}(|)Богодухів, Харківська, вул.Леонова, 8(|)
{"#",47e6dd42-cd5c-4e3a-9bc4-14816ed53d38,66:ae9a001517d39cec11e3fca2ef9c123e}(|){"#",a2b5aac2-33a7-41ec-878c-7dd928ac85cf,184:ae9a001517d39cec11e3fca550af700c}(|)АБ "Покровський" к 100 маг.Чері, м.Донецьк(|)
{"#",47e6dd42-cd5c-4e3a-9bc4-14816ed53d38,66:ae9a001517d39cec11e3fca38e4771c4}(|){"#",a2b5aac2-33a7-41ec-878c-7dd928ac85cf,184:ae9a001517d39cec11e3fca550af700e}(|)Авторинок Ярославський, Черкаси, Черкаська(|)
{"#",47e6dd42-cd5c-4e3a-9bc4-14816ed53d38,66:ae9a001517d39cec11e3fca2d0a96c08}(|){"#",a2b5aac2-33a7-41ec-878c-7dd928ac85cf,184:ae9a001517d39cec11e3fca550af7013}(|)Івано-Франківськ, Івано-Франківська, с.Микитинці, вул Юності25(|)
{"#",47e6dd42-cd5c-4e3a-9bc4-14816ed53d38,66:ae9a001517d39cec11e3fca363a241fb}(|){"#",a2b5aac2-33a7-41ec-878c-7dd928ac85cf,184:ae9a001517d39cec11e3fca550af7015}(|)Чернігів, Чернігівська, вул.Бєлова Генерала, 5(|)
{"#",6896b257-d719-4862-b17d-45711cc3c5d0,118:9c80001517d39cec11e4aba48e91b044}(|){"#",a2b5aac2-33a7-41ec-878c-7dd928ac85cf,184:ae9a001517d39cec11e3fca550af7015}(|)Чернігів, Чернігівська, вул.Бєлова Генерала, 5(|)
{"#",47e6dd42-cd5c-4e3a-9bc4-14816ed53d38,66:ae9a001517d39cec11e3fca36fc4da0d}(|){"#",a2b5aac2-33a7-41ec-878c-7dd928ac85cf,184:ae9a001517d39cec11e3fca550af7017}(|)Харків, Харківська, просп.Гагаріна, 82/84(|)
{"#",47e6dd42-cd5c-4e3a-9bc4-14816ed53d38,66:ae9a001517d39cec11e3fca2abb4f902}(|){"#",a2b5aac2-33a7-41ec-878c-7dd928ac85cf,184:ae9a001517d39cec11e3fca550af7019}(|)Фастів, Київська, вул.Кірова, 30(|)
{"#",47e6dd42-cd5c-4e3a-9bc4-14816ed53d38,66:ae9a001517d39cec11e3fca32085d0a2}(|){"#",a2b5aac2-33a7-41ec-878c-7dd928ac85cf,184:ae9a001517d39cec11e3fca550af701b}(|)Київ, Київська, вул.Гайдай Зої, 7-А(|)
{"#",47e6dd42-cd5c-4e3a-9bc4-14816ed53d38,66:ae9a001517d39cec11e3fca363a24205}(|){"#",a2b5aac2-33a7-41ec-878c-7dd928ac85cf,184:ae9a001517d39cec11e3fca550af701b}(|)Київ, Київська, вул.Гайдай Зої, 7-А(|)
{"#",47e6dd42-cd5c-4e3a-9bc4-14816ed53d38,66:ae9a001517d39cec11e3fecfc0bf6188}(|){"#",a2b5aac2-33a7-41ec-878c-7dd928ac85cf,184:ae9a001517d39cec11e3fca550af701b}(|)Київ, Київська, вул.Гайдай Зої, 7-А(|)
{"#",47e6dd42-cd5c-4e3a-9bc4-14816ed53d38,66:ae9a001517d39cec11e3fca32085d0a2}(|){"#",a2b5aac2-33a7-41ec-878c-7dd928ac85cf,184:ae9a001517d39cec11e3fca550af701d}(|)Чернігів, Чернігівська, вул.Богуна Івана (Богунського), 45(|)
{"#",47e6dd42-cd5c-4e3a-9bc4-14816ed53d38,66:ae9a001517d39cec11e3fca363a24205}(|){"#",a2b5aac2-33a7-41ec-878c-7dd928ac85cf,184:ae9a001517d39cec11e3fca550af701d}(|)Чернігів, Чернігівська, вул.Богуна Івана (Богунського), 45(|)
{"#",47e6dd42-cd5c-4e3a-9bc4-14816ed53d38,66:ae9a001517d39cec11e3fecfc0bf6188}(|){"#",a2b5aac2-33a7-41ec-878c-7dd928ac85cf,184:ae9a001517d39cec11e3fca550af701d}(|)Чернігів, Чернігівська, вул.Богуна Івана (Богунського), 45(|)
{"#",47e6dd42-cd5c-4e3a-9bc4-14816ed53d38,66:ae9a001517d39cec11e3fca363a24208}(|){"#",a2b5aac2-33a7-41ec-878c-7dd928ac85cf,184:ae9a001517d39cec11e3fca550af701f}(|)Горішні Плавні, Полтавська, вул.Леніна, 91(|)
{"#",47e6dd42-cd5c-4e3a-9bc4-14816ed53d38,66:ae9b001517d39cec11e40b5d550e3fbe}(|){"#",a2b5aac2-33a7-41ec-878c-7dd928ac85cf,184:ae9a001517d39cec11e3fca550af701f}(|)Горішні Плавні, Полтавська, вул.Леніна, 91(|)
{"#",47e6dd42-cd5c-4e3a-9bc4-14816ed53d38,66:ae9b001517d39cec11e40bf5add26f62}(|){"#",a2b5aac2-33a7-41ec-878c-7dd928ac85cf,184:ae9a001517d39cec11e3fca550af701f}(|)Горішні Плавні, Полтавська, вул.Леніна, 91(|)
{"#",47e6dd42-cd5c-4e3a-9bc4-14816ed53d38,66:911f001517d39cec11e4600c774a5d27}(|){"#",a2b5aac2-33a7-41ec-878c-7dd928ac85cf,184:ae9a001517d39cec11e3fca550af7022}(|)Херсон, Херсонська, вул.Олександрівська (Червонопрапорна), 30(|)буд.30
{"#",47e6dd42-cd5c-4e3a-9bc4-14816ed53d38,66:ae9a001517d39cec11e3fca38e4771ce}(|){"#",a2b5aac2-33a7-41ec-878c-7dd928ac85cf,184:ae9a001517d39cec11e3fca550af7022}(|)Херсон, Херсонська, вул.Олександрівська (Червонопрапорна), 30(|)
{"#",47e6dd42-cd5c-4e3a-9bc4-14816ed53d38,66:ae9a001517d39cec11e3fca550af7025}(|){"#",a2b5aac2-33a7-41ec-878c-7dd928ac85cf,184:ae9a001517d39cec11e3fca550af7024}(|)Херсон, Херсонська, вул.Рабочая, 53-А(|)
{"#",47e6dd42-cd5c-4e3a-9bc4-14816ed53d38,66:ae9a001517d39cec11e3fca186c0063a}(|){"#",a2b5aac2-33a7-41ec-878c-7dd928ac85cf,184:ae9a001517d39cec11e3fca550af7027}(|)Авторинок Ринок, Великі Копані (Херсонська обл.), Херсонська(|)
{"#",47e6dd42-cd5c-4e3a-9bc4-14816ed53d38,66:ae9a001517d39cec11e3fca2812a0305}(|){"#",a2b5aac2-33a7-41ec-878c-7dd928ac85cf,184:ae9a001517d39cec11e3fca550af7027}(|)Авторинок Ринок, Великі Копані (Херсонська обл.), Херсонська(|)
{"#",47e6dd42-cd5c-4e3a-9bc4-14816ed53d38,66:ae9a001517d39cec11e3fca268ca9901}(|){"#",a2b5aac2-33a7-41ec-878c-7dd928ac85cf,184:ae9a001517d39cec11e3fca550af7029}(|)Херсон, Херсонська, вул.Залізнична, 2-А(|)
{"#",47e6dd42-cd5c-4e3a-9bc4-14816ed53d38,66:ae9a001517d39cec11e3fca118d37ab6}(|){"#",a2b5aac2-33a7-41ec-878c-7dd928ac85cf,184:ae9a001517d39cec11e3fca550af702b}(|)Херсон, Херсонська, вул.Залізнична, 20(|)
{"#",47e6dd42-cd5c-4e3a-9bc4-14816ed53d38,66:ae9a001517d39cec11e3fca2be3b1e42}(|){"#",a2b5aac2-33a7-41ec-878c-7dd928ac85cf,184:ae9a001517d39cec11e3fca550af702d}(|)Херсон, Херсонська, вул.Чорноморська, 53(|)
{"#",47e6dd42-cd5c-4e3a-9bc4-14816ed53d38,66:ae9a001517d39cec11e3fc9fdd310a05}(|){"#",a2b5aac2-33a7-41ec-878c-7dd928ac85cf,184:ae9a001517d39cec11e3fca550af702f}(|)Нова Каховка, Херсонська, вул.Латишських Стрільців, 2(|)
{"#",47e6dd42-cd5c-4e3a-9bc4-14816ed53d38,66:ae9a001517d39cec11e3fca20d322171}(|){"#",a2b5aac2-33a7-41ec-878c-7dd928ac85cf,184:ae9a001517d39cec11e3fca550af702f}(|)Нова Каховка, Херсонська, вул.Латишських Стрільців, 2(|)
{"#",47e6dd42-cd5c-4e3a-9bc4-14816ed53d38,66:ae9a001517d39cec11e3fca345351f7c}(|){"#",a2b5aac2-33a7-41ec-878c-7dd928ac85cf,184:ae9a001517d39cec11e3fca550af702f}(|)Нова Каховка, Херсонська, вул.Латишських Стрільців, 2(|)
{"#",47e6dd42-cd5c-4e3a-9bc4-14816ed53d38,66:ae9a001517d39cec11e3fca2e3450679}(|){"#",a2b5aac2-33a7-41ec-878c-7dd928ac85cf,184:ae9a001517d39cec11e3fca550af7031}(|)Нова Каховка, Херсонська, вул.Латишських Стрільців, 1-Р(|)
{"#",47e6dd42-cd5c-4e3a-9bc4-14816ed53d38,66:ae9a001517d39cec11e3fca2fc121c9e}(|){"#",a2b5aac2-33a7-41ec-878c-7dd928ac85cf,184:ae9a001517d39cec11e3fca550af7031}(|)Нова Каховка, Херсонська, вул.Латишських Стрільців, 1-Р(|)
{"#",47e6dd42-cd5c-4e3a-9bc4-14816ed53d38,66:ae9a001517d39cec11e3fca32cc9c9a0}(|){"#",a2b5aac2-33a7-41ec-878c-7dd928ac85cf,184:ae9a001517d39cec11e3fca550af7031}(|)Нова Каховка, Херсонська, вул.Латишських Стрільців, 1-Р(|)
{"#",47e6dd42-cd5c-4e3a-9bc4-14816ed53d38,66:ae9a001517d39cec11e3fca36fc4da16}(|){"#",a2b5aac2-33a7-41ec-878c-7dd928ac85cf,184:ae9a001517d39cec11e3fca550af7031}(|)Нова Каховка, Херсонська, вул.Латишських Стрільців, 1-Р(|)
{"#",47e6dd42-cd5c-4e3a-9bc4-14816ed53d38,66:ae9a001517d39cec11e3fca2d6dd4a23}(|){"#",a2b5aac2-33a7-41ec-878c-7dd928ac85cf,184:ae9a001517d39cec11e3fca550af7033}(|)Херсон, Херсонська, вул.49-ї Гвардійської Дивізії, 4-А(|)
{"#",47e6dd42-cd5c-4e3a-9bc4-14816ed53d38,66:ae9a001517d39cec11e3fca39a7f7f08}(|){"#",a2b5aac2-33a7-41ec-878c-7dd928ac85cf,184:ae9a001517d39cec11e3fca550af7033}(|)Херсон, Херсонська, вул.49-ї Гвардійської Дивізії, 4-А(|)
{"#",47e6dd42-cd5c-4e3a-9bc4-14816ed53d38,66:ae9a001517d39cec11e3fca3dd415706}(|){"#",a2b5aac2-33a7-41ec-878c-7dd928ac85cf,184:ae9a001517d39cec11e3fca550af7035}(|)Херсон, Херсонська, вул.Карантинний острів, 1(|)
{"#",47e6dd42-cd5c-4e3a-9bc4-14816ed53d38,66:ae9a001517d39cec11e3fca2d6dd4a22}(|){"#",a2b5aac2-33a7-41ec-878c-7dd928ac85cf,184:ae9a001517d39cec11e3fca550af7037}(|)Каховка, Херсонська, вул.Шевченка, 12(|)
{"#",47e6dd42-cd5c-4e3a-9bc4-14816ed53d38,66:ae9a001517d39cec11e3fca3a07a24c6}(|){"#",a2b5aac2-33a7-41ec-878c-7dd928ac85cf,184:ae9a001517d39cec11e3fca550af7039}(|)Київ, Київська, вул.Малинська, 16(|)
{"#",47e6dd42-cd5c-4e3a-9bc4-14816ed53d38,66:ae9a001517d39cec11e3fca2d0a96c0a}(|){"#",a2b5aac2-33a7-41ec-878c-7dd928ac85cf,184:ae9a001517d39cec11e3fca550af703b}(|)Верхньодніпровськ, Дніпропетровська, вул.Титова, 16(|)
{"#",47e6dd42-cd5c-4e3a-9bc4-14816ed53d38,66:ae9a001517d39cec11e3fca36fc4da12}(|){"#",a2b5aac2-33a7-41ec-878c-7dd928ac85cf,184:ae9a001517d39cec11e3fca550af703d}(|)Харків, Харківська, вул.Конарєва (Червоноармійська), 22(|)
{"#",47e6dd42-cd5c-4e3a-9bc4-14816ed53d38,66:ae9a001517d39cec11e3fca550af7040}(|){"#",a2b5aac2-33a7-41ec-878c-7dd928ac85cf,184:ae9a001517d39cec11e3fca550af703f}(|)Кропивницький, Кіровоградська, просп.Промисловий, 6-А(|)
{"#",47e6dd42-cd5c-4e3a-9bc4-14816ed53d38,66:b7df001517d39cec11e754f698c379c8}(|){"#",a2b5aac2-33a7-41ec-878c-7dd928ac85cf,184:ae9a001517d39cec11e3fca550af703f}(|)Кропивницький, Кіровоградська, просп.Промисловий, 6-А(|)
{"#",47e6dd42-cd5c-4e3a-9bc4-14816ed53d38,66:ae9a001517d39cec11e3fca2873ee2ac}(|){"#",a2b5aac2-33a7-41ec-878c-7dd928ac85cf,184:ae9a001517d39cec11e3fca550af7042}(|)Хорол, Полтавська, вул.Героїв Небесної Сотні (Леніна), 21-А(|)
{"#",47e6dd42-cd5c-4e3a-9bc4-14816ed53d38,66:ae9a001517d39cec11e3fca338f5eb1f}(|){"#",a2b5aac2-33a7-41ec-878c-7dd928ac85cf,184:ae9a001517d39cec11e3fca550af7044}(|)Димер, Київська, вул.Шевченка, 87(|)
{"#",47e6dd42-cd5c-4e3a-9bc4-14816ed53d38,66:ae9a001517d39cec11e3fca20d322164}(|){"#",a2b5aac2-33a7-41ec-878c-7dd928ac85cf,184:ae9a001517d39cec11e3fca550af7046}(|)Клавдієво-Тарасове, Київська, вул.Леніна, 10(|)
{"#",47e6dd42-cd5c-4e3a-9bc4-14816ed53d38,66:ae9a001517d39cec11e3fca16e229f08}(|){"#",a2b5aac2-33a7-41ec-878c-7dd928ac85cf,184:ae9a001517d39cec11e3fca550af7048}(|)Немішаєве, Київська, вул.Заводська, 48-А(|)
{"#",47e6dd42-cd5c-4e3a-9bc4-14816ed53d38,66:ae9a001517d39cec11e3fca375de7e68}(|){"#",a2b5aac2-33a7-41ec-878c-7dd928ac85cf,184:ae9a001517d39cec11e3fca550af704a}(|)Київ, Київська, вул.Садова (Осокорки), 123 дом1(|)
{"#",47e6dd42-cd5c-4e3a-9bc4-14816ed53d38,66:ae9a001517d39cec11e3fca2d6dd4a24}(|){"#",a2b5aac2-33a7-41ec-878c-7dd928ac85cf,184:ae9a001517d39cec11e3fca550af704c}(|)Київ, Київська, вул.Жовтнева (Новобіличі), 39-А(|)
{"#",47e6dd42-cd5c-4e3a-9bc4-14816ed53d38,66:ae9a001517d39cec11e3fca35171f161}(|){"#",a2b5aac2-33a7-41ec-878c-7dd928ac85cf,184:ae9a001517d39cec11e3fca550af704e}(|)Буча, Київська, вул.Депутатська, 1-Б(|)
{"#",47e6dd42-cd5c-4e3a-9bc4-14816ed53d38,66:ae9a001517d39cec11e3fca0cf321b52}(|){"#",a2b5aac2-33a7-41ec-878c-7dd928ac85cf,184:ae9a001517d39cec11e3fca550af7050}(|)Ірпінь, Київська, смт.Гостомель, Кулешова1(|)
{"#",47e6dd42-cd5c-4e3a-9bc4-14816ed53d38,66:ae9a001517d39cec11e3fca0e17f0829}(|){"#",a2b5aac2-33a7-41ec-878c-7dd928ac85cf,184:ae9a001517d39cec11e3fca550af7052}(|)Київ, Київська, просп.50 р. Жовтня, 5(|)
{"#",47e6dd42-cd5c-4e3a-9bc4-14816ed53d38,66:ae9a001517d39cec11e3fca1c39cadb8}(|){"#",a2b5aac2-33a7-41ec-878c-7dd928ac85cf,184:ae9a001517d39cec11e3fca550af7054}(|)Київ, Київська, дорогаКільцева, 4(|)
{"#",47e6dd42-cd5c-4e3a-9bc4-14816ed53d38,66:ae9a001517d39cec11e3fca0f3dca566}(|){"#",a2b5aac2-33a7-41ec-878c-7dd928ac85cf,184:ae9a001517d39cec11e3fca550af7056}(|)Київ, Київська, вул.Кар'єрна, 59(|)
{"#",47e6dd42-cd5c-4e3a-9bc4-14816ed53d38,66:ae9a001517d39cec11e3fca22beb8f39}(|){"#",a2b5aac2-33a7-41ec-878c-7dd928ac85cf,184:ae9a001517d39cec11e3fca556ac7817}(|)Київ, Київська, вул.Качалова, 52(|)
{"#",47e6dd42-cd5c-4e3a-9bc4-14816ed53d38,66:ae9a001517d39cec11e3fca2a5a01973}(|){"#",a2b5aac2-33a7-41ec-878c-7dd928ac85cf,184:ae9a001517d39cec11e3fca556ac781e}(|)вул.Курчатова буд № 146, м.Дмитрівка, Татарбунарський р-н, Одеська обл.(|)
{"#",47e6dd42-cd5c-4e3a-9bc4-14816ed53d38,66:ae9a001517d39cec11e3fca39a7f7f0a}(|){"#",a2b5aac2-33a7-41ec-878c-7dd928ac85cf,184:ae9a001517d39cec11e3fca556ac7820}(|)Чернігів, Чернігівська, вул.Лисенка, 18(|)
{"#",47e6dd42-cd5c-4e3a-9bc4-14816ed53d38,66:ae9a001517d39cec11e3fca06dcead0a}(|){"#",a2b5aac2-33a7-41ec-878c-7dd928ac85cf,184:ae9a001517d39cec11e3fca556ac7822}(|)Чернігів, Чернігівська, вул.Реміснича (Комсомольська), 43(|)
{"#",47e6dd42-cd5c-4e3a-9bc4-14816ed53d38,66:ae9a001517d39cec11e3fca2ca732b78}(|){"#",a2b5aac2-33a7-41ec-878c-7dd928ac85cf,184:ae9a001517d39cec11e3fca556ac7824}(|)Київ, Київська, вул.Автозаводська, 83(|)
{"#",47e6dd42-cd5c-4e3a-9bc4-14816ed53d38,66:ae9a001517d39cec11e3fca30e4bf69c}(|){"#",a2b5aac2-33a7-41ec-878c-7dd928ac85cf,184:ae9a001517d39cec11e3fca556ac7824}(|)Київ, Київська, вул.Автозаводська, 83(|)
{"#",47e6dd42-cd5c-4e3a-9bc4-14816ed53d38,66:ae9a001517d39cec11e3fca31454ea7f}(|){"#",a2b5aac2-33a7-41ec-878c-7dd928ac85cf,184:ae9a001517d39cec11e3fca556ac7826}(|)Центральний ринок, м.Кілія, Одеська обл.(|)
{"#",47e6dd42-cd5c-4e3a-9bc4-14816ed53d38,66:ae9a001517d39cec11e3fca3e9796449}(|){"#",a2b5aac2-33a7-41ec-878c-7dd928ac85cf,184:ae9a001517d39cec11e3fca556ac7828}(|)Богодухів, Харківська, вул.Леонова, 8(|)
{"#",47e6dd42-cd5c-4e3a-9bc4-14816ed53d38,66:ae9a001517d39cec11e3fca2dd15ed04}(|){"#",a2b5aac2-33a7-41ec-878c-7dd928ac85cf,184:ae9a001517d39cec11e3fca556ac782a}(|)Буча, Київська, вул.Жовтнева, 7(|)
{"#",47e6dd42-cd5c-4e3a-9bc4-14816ed53d38,66:ae9a001517d39cec11e3fca556ac782d}(|){"#",a2b5aac2-33a7-41ec-878c-7dd928ac85cf,184:ae9a001517d39cec11e3fca556ac782c}(|)АБ "Южний" м-н "ТНик", м.Тарутино, Одеська обл.(|)
{"#",47e6dd42-cd5c-4e3a-9bc4-14816ed53d38,66:ae9a001517d39cec11e3fca32695eb80}(|){"#",a2b5aac2-33a7-41ec-878c-7dd928ac85cf,184:ae9a001517d39cec11e3fca556ac782f}(|)Фастів, Київська, вул.Орджонікідзе, 73(|)
{"#",47e6dd42-cd5c-4e3a-9bc4-14816ed53d38,66:ae9a001517d39cec11e3fca32695eb81}(|){"#",a2b5aac2-33a7-41ec-878c-7dd928ac85cf,184:ae9a001517d39cec11e3fca556ac7831}(|)Вишневе, Київська, вул.Київська, 2-В(|)
{"#",47e6dd42-cd5c-4e3a-9bc4-14816ed53d38,66:ae9a001517d39cec11e3fca3ac9f1f3d}(|){"#",a2b5aac2-33a7-41ec-878c-7dd928ac85cf,184:ae9a001517d39cec11e3fca556ac7833}(|)Яготин, Київська, вул.Вокзальна, 60(|)
{"#",47e6dd42-cd5c-4e3a-9bc4-14816ed53d38,66:ae9a001517d39cec11e3fca2ca732b8e}(|){"#",a2b5aac2-33a7-41ec-878c-7dd928ac85cf,184:ae9a001517d39cec11e3fca556ac7835}(|)Чернігів, Чернігівська, вул.Красносельського, 55(|)
{"#",47e6dd42-cd5c-4e3a-9bc4-14816ed53d38,66:ae9a001517d39cec11e3fca31a735367}(|){"#",a2b5aac2-33a7-41ec-878c-7dd928ac85cf,184:ae9a001517d39cec11e3fca556ac7837}(|)Іванків (Іванківський р-н), Київська, вул.Проскури Івана, 46(|)
{"#",47e6dd42-cd5c-4e3a-9bc4-14816ed53d38,66:ae9a001517d39cec11e3fca155ee1f5c}(|){"#",a2b5aac2-33a7-41ec-878c-7dd928ac85cf,184:ae9a001517d39cec11e3fca556ac7839}(|)Дружби буд № 42, Феодосія, АР Крим(|)
{"#",47e6dd42-cd5c-4e3a-9bc4-14816ed53d38,66:ae9a001517d39cec11e3fca061bcc57c}(|){"#",a2b5aac2-33a7-41ec-878c-7dd928ac85cf,184:ae9a001517d39cec11e3fca556ac783b}(|)Обухів, Київська, вул.Чумацький шлях (Жовтнева), 71(|)
{"#",47e6dd42-cd5c-4e3a-9bc4-14816ed53d38,66:ae9a001517d39cec11e3fca32695eb84}(|){"#",a2b5aac2-33a7-41ec-878c-7dd928ac85cf,184:ae9a001517d39cec11e3fca556ac783d}(|)Авторинок Центральний, Дніпро, Дніпропетровська(|)
{"#",47e6dd42-cd5c-4e3a-9bc4-14816ed53d38,66:ae9a001517d39cec11e3fca2ef9c1238}(|){"#",a2b5aac2-33a7-41ec-878c-7dd928ac85cf,184:ae9a001517d39cec11e3fca556ac783f}(|)Дніпро, Дніпропетровська, площаПетровського, 80(|)
{"#",47e6dd42-cd5c-4e3a-9bc4-14816ed53d38,66:ae9a001517d39cec11e3fca2dd15ed05}(|){"#",a2b5aac2-33a7-41ec-878c-7dd928ac85cf,184:ae9a001517d39cec11e3fca556ac7842}(|)Біла Церква, Київська, вул.Кожедуба Івана (Запорожця Петра), 30-А(|)
{"#",47e6dd42-cd5c-4e3a-9bc4-14816ed53d38,66:ae9a001517d39cec11e3fca556ac7845}(|){"#",a2b5aac2-33a7-41ec-878c-7dd928ac85cf,184:ae9a001517d39cec11e3fca556ac7844}(|)Хмельницький, Хмельницька, вул.Курчатова, 8/6(|)
{"#",47e6dd42-cd5c-4e3a-9bc4-14816ed53d38,66:ae9a001517d39cec11e3fca2ef9c1239}(|){"#",a2b5aac2-33a7-41ec-878c-7dd928ac85cf,184:ae9a001517d39cec11e3fca556ac7847}(|)Харків, Харківська, просп.Московський, 200(|)
{"#",47e6dd42-cd5c-4e3a-9bc4-14816ed53d38,66:ae9a001517d39cec11e3fca2dd15ed06}(|){"#",a2b5aac2-33a7-41ec-878c-7dd928ac85cf,184:ae9a001517d39cec11e3fca556ac7849}(|)Ірпінь, Київська, вул.Котляревського, 67(|)
{"#",47e6dd42-cd5c-4e3a-9bc4-14816ed53d38,66:ae9a001517d39cec11e3fca31a73536a}(|){"#",a2b5aac2-33a7-41ec-878c-7dd928ac85cf,184:ae9a001517d39cec11e3fca556ac784e}(|)Чернігів, Чернігівська, вул.Козацька (50 років ВЛКСМ), 14(|)
{"#",47e6dd42-cd5c-4e3a-9bc4-14816ed53d38,66:ae9a001517d39cec11e3fca1a4ffdc2c}(|){"#",a2b5aac2-33a7-41ec-878c-7dd928ac85cf,184:ae9a001517d39cec11e3fca556ac7850}(|)Чернігів, Чернігівська, вул.Інструментальна, 34(|)
{"#",47e6dd42-cd5c-4e3a-9bc4-14816ed53d38,66:ae9a001517d39cec11e3fca20d322175}(|){"#",a2b5aac2-33a7-41ec-878c-7dd928ac85cf,184:ae9a001517d39cec11e3fca556ac7850}(|)Чернігів, Чернігівська, вул.Інструментальна, 34(|)
{"#",47e6dd42-cd5c-4e3a-9bc4-14816ed53d38,66:ae9a001517d39cec11e3fca268ca98fb}(|){"#",a2b5aac2-33a7-41ec-878c-7dd928ac85cf,184:ae9a001517d39cec11e3fca556ac7852}(|)Чернігів, Чернігівська, вул.Любецька, 151(|)
{"#",47e6dd42-cd5c-4e3a-9bc4-14816ed53d38,66:ae9a001517d39cec11e3fca13d38e0b3}(|){"#",a2b5aac2-33a7-41ec-878c-7dd928ac85cf,184:ae9a001517d39cec11e3fca556ac7854}(|)Чернігів, Чернігівська, вул.Київська, 59(|)
{"#",47e6dd42-cd5c-4e3a-9bc4-14816ed53d38,66:ae9a001517d39cec11e3fca363a24209}(|){"#",a2b5aac2-33a7-41ec-878c-7dd928ac85cf,184:ae9a001517d39cec11e3fca556ac7856}(|)Київ, Київська, вул.Новомостицька, 25-Г(|)
{"#",47e6dd42-cd5c-4e3a-9bc4-14816ed53d38,66:ae9a001517d39cec11e3fca369ad982e}(|){"#",a2b5aac2-33a7-41ec-878c-7dd928ac85cf,184:ae9a001517d39cec11e3fca556ac785b}(|)Харків, Харківська, в'їздШосейний, 3(|)
{"#",47e6dd42-cd5c-4e3a-9bc4-14816ed53d38,66:ae9a001517d39cec11e3fca14fbca395}(|){"#",a2b5aac2-33a7-41ec-878c-7dd928ac85cf,184:ae9a001517d39cec11e3fca556ac785d}(|)Славутич, Чернігівська, кварталТалінський, 7(|)
{"#",47e6dd42-cd5c-4e3a-9bc4-14816ed53d38,66:ae9a001517d39cec11e3fca237fd76de}(|){"#",a2b5aac2-33a7-41ec-878c-7dd928ac85cf,184:ae9a001517d39cec11e3fca556ac7860}(|)вул.Шабаліна буд № 19-А, м.Севастополь, АР Крим, 99029(|)
{"#",47e6dd42-cd5c-4e3a-9bc4-14816ed53d38,66:ae9a001517d39cec11e3fca2b1eb3974}(|){"#",a2b5aac2-33a7-41ec-878c-7dd928ac85cf,184:ae9a001517d39cec11e3fca556ac7862}(|)Суми, Сумська, просп.Шевченка, 25(|)
{"#",47e6dd42-cd5c-4e3a-9bc4-14816ed53d38,66:ae9a001517d39cec11e3fca2f5ea2a42}(|){"#",a2b5aac2-33a7-41ec-878c-7dd928ac85cf,184:ae9a001517d39cec11e3fca55ca71dcc}(|)Фрунзе буд № 127м, м.Луганськ(|)
{"#",47e6dd42-cd5c-4e3a-9bc4-14816ed53d38,66:80c0003048bfc5df11eb2b13e6b22372}(|){"#",a2b5aac2-33a7-41ec-878c-7dd928ac85cf,184:ae9a001517d39cec11e3fca55ca71dce}(|)ОТПРАВКА(|)
{"#",47e6dd42-cd5c-4e3a-9bc4-14816ed53d38,66:80c2003048bfc5df11eb2fcb3158eb97}(|){"#",a2b5aac2-33a7-41ec-878c-7dd928ac85cf,184:ae9a001517d39cec11e3fca55ca71dce}(|)ОТПРАВКА(|)
{"#",47e6dd42-cd5c-4e3a-9bc4-14816ed53d38,66:80c2003048bfc5df11eb2fd03c881141}(|){"#",a2b5aac2-33a7-41ec-878c-7dd928ac85cf,184:ae9a001517d39cec11e3fca55ca71dce}(|)ОТПРАВКА(|)
{"#",47e6dd42-cd5c-4e3a-9bc4-14816ed53d38,66:80c2003048bfc5df11eb30c253079079}(|){"#",a2b5aac2-33a7-41ec-878c-7dd928ac85cf,184:ae9a001517d39cec11e3fca55ca71dce}(|)ОТПРАВКА(|)
{"#",47e6dd42-cd5c-4e3a-9bc4-14816ed53d38,66:80c3003048bfc5df11eb354bf29e5f30}(|){"#",a2b5aac2-33a7-41ec-878c-7dd928ac85cf,184:ae9a001517d39cec11e3fca55ca71dce}(|)ОТПРАВКА(|)
{"#",47e6dd42-cd5c-4e3a-9bc4-14816ed53d38,66:80c3003048bfc5df11eb3ba3556983ba}(|){"#",a2b5aac2-33a7-41ec-878c-7dd928ac85cf,184:ae9a001517d39cec11e3fca55ca71dce}(|)ОТПРАВКА(|)
{"#",47e6dd42-cd5c-4e3a-9bc4-14816ed53d38,66:80c7003048bfc5df11eb5f0d559c1bd7}(|){"#",a2b5aac2-33a7-41ec-878c-7dd928ac85cf,184:ae9a001517d39cec11e3fca55ca71dce}(|)ОТПРАВКА(|)
{"#",47e6dd42-cd5c-4e3a-9bc4-14816ed53d38,66:851c001517d39cec11e66e88d6d481bd}(|){"#",a2b5aac2-33a7-41ec-878c-7dd928ac85cf,184:ae9a001517d39cec11e3fca55ca71dce}(|)ОТПРАВКА(|)
{"#",47e6dd42-cd5c-4e3a-9bc4-14816ed53d38,66:92f7001517d39cec11e7185111f9f160}(|){"#",a2b5aac2-33a7-41ec-878c-7dd928ac85cf,184:ae9a001517d39cec11e3fca55ca71dce}(|)ОТПРАВКА(|)
{"#",47e6dd42-cd5c-4e3a-9bc4-14816ed53d38,66:92f7001517d39cec11e7191531fc7248}(|){"#",a2b5aac2-33a7-41ec-878c-7dd928ac85cf,184:ae9a001517d39cec11e3fca55ca71dce}(|)ОТПРАВКА(|)
{"#",47e6dd42-cd5c-4e3a-9bc4-14816ed53d38,66:9cb8001517d39cec11e7c91481ec7258}(|){"#",a2b5aac2-33a7-41ec-878c-7dd928ac85cf,184:ae9a001517d39cec11e3fca55ca71dce}(|)ОТПРАВКА(|)
{"#",47e6dd42-cd5c-4e3a-9bc4-14816ed53d38,66:9ce9001517d39cec11e47fb678f5350e}(|){"#",a2b5aac2-33a7-41ec-878c-7dd928ac85cf,184:ae9a001517d39cec11e3fca55ca71dce}(|)ОТПРАВКА(|)
{"#",47e6dd42-cd5c-4e3a-9bc4-14816ed53d38,66:a0ef001517d39cec11e7ace429763c68}(|){"#",a2b5aac2-33a7-41ec-878c-7dd928ac85cf,184:ae9a001517d39cec11e3fca55ca71dce}(|)ОТПРАВКА(|)
{"#",47e6dd42-cd5c-4e3a-9bc4-14816ed53d38,66:aa8e0025909438d711e82d21f218f542}(|){"#",a2b5aac2-33a7-41ec-878c-7dd928ac85cf,184:ae9a001517d39cec11e3fca55ca71dce}(|)ОТПРАВКА(|)
{"#",47e6dd42-cd5c-4e3a-9bc4-14816ed53d38,66:aa8f0025909438d711e8633740427205}(|){"#",a2b5aac2-33a7-41ec-878c-7dd928ac85cf,184:ae9a001517d39cec11e3fca55ca71dce}(|)ОТПРАВКА(|)
{"#",47e6dd42-cd5c-4e3a-9bc4-14816ed53d38,66:aa900025909438d711e89c6e24b8e14a}(|){"#",a2b5aac2-33a7-41ec-878c-7dd928ac85cf,184:ae9a001517d39cec11e3fca55ca71dce}(|)ОТПРАВКА(|)
{"#",47e6dd42-cd5c-4e3a-9bc4-14816ed53d38,66:aa930025909438d611e8d13d32527ef1}(|){"#",a2b5aac2-33a7-41ec-878c-7dd928ac85cf,184:ae9a001517d39cec11e3fca55ca71dce}(|)ОТПРАВКА(|)
{"#",47e6dd42-cd5c-4e3a-9bc4-14816ed53d38,66:aa930025909438d611e8d2aeeabef62d}(|){"#",a2b5aac2-33a7-41ec-878c-7dd928ac85cf,184:ae9a001517d39cec11e3fca55ca71dce}(|)ОТПРАВКА(|)
{"#",47e6dd42-cd5c-4e3a-9bc4-14816ed53d38,66:aa930025909438d611e8ed71c78164c9}(|){"#",a2b5aac2-33a7-41ec-878c-7dd928ac85cf,184:ae9a001517d39cec11e3fca55ca71dce}(|)ОТПРАВКА(|)
{"#",47e6dd42-cd5c-4e3a-9bc4-14816ed53d38,66:aa930025909438d611e90299808d5392}(|){"#",a2b5aac2-33a7-41ec-878c-7dd928ac85cf,184:ae9a001517d39cec11e3fca55ca71dce}(|)ОТПРАВКА(|)
{"#",47e6dd42-cd5c-4e3a-9bc4-14816ed53d38,66:aa930025909438d611e91e44a1531e16}(|){"#",a2b5aac2-33a7-41ec-878c-7dd928ac85cf,184:ae9a001517d39cec11e3fca55ca71dce}(|)ОТПРАВКА(|)
{"#",47e6dd42-cd5c-4e3a-9bc4-14816ed53d38,66:aa930025909438d611e922d605a44dd3}(|){"#",a2b5aac2-33a7-41ec-878c-7dd928ac85cf,184:ae9a001517d39cec11e3fca55ca71dce}(|)ОТПРАВКА(|)
{"#",47e6dd42-cd5c-4e3a-9bc4-14816ed53d38,66:aa930025909438d611e935d28b6eebf4}(|){"#",a2b5aac2-33a7-41ec-878c-7dd928ac85cf,184:ae9a001517d39cec11e3fca55ca71dce}(|)ОТПРАВКА(|)
{"#",47e6dd42-cd5c-4e3a-9bc4-14816ed53d38,66:aa980025909438d611ea63938c8bac2e}(|){"#",a2b5aac2-33a7-41ec-878c-7dd928ac85cf,184:ae9a001517d39cec11e3fca55ca71dce}(|)ОТПРАВКА(|)
{"#",47e6dd42-cd5c-4e3a-9bc4-14816ed53d38,66:aa980025909438d611ea83d9eea1614e}(|){"#",a2b5aac2-33a7-41ec-878c-7dd928ac85cf,184:ae9a001517d39cec11e3fca55ca71dce}(|)ОТПРАВКА(|)
{"#",47e6dd42-cd5c-4e3a-9bc4-14816ed53d38,66:aa980025909438d611ea8553c0218cb7}(|){"#",a2b5aac2-33a7-41ec-878c-7dd928ac85cf,184:ae9a001517d39cec11e3fca55ca71dce}(|)ОТПРАВКА(|)
{"#",47e6dd42-cd5c-4e3a-9bc4-14816ed53d38,66:aa980025909438d611ea887554e57499}(|){"#",a2b5aac2-33a7-41ec-878c-7dd928ac85cf,184:ae9a001517d39cec11e3fca55ca71dce}(|)ОТПРАВКА(|)
{"#",47e6dd42-cd5c-4e3a-9bc4-14816ed53d38,66:aa980025909438d611ea9076552366a2}(|){"#",a2b5aac2-33a7-41ec-878c-7dd928ac85cf,184:ae9a001517d39cec11e3fca55ca71dce}(|)ОТПРАВКА(|)
{"#",47e6dd42-cd5c-4e3a-9bc4-14816ed53d38,66:aa980025909438d611ea9106222f3eaa}(|){"#",a2b5aac2-33a7-41ec-878c-7dd928ac85cf,184:ae9a001517d39cec11e3fca55ca71dce}(|)ОТПРАВКА(|)
{"#",47e6dd42-cd5c-4e3a-9bc4-14816ed53d38,66:aa980025909438d611ea98dfd538e677}(|){"#",a2b5aac2-33a7-41ec-878c-7dd928ac85cf,184:ae9a001517d39cec11e3fca55ca71dce}(|)ОТПРАВКА(|)
{"#",47e6dd42-cd5c-4e3a-9bc4-14816ed53d38,66:aa980025909438d611ea99a275d31f54}(|){"#",a2b5aac2-33a7-41ec-878c-7dd928ac85cf,184:ae9a001517d39cec11e3fca55ca71dce}(|)ОТПРАВКА(|)
{"#",47e6dd42-cd5c-4e3a-9bc4-14816ed53d38,66:aa980025909438d611ea9a76ee7cad47}(|){"#",a2b5aac2-33a7-41ec-878c-7dd928ac85cf,184:ae9a001517d39cec11e3fca55ca71dce}(|)ОТПРАВКА(|)
{"#",47e6dd42-cd5c-4e3a-9bc4-14816ed53d38,66:aa980025909438d611ea9a97e39b07d9}(|){"#",a2b5aac2-33a7-41ec-878c-7dd928ac85cf,184:ae9a001517d39cec11e3fca55ca71dce}(|)ОТПРАВКА(|)
{"#",47e6dd42-cd5c-4e3a-9bc4-14816ed53d38,66:aa9a0025909438d711eadc9b04386334}(|){"#",a2b5aac2-33a7-41ec-878c-7dd928ac85cf,184:ae9a001517d39cec11e3fca55ca71dce}(|)ОТПРАВКА(|)
{"#",47e6dd42-cd5c-4e3a-9bc4-14816ed53d38,66:aa9f0025909438d711eade0709349756}(|){"#",a2b5aac2-33a7-41ec-878c-7dd928ac85cf,184:ae9a001517d39cec11e3fca55ca71dce}(|)ОТПРАВКА(|)
{"#",47e6dd42-cd5c-4e3a-9bc4-14816ed53d38,66:aa9f0025909438d711eade0726d5475e}(|){"#",a2b5aac2-33a7-41ec-878c-7dd928ac85cf,184:ae9a001517d39cec11e3fca55ca71dce}(|)ОТПРАВКА(|)
{"#",47e6dd42-cd5c-4e3a-9bc4-14816ed53d38,66:aa9f0025909438d711eade07362eb9cc}(|){"#",a2b5aac2-33a7-41ec-878c-7dd928ac85cf,184:ae9a001517d39cec11e3fca55ca71dce}(|)ОТПРАВКА(|)
{"#",47e6dd42-cd5c-4e3a-9bc4-14816ed53d38,66:aa9f0025909438d711eade074a7a45ad}(|){"#",a2b5aac2-33a7-41ec-878c-7dd928ac85cf,184:ae9a001517d39cec11e3fca55ca71dce}(|)ОТПРАВКА(|)
{"#",47e6dd42-cd5c-4e3a-9bc4-14816ed53d38,66:aa9f0025909438d711eade075b585f3e}(|){"#",a2b5aac2-33a7-41ec-878c-7dd928ac85cf,184:ae9a001517d39cec11e3fca55ca71dce}(|)ОТПРАВКА(|)
{"#",47e6dd42-cd5c-4e3a-9bc4-14816ed53d38,66:aa9f0025909438d711eade076b079c0d}(|){"#",a2b5aac2-33a7-41ec-878c-7dd928ac85cf,184:ae9a001517d39cec11e3fca55ca71dce}(|)ОТПРАВКА(|)
{"#",47e6dd42-cd5c-4e3a-9bc4-14816ed53d38,66:aa9f0025909438d711eade077dce7de9}(|){"#",a2b5aac2-33a7-41ec-878c-7dd928ac85cf,184:ae9a001517d39cec11e3fca55ca71dce}(|)ОТПРАВКА(|)
{"#",47e6dd42-cd5c-4e3a-9bc4-14816ed53d38,66:aa9f0025909438d711eade079841b0f4}(|){"#",a2b5aac2-33a7-41ec-878c-7dd928ac85cf,184:ae9a001517d39cec11e3fca55ca71dce}(|)ОТПРАВКА(|)
{"#",47e6dd42-cd5c-4e3a-9bc4-14816ed53d38,66:aa9f0025909438d711eade07a7a72595}(|){"#",a2b5aac2-33a7-41ec-878c-7dd928ac85cf,184:ae9a001517d39cec11e3fca55ca71dce}(|)ОТПРАВКА(|)
{"#",47e6dd42-cd5c-4e3a-9bc4-14816ed53d38,66:aa9f0025909438d711eade07cb3bd2c6}(|){"#",a2b5aac2-33a7-41ec-878c-7dd928ac85cf,184:ae9a001517d39cec11e3fca55ca71dce}(|)ОТПРАВКА(|)
{"#",47e6dd42-cd5c-4e3a-9bc4-14816ed53d38,66:aa9f0025909438d711eade07ea7e9f60}(|){"#",a2b5aac2-33a7-41ec-878c-7dd928ac85cf,184:ae9a001517d39cec11e3fca55ca71dce}(|)ОТПРАВКА(|)
{"#",47e6dd42-cd5c-4e3a-9bc4-14816ed53d38,66:aa9f0025909438d711eade07fc5b7f0f}(|){"#",a2b5aac2-33a7-41ec-878c-7dd928ac85cf,184:ae9a001517d39cec11e3fca55ca71dce}(|)ОТПРАВКА(|)
{"#",47e6dd42-cd5c-4e3a-9bc4-14816ed53d38,66:aa9f0025909438d711eade080bcaafd8}(|){"#",a2b5aac2-33a7-41ec-878c-7dd928ac85cf,184:ae9a001517d39cec11e3fca55ca71dce}(|)ОТПРАВКА(|)
{"#",47e6dd42-cd5c-4e3a-9bc4-14816ed53d38,66:aa9f0025909438d711eade081a919e87}(|){"#",a2b5aac2-33a7-41ec-878c-7dd928ac85cf,184:ae9a001517d39cec11e3fca55ca71dce}(|)ОТПРАВКА(|)
{"#",47e6dd42-cd5c-4e3a-9bc4-14816ed53d38,66:aa9f0025909438d711eade082b5f7e62}(|){"#",a2b5aac2-33a7-41ec-878c-7dd928ac85cf,184:ae9a001517d39cec11e3fca55ca71dce}(|)ОТПРАВКА(|)
{"#",47e6dd42-cd5c-4e3a-9bc4-14816ed53d38,66:aa9f0025909438d711eade083a52daeb}(|){"#",a2b5aac2-33a7-41ec-878c-7dd928ac85cf,184:ae9a001517d39cec11e3fca55ca71dce}(|)ОТПРАВКА(|)
{"#",47e6dd42-cd5c-4e3a-9bc4-14816ed53d38,66:aa9f0025909438d711eade094897fe6c}(|){"#",a2b5aac2-33a7-41ec-878c-7dd928ac85cf,184:ae9a001517d39cec11e3fca55ca71dce}(|)ОТПРАВКА(|)
{"#",47e6dd42-cd5c-4e3a-9bc4-14816ed53d38,66:aa9f0025909438d711eade0ab3c7adcf}(|){"#",a2b5aac2-33a7-41ec-878c-7dd928ac85cf,184:ae9a001517d39cec11e3fca55ca71dce}(|)ОТПРАВКА(|)
{"#",47e6dd42-cd5c-4e3a-9bc4-14816ed53d38,66:aa9f0025909438d711eade0ae27b4eb7}(|){"#",a2b5aac2-33a7-41ec-878c-7dd928ac85cf,184:ae9a001517d39cec11e3fca55ca71dce}(|)ОТПРАВКА(|)
{"#",47e6dd42-cd5c-4e3a-9bc4-14816ed53d38,66:aa9f0025909438d711eade0afb8c1d31}(|){"#",a2b5aac2-33a7-41ec-878c-7dd928ac85cf,184:ae9a001517d39cec11e3fca55ca71dce}(|)ОТПРАВКА(|)
{"#",47e6dd42-cd5c-4e3a-9bc4-14816ed53d38,66:aa9f0025909438d711eade0b09b66e0a}(|){"#",a2b5aac2-33a7-41ec-878c-7dd928ac85cf,184:ae9a001517d39cec11e3fca55ca71dce}(|)ОТПРАВКА(|)
{"#",47e6dd42-cd5c-4e3a-9bc4-14816ed53d38,66:aa9f0025909438d711eade0b21e54405}(|){"#",a2b5aac2-33a7-41ec-878c-7dd928ac85cf,184:ae9a001517d39cec11e3fca55ca71dce}(|)ОТПРАВКА(|)
{"#",47e6dd42-cd5c-4e3a-9bc4-14816ed53d38,66:aa9f0025909438d711eade0b31322573}(|){"#",a2b5aac2-33a7-41ec-878c-7dd928ac85cf,184:ae9a001517d39cec11e3fca55ca71dce}(|)ОТПРАВКА(|)
{"#",47e6dd42-cd5c-4e3a-9bc4-14816ed53d38,66:aa9f0025909438d711eade0b3bb619f8}(|){"#",a2b5aac2-33a7-41ec-878c-7dd928ac85cf,184:ae9a001517d39cec11e3fca55ca71dce}(|)ОТПРАВКА(|)
{"#",47e6dd42-cd5c-4e3a-9bc4-14816ed53d38,66:aa9f0025909438d711eade0b4d8ac8b0}(|){"#",a2b5aac2-33a7-41ec-878c-7dd928ac85cf,184:ae9a001517d39cec11e3fca55ca71dce}(|)ОТПРАВКА(|)
{"#",47e6dd42-cd5c-4e3a-9bc4-14816ed53d38,66:aa9f0025909438d711eade0b62532427}(|){"#",a2b5aac2-33a7-41ec-878c-7dd928ac85cf,184:ae9a001517d39cec11e3fca55ca71dce}(|)ОТПРАВКА(|)
{"#",47e6dd42-cd5c-4e3a-9bc4-14816ed53d38,66:aa9f0025909438d711eade0b71553763}(|){"#",a2b5aac2-33a7-41ec-878c-7dd928ac85cf,184:ae9a001517d39cec11e3fca55ca71dce}(|)ОТПРАВКА(|)
{"#",47e6dd42-cd5c-4e3a-9bc4-14816ed53d38,66:aa9f0025909438d711eade0b7ca3cda2}(|){"#",a2b5aac2-33a7-41ec-878c-7dd928ac85cf,184:ae9a001517d39cec11e3fca55ca71dce}(|)ОТПРАВКА(|)
{"#",47e6dd42-cd5c-4e3a-9bc4-14816ed53d38,66:aa9f0025909438d711eade0b8bf327f6}(|){"#",a2b5aac2-33a7-41ec-878c-7dd928ac85cf,184:ae9a001517d39cec11e3fca55ca71dce}(|)ОТПРАВКА(|)
{"#",47e6dd42-cd5c-4e3a-9bc4-14816ed53d38,66:aa9f0025909438d711eade0b9e55300c}(|){"#",a2b5aac2-33a7-41ec-878c-7dd928ac85cf,184:ae9a001517d39cec11e3fca55ca71dce}(|)ОТПРАВКА(|)
{"#",47e6dd42-cd5c-4e3a-9bc4-14816ed53d38,66:aa9f0025909438d711eade0ba9301301}(|){"#",a2b5aac2-33a7-41ec-878c-7dd928ac85cf,184:ae9a001517d39cec11e3fca55ca71dce}(|)ОТПРАВКА(|)
{"#",47e6dd42-cd5c-4e3a-9bc4-14816ed53d38,66:aa9f0025909438d711eade0bb9e2e494}(|){"#",a2b5aac2-33a7-41ec-878c-7dd928ac85cf,184:ae9a001517d39cec11e3fca55ca71dce}(|)ОТПРАВКА(|)
{"#",47e6dd42-cd5c-4e3a-9bc4-14816ed53d38,66:aaa10025909438d711eae21e96346439}(|){"#",a2b5aac2-33a7-41ec-878c-7dd928ac85cf,184:ae9a001517d39cec11e3fca55ca71dce}(|)ОТПРАВКА(|)
{"#",47e6dd42-cd5c-4e3a-9bc4-14816ed53d38,66:aaa10025909438d711eae21eb928f644}(|){"#",a2b5aac2-33a7-41ec-878c-7dd928ac85cf,184:ae9a001517d39cec11e3fca55ca71dce}(|)ОТПРАВКА(|)
{"#",47e6dd42-cd5c-4e3a-9bc4-14816ed53d38,66:aaa10025909438d711eae21ec2b02d9c}(|){"#",a2b5aac2-33a7-41ec-878c-7dd928ac85cf,184:ae9a001517d39cec11e3fca55ca71dce}(|)ОТПРАВКА(|)
{"#",47e6dd42-cd5c-4e3a-9bc4-14816ed53d38,66:aaa10025909438d711eae21edd5aa73c}(|){"#",a2b5aac2-33a7-41ec-878c-7dd928ac85cf,184:ae9a001517d39cec11e3fca55ca71dce}(|)ОТПРАВКА(|)
{"#",47e6dd42-cd5c-4e3a-9bc4-14816ed53d38,66:aaa10025909438d711eae21f35793ed4}(|){"#",a2b5aac2-33a7-41ec-878c-7dd928ac85cf,184:ae9a001517d39cec11e3fca55ca71dce}(|)ОТПРАВКА(|)
{"#",47e6dd42-cd5c-4e3a-9bc4-14816ed53d38,66:aaa10025909438d711eae21f44470db7}(|){"#",a2b5aac2-33a7-41ec-878c-7dd928ac85cf,184:ae9a001517d39cec11e3fca55ca71dce}(|)ОТПРАВКА(|)
{"#",47e6dd42-cd5c-4e3a-9bc4-14816ed53d38,66:aaa10025909438d711eae21f607bea24}(|){"#",a2b5aac2-33a7-41ec-878c-7dd928ac85cf,184:ae9a001517d39cec11e3fca55ca71dce}(|)ОТПРАВКА(|)
{"#",47e6dd42-cd5c-4e3a-9bc4-14816ed53d38,66:aaa10025909438d711eae21f6aa5732e}(|){"#",a2b5aac2-33a7-41ec-878c-7dd928ac85cf,184:ae9a001517d39cec11e3fca55ca71dce}(|)ОТПРАВКА(|)
{"#",47e6dd42-cd5c-4e3a-9bc4-14816ed53d38,66:aaa10025909438d711eae21f89a3e40f}(|){"#",a2b5aac2-33a7-41ec-878c-7dd928ac85cf,184:ae9a001517d39cec11e3fca55ca71dce}(|)ОТПРАВКА(|)
{"#",47e6dd42-cd5c-4e3a-9bc4-14816ed53d38,66:aaa10025909438d711eae21f9df8447d}(|){"#",a2b5aac2-33a7-41ec-878c-7dd928ac85cf,184:ae9a001517d39cec11e3fca55ca71dce}(|)ОТПРАВКА(|)
{"#",47e6dd42-cd5c-4e3a-9bc4-14816ed53d38,66:aaa10025909438d711eae21fc26026a1}(|){"#",a2b5aac2-33a7-41ec-878c-7dd928ac85cf,184:ae9a001517d39cec11e3fca55ca71dce}(|)ОТПРАВКА(|)
{"#",47e6dd42-cd5c-4e3a-9bc4-14816ed53d38,66:aaa10025909438d711eae21fd3ca4038}(|){"#",a2b5aac2-33a7-41ec-878c-7dd928ac85cf,184:ae9a001517d39cec11e3fca55ca71dce}(|)ОТПРАВКА(|)
{"#",47e6dd42-cd5c-4e3a-9bc4-14816ed53d38,66:aaa10025909438d711eae220077f7e30}(|){"#",a2b5aac2-33a7-41ec-878c-7dd928ac85cf,184:ae9a001517d39cec11e3fca55ca71dce}(|)ОТПРАВКА(|)
{"#",47e6dd42-cd5c-4e3a-9bc4-14816ed53d38,66:aaa10025909438d711eae2c139404571}(|){"#",a2b5aac2-33a7-41ec-878c-7dd928ac85cf,184:ae9a001517d39cec11e3fca55ca71dce}(|)ОТПРАВКА(|)
{"#",47e6dd42-cd5c-4e3a-9bc4-14816ed53d38,66:aaa10025909438d711eae6a5c2df147c}(|){"#",a2b5aac2-33a7-41ec-878c-7dd928ac85cf,184:ae9a001517d39cec11e3fca55ca71dce}(|)ОТПРАВКА(|)
{"#",47e6dd42-cd5c-4e3a-9bc4-14816ed53d38,66:aaa10025909438d711eae6ab38cfae10}(|){"#",a2b5aac2-33a7-41ec-878c-7dd928ac85cf,184:ae9a001517d39cec11e3fca55ca71dce}(|)ОТПРАВКА(|)
{"#",47e6dd42-cd5c-4e3a-9bc4-14816ed53d38,66:aaa10025909438d711eaec5d478551ec}(|){"#",a2b5aac2-33a7-41ec-878c-7dd928ac85cf,184:ae9a001517d39cec11e3fca55ca71dce}(|)ОТПРАВКА(|)
{"#",47e6dd42-cd5c-4e3a-9bc4-14816ed53d38,66:aaa10025909438d711eaf692edc5e2ff}(|){"#",a2b5aac2-33a7-41ec-878c-7dd928ac85cf,184:ae9a001517d39cec11e3fca55ca71dce}(|)ОТПРАВКА(|)
{"#",47e6dd42-cd5c-4e3a-9bc4-14816ed53d38,66:aaa10025909438d711eaf81443ca129a}(|){"#",a2b5aac2-33a7-41ec-878c-7dd928ac85cf,184:ae9a001517d39cec11e3fca55ca71dce}(|)ОТПРАВКА(|)
{"#",47e6dd42-cd5c-4e3a-9bc4-14816ed53d38,66:aaa10025909438d711eb025e9ae63297}(|){"#",a2b5aac2-33a7-41ec-878c-7dd928ac85cf,184:ae9a001517d39cec11e3fca55ca71dce}(|)ОТПРАВКА(|)
{"#",47e6dd42-cd5c-4e3a-9bc4-14816ed53d38,66:aaa10025909438d711eb02f373345b54}(|){"#",a2b5aac2-33a7-41ec-878c-7dd928ac85cf,184:ae9a001517d39cec11e3fca55ca71dce}(|)ОТПРАВКА(|)
{"#",47e6dd42-cd5c-4e3a-9bc4-14816ed53d38,66:aaa20025909438d711eb03dabe908797}(|){"#",a2b5aac2-33a7-41ec-878c-7dd928ac85cf,184:ae9a001517d39cec11e3fca55ca71dce}(|)ОТПРАВКА(|)
{"#",47e6dd42-cd5c-4e3a-9bc4-14816ed53d38,66:aaa70025909438d711eb1db77545ad35}(|){"#",a2b5aac2-33a7-41ec-878c-7dd928ac85cf,184:ae9a001517d39cec11e3fca55ca71dce}(|)ОТПРАВКА(|)
{"#",47e6dd42-cd5c-4e3a-9bc4-14816ed53d38,66:aaab0025909438d711eb23401a029eeb}(|){"#",a2b5aac2-33a7-41ec-878c-7dd928ac85cf,184:ae9a001517d39cec11e3fca55ca71dce}(|)ОТПРАВКА(|)
{"#",47e6dd42-cd5c-4e3a-9bc4-14816ed53d38,66:ae9a001517d39cec11e3fc9fe332d6cf}(|){"#",a2b5aac2-33a7-41ec-878c-7dd928ac85cf,184:ae9a001517d39cec11e3fca55ca71dce}(|)ОТПРАВКА(|)
{"#",47e6dd42-cd5c-4e3a-9bc4-14816ed53d38,66:ae9a001517d39cec11e3fca55ca71dd0}(|){"#",a2b5aac2-33a7-41ec-878c-7dd928ac85cf,184:ae9a001517d39cec11e3fca55ca71dce}(|)ОТПРАВКА(|)
{"#",47e6dd42-cd5c-4e3a-9bc4-14816ed53d38,66:ae9a001517d39cec11e3fecfe4d87c1c}(|){"#",a2b5aac2-33a7-41ec-878c-7dd928ac85cf,184:ae9a001517d39cec11e3fca55ca71dce}(|)ОТПРАВКА(|)
{"#",47e6dd42-cd5c-4e3a-9bc4-14816ed53d38,66:ae9a001517d39cec11e3fed00ee777bc}(|){"#",a2b5aac2-33a7-41ec-878c-7dd928ac85cf,184:ae9a001517d39cec11e3fca55ca71dce}(|)ОТПРАВКА(|)
{"#",47e6dd42-cd5c-4e3a-9bc4-14816ed53d38,66:b7df001517d39cec11e75a505943e116}(|){"#",a2b5aac2-33a7-41ec-878c-7dd928ac85cf,184:ae9a001517d39cec11e3fca55ca71dce}(|)ОТПРАВКА(|)
{"#",47e6dd42-cd5c-4e3a-9bc4-14816ed53d38,66:ae9a001517d39cec11e3fca345351f79}(|){"#",a2b5aac2-33a7-41ec-878c-7dd928ac85cf,184:ae9a001517d39cec11e3fca55ca71dd2}(|)Зіньків, Полтавська, вул.Жовтнева, 4(|)
{"#",47e6dd42-cd5c-4e3a-9bc4-14816ed53d38,66:ae9a001517d39cec11e3fca3a6857ae4}(|){"#",a2b5aac2-33a7-41ec-878c-7dd928ac85cf,184:ae9a001517d39cec11e3fca55ca71dd2}(|)Зіньків, Полтавська, вул.Жовтнева, 4(|)Жовтнева буд № 4, Зіньків, Полтавська, Полтавська, 38 100
{"#",47e6dd42-cd5c-4e3a-9bc4-14816ed53d38,66:ae9a001517d39cec11e3fca2ca732b8a}(|){"#",a2b5aac2-33a7-41ec-878c-7dd928ac85cf,184:ae9a001517d39cec11e3fca55ca71dd4}(|)Вінниця, Вінницька, вул.Свердлова, 7(|)
{"#",47e6dd42-cd5c-4e3a-9bc4-14816ed53d38,66:ae9a001517d39cec11e3fca14fbca38f}(|){"#",a2b5aac2-33a7-41ec-878c-7dd928ac85cf,184:ae9a001517d39cec11e3fca55ca71dd6}(|)Немішаєве, Київська, вул.Заводська, 50-А(|)
{"#",47e6dd42-cd5c-4e3a-9bc4-14816ed53d38,66:ae9a001517d39cec11e3fca2750c2fa2}(|){"#",a2b5aac2-33a7-41ec-878c-7dd928ac85cf,184:ae9a001517d39cec11e3fca55ca71ddb}(|)Кам'янське(Дніпропетровська обл), Дніпропетровська, вул.Сачка, 12(|)
{"#",47e6dd42-cd5c-4e3a-9bc4-14816ed53d38,66:ae9a001517d39cec11e3fca24a53ed13}(|){"#",a2b5aac2-33a7-41ec-878c-7dd928ac85cf,184:ae9a001517d39cec11e3fca55ca71ddd}(|)Кам'янське(Дніпропетровська обл), Дніпропетровська, вул.Долматова, 10-А(|)
{"#",47e6dd42-cd5c-4e3a-9bc4-14816ed53d38,66:ae9a001517d39cec11e3fca3dd41570a}(|){"#",a2b5aac2-33a7-41ec-878c-7dd928ac85cf,184:ae9a001517d39cec11e3fca55ca71ddf}(|)Кам'янське(Дніпропетровська обл), Дніпропетровська, просп.Свободи (Леніна), 66(|)
{"#",47e6dd42-cd5c-4e3a-9bc4-14816ed53d38,66:ae9a001517d39cec11e3fca38e4771d5}(|){"#",a2b5aac2-33a7-41ec-878c-7dd928ac85cf,184:ae9a001517d39cec11e3fca55ca71de2}(|)Дніпро, Дніпропетровська, просп.Хмельницького Богдана, 162-А(|)
{"#",47e6dd42-cd5c-4e3a-9bc4-14816ed53d38,66:ae9a001517d39cec11e3fca3d7313c2f}(|){"#",a2b5aac2-33a7-41ec-878c-7dd928ac85cf,184:ae9a001517d39cec11e3fca55ca71de6}(|)Дніпро, Дніпропетровська, вул.Красноводська, 50(|)
{"#",47e6dd42-cd5c-4e3a-9bc4-14816ed53d38,66:ae9a001517d39cec11e3fca39a7f7f14}(|){"#",a2b5aac2-33a7-41ec-878c-7dd928ac85cf,184:ae9a001517d39cec11e3fca55ca71de8}(|)Дніпро, Дніпропетровська, вул.Метробудівська, 4-А(|)
{"#",47e6dd42-cd5c-4e3a-9bc4-14816ed53d38,66:ae9a001517d39cec11e3fca39a7f7f13}(|){"#",a2b5aac2-33a7-41ec-878c-7dd928ac85cf,184:ae9a001517d39cec11e3fca55ca71dea}(|)Дніпро, Дніпропетровська, вул.Ватутіна, 5(|)
{"#",47e6dd42-cd5c-4e3a-9bc4-14816ed53d38,66:ae9a001517d39cec11e3fca3085150f9}(|){"#",a2b5aac2-33a7-41ec-878c-7dd928ac85cf,184:ae9a001517d39cec11e3fca55ca71dec}(|)Дніпро, Дніпропетровська, вул.Набережна Перемоги, 2-К(|)
{"#",47e6dd42-cd5c-4e3a-9bc4-14816ed53d38,66:ae9a001517d39cec11e3fca1fa8a9b30}(|){"#",a2b5aac2-33a7-41ec-878c-7dd928ac85cf,184:ae9a001517d39cec11e3fca55ca71dee}(|)Дніпро, Дніпропетровська, вул.Набережна Перемоги, 106-А(|)
{"#",47e6dd42-cd5c-4e3a-9bc4-14816ed53d38,66:ae9a001517d39cec11e3fca1ab08cff2}(|){"#",a2b5aac2-33a7-41ec-878c-7dd928ac85cf,184:ae9a001517d39cec11e3fca55ca71df0}(|)Дніпро, Дніпропетровська, пров.Белостоцкого, 45(|)
{"#",47e6dd42-cd5c-4e3a-9bc4-14816ed53d38,66:ae9a001517d39cec11e3fca11eed1f12}(|){"#",a2b5aac2-33a7-41ec-878c-7dd928ac85cf,184:ae9a001517d39cec11e3fca55ca71df2}(|)Дніпро, Дніпропетровська, вул.Правди, 65-А(|)
{"#",47e6dd42-cd5c-4e3a-9bc4-14816ed53d38,66:ae9a001517d39cec11e3fca1ab08cff3}(|){"#",a2b5aac2-33a7-41ec-878c-7dd928ac85cf,184:ae9a001517d39cec11e3fca55ca71df2}(|)Дніпро, Дніпропетровська, вул.Правди, 65-А(|)
{"#",47e6dd42-cd5c-4e3a-9bc4-14816ed53d38,66:ae9a001517d39cec11e3fca1310a5cd8}(|){"#",a2b5aac2-33a7-41ec-878c-7dd928ac85cf,184:ae9a001517d39cec11e3fca55ca71df4}(|)Чернігів, Чернігівська, вул.Щорса, 62(|)
{"#",47e6dd42-cd5c-4e3a-9bc4-14816ed53d38,66:ae9a001517d39cec11e3fca25093b6fb}(|){"#",a2b5aac2-33a7-41ec-878c-7dd928ac85cf,184:ae9a001517d39cec11e3fca55ca71df4}(|)Чернігів, Чернігівська, вул.Щорса, 62(|)
{"#",47e6dd42-cd5c-4e3a-9bc4-14816ed53d38,66:ae9a001517d39cec11e3fca22beb8f31}(|){"#",a2b5aac2-33a7-41ec-878c-7dd928ac85cf,184:ae9a001517d39cec11e3fca55ca71df6}(|)Чернігів, Чернігівська, вул.Любецька, 35(|)
{"#",47e6dd42-cd5c-4e3a-9bc4-14816ed53d38,66:ae9a001517d39cec11e3fc9fef4e47d7}(|){"#",a2b5aac2-33a7-41ec-878c-7dd928ac85cf,184:ae9a001517d39cec11e3fca55ca71dfb}(|)Київ, Київська, вул.Бережанська, 9(|)2222
{"#",47e6dd42-cd5c-4e3a-9bc4-14816ed53d38,66:ae9a001517d39cec11e3fca30e4bf698}(|){"#",a2b5aac2-33a7-41ec-878c-7dd928ac85cf,184:ae9a001517d39cec11e3fca55ca71dfb}(|)Київ, Київська, вул.Бережанська, 9(|)
{"#",47e6dd42-cd5c-4e3a-9bc4-14816ed53d38,66:ae63001517d39cec11e6847f8cf67e3a}(|){"#",a2b5aac2-33a7-41ec-878c-7dd928ac85cf,184:ae9a001517d39cec11e3fca55ca71dfe}(|)Жовті Води, Дніпропетровська, просп.Гагаріна, 30(|)
{"#",47e6dd42-cd5c-4e3a-9bc4-14816ed53d38,66:ae9a001517d39cec11e3fca2f5ea2a3f}(|){"#",a2b5aac2-33a7-41ec-878c-7dd928ac85cf,184:ae9a001517d39cec11e3fca55ca71dfe}(|)Жовті Води, Дніпропетровська, просп.Гагаріна, 30(|)
{"#",47e6dd42-cd5c-4e3a-9bc4-14816ed53d38,66:ae9a001517d39cec11e3fca3dd41571a}(|){"#",a2b5aac2-33a7-41ec-878c-7dd928ac85cf,184:ae9a001517d39cec11e3fca55ca71e00}(|)Київ, Київська, просп.Корольова Академіка, 5(|)
{"#",47e6dd42-cd5c-4e3a-9bc4-14816ed53d38,66:ae9a001517d39cec11e3fca35da9feb2}(|){"#",a2b5aac2-33a7-41ec-878c-7dd928ac85cf,184:ae9a001517d39cec11e3fca55ca71e03}(|)Нова Долина, Одеська, вул.Центральна, 10(|)
{"#",47e6dd42-cd5c-4e3a-9bc4-14816ed53d38,66:ae9a001517d39cec11e3fca2e3450661}(|){"#",a2b5aac2-33a7-41ec-878c-7dd928ac85cf,184:ae9a001517d39cec11e3fca55ca71e05}(|)Високий, Харківська, вул.Московська, 1-А(|)
{"#",47e6dd42-cd5c-4e3a-9bc4-14816ed53d38,66:ae9a001517d39cec11e3fca2e3450662}(|){"#",a2b5aac2-33a7-41ec-878c-7dd928ac85cf,184:ae9a001517d39cec11e3fca55ca71e07}(|)Кропивницький, Кіровоградська, вул.Волкова, 2(|)
{"#",47e6dd42-cd5c-4e3a-9bc4-14816ed53d38,66:ae9a001517d39cec11e3fca2873ee29d}(|){"#",a2b5aac2-33a7-41ec-878c-7dd928ac85cf,184:ae9a001517d39cec11e3fca55ca71e09}(|)Бровари, Київська, вул.Бандери Степана (Димитрова), 71-А(|)
{"#",47e6dd42-cd5c-4e3a-9bc4-14816ed53d38,66:ae9a001517d39cec11e3fca55ca71e0c}(|){"#",a2b5aac2-33a7-41ec-878c-7dd928ac85cf,184:ae9a001517d39cec11e3fca55ca71e0b}(|)Харків, Харківська, просп.Московський, 32(|)
{"#",47e6dd42-cd5c-4e3a-9bc4-14816ed53d38,66:9ce9001517d39cec11e484413cd7e9e2}(|){"#",a2b5aac2-33a7-41ec-878c-7dd928ac85cf,184:ae9a001517d39cec11e3fca55ca71e0e}(|)Авторинок Автомобільний, Суми, Сумська(|)місце № 16
{"#",47e6dd42-cd5c-4e3a-9bc4-14816ed53d38,66:ae9a001517d39cec11e3fca0db67c62e}(|){"#",a2b5aac2-33a7-41ec-878c-7dd928ac85cf,184:ae9a001517d39cec11e3fca55ca71e0e}(|)Авторинок Автомобільний, Суми, Сумська(|)
{"#",47e6dd42-cd5c-4e3a-9bc4-14816ed53d38,66:ae9a001517d39cec11e3fca3e979644a}(|){"#",a2b5aac2-33a7-41ec-878c-7dd928ac85cf,184:ae9a001517d39cec11e3fca55ca71e10}(|)Авторинок Олексіївський, Харків, Харківська(|)місце 68
{"#",47e6dd42-cd5c-4e3a-9bc4-14816ed53d38,66:ae9a001517d39cec11e3fca2873ee2a2}(|){"#",a2b5aac2-33a7-41ec-878c-7dd928ac85cf,184:ae9a001517d39cec11e3fca55ca71e13}(|)Авторинок ПОКРОВСЬКИЙ, м.Донецьк(|)
{"#",47e6dd42-cd5c-4e3a-9bc4-14816ed53d38,66:ae9a001517d39cec11e3fca3b29c2737}(|){"#",a2b5aac2-33a7-41ec-878c-7dd928ac85cf,184:ae9a001517d39cec11e3fca55ca71e15}(|)П'ятихатки, Дніпропетровська, вул.Шкільна, 94(|)
{"#",47e6dd42-cd5c-4e3a-9bc4-14816ed53d38,66:9c80001517d39cec11e4980b3aebae06}(|){"#",a2b5aac2-33a7-41ec-878c-7dd928ac85cf,184:ae9a001517d39cec11e3fca55ca71e17}(|)Київ, Київська, вул.Сосніних Сім'ї, 9-А(|)
{"#",47e6dd42-cd5c-4e3a-9bc4-14816ed53d38,66:ae9a001517d39cec11e3fca3880c6ca5}(|){"#",a2b5aac2-33a7-41ec-878c-7dd928ac85cf,184:ae9a001517d39cec11e3fca55ca71e17}(|)Київ, Київська, вул.Сосніних Сім'ї, 9-А(|)
{"#",47e6dd42-cd5c-4e3a-9bc4-14816ed53d38,66:ae9a001517d39cec11e3fca073dc657e}(|){"#",a2b5aac2-33a7-41ec-878c-7dd928ac85cf,184:ae9a001517d39cec11e3fca55ca71e19}(|)Охтирка, Сумська, вул.Київська, 20(|)Авторинок Охтирка, Охтирка, Сумська, Сумська
{"#",47e6dd42-cd5c-4e3a-9bc4-14816ed53d38,66:ae9a001517d39cec11e3fca073dc6590}(|){"#",a2b5aac2-33a7-41ec-878c-7dd928ac85cf,184:ae9a001517d39cec11e3fca55ca71e19}(|)Охтирка, Сумська, вул.Київська, 20(|)Авторинок Охтирка, Охтирка, Сумська, Сумська
{"#",47e6dd42-cd5c-4e3a-9bc4-14816ed53d38,66:ae9a001517d39cec11e3fca0c2dfd42d}(|){"#",a2b5aac2-33a7-41ec-878c-7dd928ac85cf,184:ae9a001517d39cec11e3fca55ca71e19}(|)Охтирка, Сумська, вул.Київська, 20(|)Авторинок Охтирка, Охтирка, Сумська, Сумська
{"#",47e6dd42-cd5c-4e3a-9bc4-14816ed53d38,66:ae9a001517d39cec11e3fca106521a28}(|){"#",a2b5aac2-33a7-41ec-878c-7dd928ac85cf,184:ae9a001517d39cec11e3fca55ca71e19}(|)Охтирка, Сумська, вул.Київська, 20(|)
{"#",47e6dd42-cd5c-4e3a-9bc4-14816ed53d38,66:ae9a001517d39cec11e3fca106521a3d}(|){"#",a2b5aac2-33a7-41ec-878c-7dd928ac85cf,184:ae9a001517d39cec11e3fca55ca71e19}(|)Охтирка, Сумська, вул.Київська, 20(|)Авторинок Охтирка, Охтирка, Сумська, Сумська
{"#",47e6dd42-cd5c-4e3a-9bc4-14816ed53d38,66:ae9a001517d39cec11e3fca17a61d35e}(|){"#",a2b5aac2-33a7-41ec-878c-7dd928ac85cf,184:ae9a001517d39cec11e3fca55ca71e19}(|)Охтирка, Сумська, вул.Київська, 20(|)Авторинок Охтирка, Охтирка, Сумська, Сумська
{"#",47e6dd42-cd5c-4e3a-9bc4-14816ed53d38,66:ae9a001517d39cec11e3fca19efe0f5c}(|){"#",a2b5aac2-33a7-41ec-878c-7dd928ac85cf,184:ae9a001517d39cec11e3fca55ca71e19}(|)Охтирка, Сумська, вул.Київська, 20(|)
{"#",47e6dd42-cd5c-4e3a-9bc4-14816ed53d38,66:ae9a001517d39cec11e3fca1a4ffdc1b}(|){"#",a2b5aac2-33a7-41ec-878c-7dd928ac85cf,184:ae9a001517d39cec11e3fca55ca71e19}(|)Охтирка, Сумська, вул.Київська, 20(|)Авторинок Охтирка, Охтирка, Сумська, Сумська
{"#",47e6dd42-cd5c-4e3a-9bc4-14816ed53d38,66:ae9a001517d39cec11e3fca1c39cadae}(|){"#",a2b5aac2-33a7-41ec-878c-7dd928ac85cf,184:ae9a001517d39cec11e3fca55ca71e19}(|)Охтирка, Сумська, вул.Київська, 20(|)Авторинок Охтирка, Охтирка, Сумська, Сумська
{"#",47e6dd42-cd5c-4e3a-9bc4-14816ed53d38,66:ae9a001517d39cec11e3fca1e85585e8}(|){"#",a2b5aac2-33a7-41ec-878c-7dd928ac85cf,184:ae9a001517d39cec11e3fca55ca71e19}(|)Охтирка, Сумська, вул.Київська, 20(|)Авторинок Охтирка, Охтирка, Сумська, Сумська
{"#",47e6dd42-cd5c-4e3a-9bc4-14816ed53d38,66:ae9a001517d39cec11e3fca24a53ed0a}(|){"#",a2b5aac2-33a7-41ec-878c-7dd928ac85cf,184:ae9a001517d39cec11e3fca55ca71e19}(|)Охтирка, Сумська, вул.Київська, 20(|)Авторинок Охтирка, Охтирка, Сумська, Сумська
{"#",47e6dd42-cd5c-4e3a-9bc4-14816ed53d38,66:ae9a001517d39cec11e3fca25cb64f0d}(|){"#",a2b5aac2-33a7-41ec-878c-7dd928ac85cf,184:ae9a001517d39cec11e3fca55ca71e19}(|)Охтирка, Сумська, вул.Київська, 20(|)Авторинок Охтирка, Охтирка, Сумська, Сумська
{"#",47e6dd42-cd5c-4e3a-9bc4-14816ed53d38,66:ae9a001517d39cec11e3fca29f94c339}(|){"#",a2b5aac2-33a7-41ec-878c-7dd928ac85cf,184:ae9a001517d39cec11e3fca55ca71e19}(|)Охтирка, Сумська, вул.Київська, 20(|)095-026-23-85
{"#",47e6dd42-cd5c-4e3a-9bc4-14816ed53d38,66:ae9a001517d39cec11e3fca34b394e86}(|){"#",a2b5aac2-33a7-41ec-878c-7dd928ac85cf,184:ae9a001517d39cec11e3fca55ca71e19}(|)Охтирка, Сумська, вул.Київська, 20(|)Авторинок Охтирка, Охтирка, Сумська, Сумська
{"#",47e6dd42-cd5c-4e3a-9bc4-14816ed53d38,66:ae9a001517d39cec11e3fca34b394e87}(|){"#",a2b5aac2-33a7-41ec-878c-7dd928ac85cf,184:ae9a001517d39cec11e3fca55ca71e19}(|)Охтирка, Сумська, вул.Київська, 20(|)Авторинок Охтирка, Охтирка, Сумська, Сумська
{"#",47e6dd42-cd5c-4e3a-9bc4-14816ed53d38,66:ae9a001517d39cec11e3fca3cae87e87}(|){"#",a2b5aac2-33a7-41ec-878c-7dd928ac85cf,184:ae9a001517d39cec11e3fca55ca71e19}(|)Охтирка, Сумська, вул.Київська, 20(|)Авторинок Охтирка, Охтирка, Сумська, Сумська
{"#",47e6dd42-cd5c-4e3a-9bc4-14816ed53d38,66:ae9a001517d39cec11e3fca2ca732b8c}(|){"#",a2b5aac2-33a7-41ec-878c-7dd928ac85cf,184:ae9a001517d39cec11e3fca55ca71e1b}(|)Іванків (Іванківський р-н), Київська, вул.Проскури Івана, 82(|)
{"#",47e6dd42-cd5c-4e3a-9bc4-14816ed53d38,66:aa900025909438d711e893c7c539271c}(|){"#",a2b5aac2-33a7-41ec-878c-7dd928ac85cf,184:ae9a001517d39cec11e3fca562b273f4}(|)Авторинок Рублевка, Крюківщина, Київська(|)
{"#",47e6dd42-cd5c-4e3a-9bc4-14816ed53d38,66:aa900025909438d711e89716a10dc7f9}(|){"#",a2b5aac2-33a7-41ec-878c-7dd928ac85cf,184:ae9a001517d39cec11e3fca562b273f4}(|)Авторинок Рублевка, Крюківщина, Київська(|)
{"#",47e6dd42-cd5c-4e3a-9bc4-14816ed53d38,66:ae9a001517d39cec11e3fca25cb64f15}(|){"#",a2b5aac2-33a7-41ec-878c-7dd928ac85cf,184:ae9a001517d39cec11e3fca562b273f4}(|)Авторинок Рублевка, Крюківщина, Київська(|)
{"#",47e6dd42-cd5c-4e3a-9bc4-14816ed53d38,66:ae9a001517d39cec11e3fca37bdde8bb}(|){"#",a2b5aac2-33a7-41ec-878c-7dd928ac85cf,184:ae9a001517d39cec11e3fca562b273f6}(|)Петриківка, Дніпропетровська, вул.Калініна, 52(|)
{"#",47e6dd42-cd5c-4e3a-9bc4-14816ed53d38,66:ae9a001517d39cec11e3fca1dc32edd3}(|){"#",a2b5aac2-33a7-41ec-878c-7dd928ac85cf,184:ae9a001517d39cec11e3fca562b273f8}(|)Дніпро, Дніпропетровська, вул.Кротова Бориса, 15(|)
{"#",47e6dd42-cd5c-4e3a-9bc4-14816ed53d38,66:ae9a001517d39cec11e3fca26edab3e9}(|){"#",a2b5aac2-33a7-41ec-878c-7dd928ac85cf,184:ae9a001517d39cec11e3fca562b273fb}(|)Дніпро, Дніпропетровська, мікрорайонТополь 2 ж.м., 2(|)
{"#",47e6dd42-cd5c-4e3a-9bc4-14816ed53d38,66:ae9a001517d39cec11e3fca09859a2e8}(|){"#",a2b5aac2-33a7-41ec-878c-7dd928ac85cf,184:ae9a001517d39cec11e3fca562b273fd}(|)Дніпро, Дніпропетровська, шосеЗапорізьке, 27(|)
{"#",47e6dd42-cd5c-4e3a-9bc4-14816ed53d38,66:ae9a001517d39cec11e3fca186c00645}(|){"#",a2b5aac2-33a7-41ec-878c-7dd928ac85cf,184:ae9a001517d39cec11e3fca562b27400}(|)Дніпро, Дніпропетровська, вул.20 років Перемоги, 20(|)
{"#",47e6dd42-cd5c-4e3a-9bc4-14816ed53d38,66:ae9a001517d39cec11e3fca17a61d35f}(|){"#",a2b5aac2-33a7-41ec-878c-7dd928ac85cf,184:ae9a001517d39cec11e3fca562b27402}(|)Дніпро, Дніпропетровська, вул.Криворізька, 10(|)
{"#",47e6dd42-cd5c-4e3a-9bc4-14816ed53d38,66:974f001517d39cec11e7b7d076c229ea}(|){"#",a2b5aac2-33a7-41ec-878c-7dd928ac85cf,184:ae9a001517d39cec11e3fca562b27404}(|)Кам'янське(Дніпропетровська обл), Дніпропетровська, вул.Грушевського Михайла (Димитрова), 18(|)
{"#",47e6dd42-cd5c-4e3a-9bc4-14816ed53d38,66:ae9a001517d39cec11e3fca2e3450668}(|){"#",a2b5aac2-33a7-41ec-878c-7dd928ac85cf,184:ae9a001517d39cec11e3fca562b27404}(|)Кам'янське(Дніпропетровська обл), Дніпропетровська, вул.Грушевського Михайла (Димитрова), 18(|)097-518-01-85 Женя директор
{"#",47e6dd42-cd5c-4e3a-9bc4-14816ed53d38,66:ae9a001517d39cec11e3fca35171f15e}(|){"#",a2b5aac2-33a7-41ec-878c-7dd928ac85cf,184:ae9a001517d39cec11e3fca562b27406}(|)Дніпро, Дніпропетровська, просп.Слобожанський (Газети «Правда»), 113(|)
{"#",47e6dd42-cd5c-4e3a-9bc4-14816ed53d38,66:ae9a001517d39cec11e3fca35171f15e}(|){"#",a2b5aac2-33a7-41ec-878c-7dd928ac85cf,184:ae9a001517d39cec11e3fca562b27408}(|)Дніпро, Дніпропетровська, шосеЛенінградське, 59(|)
{"#",47e6dd42-cd5c-4e3a-9bc4-14816ed53d38,66:ae9a001517d39cec11e3fca17a61d363}(|){"#",a2b5aac2-33a7-41ec-878c-7dd928ac85cf,184:ae9a001517d39cec11e3fca562b2740e}(|)Чернігів, Чернігівська, вул.Доценка, 18(|)
{"#",47e6dd42-cd5c-4e3a-9bc4-14816ed53d38,66:ae9a001517d39cec11e3fca1808c2821}(|){"#",a2b5aac2-33a7-41ec-878c-7dd928ac85cf,184:ae9a001517d39cec11e3fca562b27410}(|)Чернігів, Чернігівська, вул.Громадська (Борисенка), 45(|)
{"#",47e6dd42-cd5c-4e3a-9bc4-14816ed53d38,66:ae9a001517d39cec11e3fca24a53ed19}(|){"#",a2b5aac2-33a7-41ec-878c-7dd928ac85cf,184:ae9a001517d39cec11e3fca562b27410}(|)Чернігів, Чернігівська, вул.Громадська (Борисенка), 45(|)
{"#",47e6dd42-cd5c-4e3a-9bc4-14816ed53d38,66:ae9a001517d39cec11e3fca3d7313c31}(|){"#",a2b5aac2-33a7-41ec-878c-7dd928ac85cf,184:ae9a001517d39cec11e3fca562b27412}(|)Чернігів, Чернігівська, вул.Рокосовського, 70(|)
{"#",47e6dd42-cd5c-4e3a-9bc4-14816ed53d38,66:ae9a001517d39cec11e3fca206c2a880}(|){"#",a2b5aac2-33a7-41ec-878c-7dd928ac85cf,184:ae9a001517d39cec11e3fca562b27414}(|)Чернігів, Чернігівська, вул.1-го Травня, 165/1(|)
{"#",47e6dd42-cd5c-4e3a-9bc4-14816ed53d38,66:ae9a001517d39cec11e3fca2e3450666}(|){"#",a2b5aac2-33a7-41ec-878c-7dd928ac85cf,184:ae9a001517d39cec11e3fca562b27414}(|)Чернігів, Чернігівська, вул.1-го Травня, 165/1(|)
{"#",47e6dd42-cd5c-4e3a-9bc4-14816ed53d38,66:ae9a001517d39cec11e3fca23e197d6b}(|){"#",a2b5aac2-33a7-41ec-878c-7dd928ac85cf,184:ae9a001517d39cec11e3fca562b27416}(|)Чернігів, Чернігівська, вул.Пухова Генерала, 49(|)
{"#",47e6dd42-cd5c-4e3a-9bc4-14816ed53d38,66:ae9a001517d39cec11e3fca2750c2fb5}(|){"#",a2b5aac2-33a7-41ec-878c-7dd928ac85cf,184:ae9a001517d39cec11e3fca562b27418}(|)Чернігів, Чернігівська, вул.Толстого, 147(|)
{"#",47e6dd42-cd5c-4e3a-9bc4-14816ed53d38,66:ae9a001517d39cec11e3fca3d7313c38}(|){"#",a2b5aac2-33a7-41ec-878c-7dd928ac85cf,184:ae9a001517d39cec11e3fca562b27418}(|)Чернігів, Чернігівська, вул.Толстого, 147(|)
{"#",47e6dd42-cd5c-4e3a-9bc4-14816ed53d38,66:ae9a001517d39cec11e3fca0edab29a1}(|){"#",a2b5aac2-33a7-41ec-878c-7dd928ac85cf,184:ae9a001517d39cec11e3fca562b2741a}(|)Чернігів, Чернігівська, вул.Любецька, 66(|)
{"#",47e6dd42-cd5c-4e3a-9bc4-14816ed53d38,66:ae9a001517d39cec11e3fca2d0a96bf6}(|){"#",a2b5aac2-33a7-41ec-878c-7dd928ac85cf,184:ae9a001517d39cec11e3fca562b27422}(|)Хмельницький, Хмельницька, вул.Заводська, 161(|)
{"#",47e6dd42-cd5c-4e3a-9bc4-14816ed53d38,66:ae9a001517d39cec11e3fca369ad982d}(|){"#",a2b5aac2-33a7-41ec-878c-7dd928ac85cf,184:ae9a001517d39cec11e3fca562b27424}(|)вул.28 Июня буд № 12, м.Ізмаіл, Одеська обл.(|)
{"#",47e6dd42-cd5c-4e3a-9bc4-14816ed53d38,66:ae9a001517d39cec11e3fca2b1eb3972}(|){"#",a2b5aac2-33a7-41ec-878c-7dd928ac85cf,184:ae9a001517d39cec11e3fca562b27426}(|)Авторинок Вересневий, Київ, Київська(|)
{"#",47e6dd42-cd5c-4e3a-9bc4-14816ed53d38,66:ae9a001517d39cec11e3fca2f5ea2a3f}(|){"#",a2b5aac2-33a7-41ec-878c-7dd928ac85cf,184:ae9a001517d39cec11e3fca562b27428}(|)Советська 10 маг.МЕГААВТО, м.Луганськ(|)050-648-03-81
{"#",47e6dd42-cd5c-4e3a-9bc4-14816ed53d38,66:ae9a001517d39cec11e3fca2d0a96bfe}(|){"#",a2b5aac2-33a7-41ec-878c-7dd928ac85cf,184:ae9a001517d39cec11e3fca562b2742b}(|)Ірпінь, Київська, смт.Гостомель, Леніна110(|)
{"#",47e6dd42-cd5c-4e3a-9bc4-14816ed53d38,66:ae9a001517d39cec11e3fca2c4526037}(|){"#",a2b5aac2-33a7-41ec-878c-7dd928ac85cf,184:ae9a001517d39cec11e3fca562b2742d}(|)Херсон, Херсонська, вул.Бєлінського, 19(|)
{"#",47e6dd42-cd5c-4e3a-9bc4-14816ed53d38,66:ae9a001517d39cec11e3fca2d0a96bf8}(|){"#",a2b5aac2-33a7-41ec-878c-7dd928ac85cf,184:ae9a001517d39cec11e3fca562b2742d}(|)Херсон, Херсонська, вул.Бєлінського, 19(|)
{"#",47e6dd42-cd5c-4e3a-9bc4-14816ed53d38,66:ae9a001517d39cec11e3fca219951904}(|){"#",a2b5aac2-33a7-41ec-878c-7dd928ac85cf,184:ae9a001517d39cec11e3fca562b27431}(|)Київ, Київська, пров.Щербакова, 45-А(|)
{"#",47e6dd42-cd5c-4e3a-9bc4-14816ed53d38,66:ae9a001517d39cec11e3fca2d0a96bf5}(|){"#",a2b5aac2-33a7-41ec-878c-7dd928ac85cf,184:ae9a001517d39cec11e3fca562b27433}(|)Авторинок Ореховський, Запоріжжя, Запорізька(|)
{"#",47e6dd42-cd5c-4e3a-9bc4-14816ed53d38,66:ae9a001517d39cec11e3fca0e787fbf9}(|){"#",a2b5aac2-33a7-41ec-878c-7dd928ac85cf,184:ae9a001517d39cec11e3fca562b27435}(|)Димер, Київська, вул.Соборна (Леніна), 96(|)
{"#",47e6dd42-cd5c-4e3a-9bc4-14816ed53d38,66:ae9a001517d39cec11e3fca2d0a96bf7}(|){"#",a2b5aac2-33a7-41ec-878c-7dd928ac85cf,184:ae9a001517d39cec11e3fca562b27437}(|)Київ, Київська, просп.Гагаріна, 10/2(|)
{"#",47e6dd42-cd5c-4e3a-9bc4-14816ed53d38,66:ae9a001517d39cec11e3fca35da9feac}(|){"#",a2b5aac2-33a7-41ec-878c-7dd928ac85cf,184:ae9a001517d39cec11e3fca562b27439}(|)Одеса, Одеська, вул.Балківська, 12/1(|)
{"#",47e6dd42-cd5c-4e3a-9bc4-14816ed53d38,66:ae9a001517d39cec11e3fca363a2420c}(|){"#",a2b5aac2-33a7-41ec-878c-7dd928ac85cf,184:ae9a001517d39cec11e3fca562b2743b}(|)м.Донецьк(|)нова пошта склад 20
{"#",47e6dd42-cd5c-4e3a-9bc4-14816ed53d38,66:ae9a001517d39cec11e3fca2f5ea2a3f}(|){"#",a2b5aac2-33a7-41ec-878c-7dd928ac85cf,184:ae9a001517d39cec11e3fca562b2743d}(|)Вінниця, Вінницька, вул.Пирогова, 154-А(|)099-933-31-10
{"#",47e6dd42-cd5c-4e3a-9bc4-14816ed53d38,66:ae9a001517d39cec11e3fca35da9feae}(|){"#",a2b5aac2-33a7-41ec-878c-7dd928ac85cf,184:ae9a001517d39cec11e3fca562b27440}(|)Чижевського буд № 1, м.Макіївка, Донецька обл.(|)
{"#",47e6dd42-cd5c-4e3a-9bc4-14816ed53d38,66:9c80001517d39cec11e49fc21125078e}(|){"#",a2b5aac2-33a7-41ec-878c-7dd928ac85cf,184:ae9a001517d39cec11e3fca562b27442}(|)Нікополь (Дніпропетровська обл.), Дніпропетровська, вул.Електрометалургів, 224/1(|)
{"#",47e6dd42-cd5c-4e3a-9bc4-14816ed53d38,66:ae9a001517d39cec11e3fca32695eb8a}(|){"#",a2b5aac2-33a7-41ec-878c-7dd928ac85cf,184:ae9a001517d39cec11e3fca562b27442}(|)Нікополь (Дніпропетровська обл.), Дніпропетровська, вул.Електрометалургів, 224/1(|)
{"#",47e6dd42-cd5c-4e3a-9bc4-14816ed53d38,66:ae9a001517d39cec11e3fca562b27445}(|){"#",a2b5aac2-33a7-41ec-878c-7dd928ac85cf,184:ae9a001517d39cec11e3fca562b27444}(|)Куйбишева буд № 131, м.Донецьк(|)
{"#",47e6dd42-cd5c-4e3a-9bc4-14816ed53d38,66:ae9a001517d39cec11e3fca244358413}(|){"#",a2b5aac2-33a7-41ec-878c-7dd928ac85cf,184:ae9a001517d39cec11e3fca568aab74e}(|)Київ, Київська, вул.Зодчих, 5(|)
{"#",47e6dd42-cd5c-4e3a-9bc4-14816ed53d38,66:ae9a001517d39cec11e3fca3e979644d}(|){"#",a2b5aac2-33a7-41ec-878c-7dd928ac85cf,184:ae9a001517d39cec11e3fca568aab750}(|)Харків, Харківська, вул.Зубарєва, 65(|)
{"#",47e6dd42-cd5c-4e3a-9bc4-14816ed53d38,66:ae9a001517d39cec11e3fca37bdde8c3}(|){"#",a2b5aac2-33a7-41ec-878c-7dd928ac85cf,184:ae9a001517d39cec11e3fca568aab753}(|)Київ, Київська, вул.Зодчих, 5(|)
{"#",47e6dd42-cd5c-4e3a-9bc4-14816ed53d38,66:ae9a001517d39cec11e3fca3a07a24c5}(|){"#",a2b5aac2-33a7-41ec-878c-7dd928ac85cf,184:ae9a001517d39cec11e3fca568aab755}(|)Одеса, Одеська, вул.Стовпова, 83(|)
{"#",47e6dd42-cd5c-4e3a-9bc4-14816ed53d38,66:ae9a001517d39cec11e3fca568aab758}(|){"#",a2b5aac2-33a7-41ec-878c-7dd928ac85cf,184:ae9a001517d39cec11e3fca568aab757}(|)Бровари, Київська, вул.Оникієнка Олега (Кутузова), 125(|)
{"#",47e6dd42-cd5c-4e3a-9bc4-14816ed53d38,66:ae9a001517d39cec11e3fca22beb8f39}(|){"#",a2b5aac2-33a7-41ec-878c-7dd928ac85cf,184:ae9a001517d39cec11e3fca568aab75a}(|)Авторинок Жуляни, Київ, Київська(|)
{"#",47e6dd42-cd5c-4e3a-9bc4-14816ed53d38,66:ae9a001517d39cec11e3fca174541ae1}(|){"#",a2b5aac2-33a7-41ec-878c-7dd928ac85cf,184:ae9a001517d39cec11e3fca568aab75c}(|)Конотоп, Сумська, вул.Чайковського, 37/2(|)
{"#",47e6dd42-cd5c-4e3a-9bc4-14816ed53d38,66:ae9a001517d39cec11e3fca1ee765141}(|){"#",a2b5aac2-33a7-41ec-878c-7dd928ac85cf,184:ae9a001517d39cec11e3fca568aab75e}(|)Гребінки (Київська обл.), Київська, вул.Київська, 160(|)
{"#",47e6dd42-cd5c-4e3a-9bc4-14816ed53d38,66:ae9a001517d39cec11e3fca568aab761}(|){"#",a2b5aac2-33a7-41ec-878c-7dd928ac85cf,184:ae9a001517d39cec11e3fca568aab760}(|)Київ, Київська, вул.Робітнича, 2-А(|)
{"#",47e6dd42-cd5c-4e3a-9bc4-14816ed53d38,66:ae9a001517d39cec11e3fca2ef9c1244}(|){"#",a2b5aac2-33a7-41ec-878c-7dd928ac85cf,184:ae9a001517d39cec11e3fca568aab763}(|)Авторинок Жуляни, Київ, Київська(|)
{"#",47e6dd42-cd5c-4e3a-9bc4-14816ed53d38,66:ae9a001517d39cec11e3fca36fc4da0f}(|){"#",a2b5aac2-33a7-41ec-878c-7dd928ac85cf,184:ae9a001517d39cec11e3fca568aab765}(|)Авторинок Жуляни, Київ, Київська(|)
{"#",47e6dd42-cd5c-4e3a-9bc4-14816ed53d38,66:ae9a001517d39cec11e3fca568aab768}(|){"#",a2b5aac2-33a7-41ec-878c-7dd928ac85cf,184:ae9a001517d39cec11e3fca568aab767}(|)Київ, Київська, вул.Стеценка, 19/91(|)
{"#",47e6dd42-cd5c-4e3a-9bc4-14816ed53d38,66:ae9a001517d39cec11e3fca363a241fc}(|){"#",a2b5aac2-33a7-41ec-878c-7dd928ac85cf,184:ae9a001517d39cec11e3fca568aab76a}(|)Київ, Київська, вул.Оноре де Бальзака, 12(|)
{"#",47e6dd42-cd5c-4e3a-9bc4-14816ed53d38,66:ae9a001517d39cec11e3fca568aab76d}(|){"#",a2b5aac2-33a7-41ec-878c-7dd928ac85cf,184:ae9a001517d39cec11e3fca568aab76c}(|)Вишгород, Київська, вул.Новопромислова, 25-Г(|)
{"#",47e6dd42-cd5c-4e3a-9bc4-14816ed53d38,66:ae9a001517d39cec11e3fca36fc4da10}(|){"#",a2b5aac2-33a7-41ec-878c-7dd928ac85cf,184:ae9a001517d39cec11e3fca568aab76f}(|)Бердянск(|)
{"#",47e6dd42-cd5c-4e3a-9bc4-14816ed53d38,66:ae9a001517d39cec11e3fca36fc4da11}(|){"#",a2b5aac2-33a7-41ec-878c-7dd928ac85cf,184:ae9a001517d39cec11e3fca568aab771}(|)Суми, Сумська, вул.Харківська, 111(|)
{"#",47e6dd42-cd5c-4e3a-9bc4-14816ed53d38,66:ae9a001517d39cec11e3fca2abb4f906}(|){"#",a2b5aac2-33a7-41ec-878c-7dd928ac85cf,184:ae9a001517d39cec11e3fca568aab773}(|)Авторинок Спортек, Полтава, Полтавська(|)
{"#",47e6dd42-cd5c-4e3a-9bc4-14816ed53d38,66:ae9a001517d39cec11e3fca36fc4da13}(|){"#",a2b5aac2-33a7-41ec-878c-7dd928ac85cf,184:ae9a001517d39cec11e3fca568aab773}(|)Авторинок Спортек, Полтава, Полтавська(|)місце 160Б
{"#",47e6dd42-cd5c-4e3a-9bc4-14816ed53d38,66:ae9a001517d39cec11e3fca375de7e59}(|){"#",a2b5aac2-33a7-41ec-878c-7dd928ac85cf,184:ae9a001517d39cec11e3fca568aab773}(|)Авторинок Спортек, Полтава, Полтавська(|)
{"#",47e6dd42-cd5c-4e3a-9bc4-14816ed53d38,66:ae9a001517d39cec11e3fca568aab775}(|){"#",a2b5aac2-33a7-41ec-878c-7dd928ac85cf,184:ae9a001517d39cec11e3fca568aab773}(|)Авторинок Спортек, Полтава, Полтавська(|)місце 25
{"#",47e6dd42-cd5c-4e3a-9bc4-14816ed53d38,66:ae9a001517d39cec11e3fca28d4c9b1a}(|){"#",a2b5aac2-33a7-41ec-878c-7dd928ac85cf,184:ae9a001517d39cec11e3fca568aab779}(|)Авторинок Авторинок, Кременчук, Полтавська(|)
{"#",47e6dd42-cd5c-4e3a-9bc4-14816ed53d38,66:ae9a001517d39cec11e3fca2fc121c9a}(|){"#",a2b5aac2-33a7-41ec-878c-7dd928ac85cf,184:ae9a001517d39cec11e3fca568aab77c}(|)Харків, Харківська, вул.Шекспіра, 24(|)
{"#",47e6dd42-cd5c-4e3a-9bc4-14816ed53d38,66:ae9a001517d39cec11e3fca32085d0a4}(|){"#",a2b5aac2-33a7-41ec-878c-7dd928ac85cf,184:ae9a001517d39cec11e3fca568aab77f}(|)Дніпро, Дніпропетровська, шосеДонецьке, 135(|)
{"#",47e6dd42-cd5c-4e3a-9bc4-14816ed53d38,66:ae9a001517d39cec11e3fca149a09cfc}(|){"#",a2b5aac2-33a7-41ec-878c-7dd928ac85cf,184:ae9a001517d39cec11e3fca568aab781}(|)Кривий Ріг, Дніпропетровська, вул.Мусоргського, 27(|)
{"#",47e6dd42-cd5c-4e3a-9bc4-14816ed53d38,66:ae9a001517d39cec11e3fca08c2d8177}(|){"#",a2b5aac2-33a7-41ec-878c-7dd928ac85cf,184:ae9a001517d39cec11e3fca568aab784}(|)Осипенко буд № 78, м. Ізмаїл, Одеська обл.(|)
{"#",47e6dd42-cd5c-4e3a-9bc4-14816ed53d38,66:ae9a001517d39cec11e3fca38214294e}(|){"#",a2b5aac2-33a7-41ec-878c-7dd928ac85cf,184:ae9a001517d39cec11e3fca568aab784}(|)Осипенко буд № 78, м. Ізмаїл, Одеська обл.(|)
{"#",47e6dd42-cd5c-4e3a-9bc4-14816ed53d38,66:ae9a001517d39cec11e3fca32085d0a6}(|){"#",a2b5aac2-33a7-41ec-878c-7dd928ac85cf,184:ae9a001517d39cec11e3fca568aab786}(|)Авторинок Автодром, Харків, Харківська(|)
{"#",47e6dd42-cd5c-4e3a-9bc4-14816ed53d38,66:ae9a001517d39cec11e3fca2812a0316}(|){"#",a2b5aac2-33a7-41ec-878c-7dd928ac85cf,184:ae9a001517d39cec11e3fca568aab788}(|)Авторинок Барабашова, Харків, Харківська(|)
{"#",47e6dd42-cd5c-4e3a-9bc4-14816ed53d38,66:ae9a001517d39cec11e3fca3ac9f1f30}(|){"#",a2b5aac2-33a7-41ec-878c-7dd928ac85cf,184:ae9a001517d39cec11e3fca568aab78a}(|)Авторинок Автодром, Харків, Харківська(|)
{"#",47e6dd42-cd5c-4e3a-9bc4-14816ed53d38,66:ae9a001517d39cec11e3fca262c8cc48}(|){"#",a2b5aac2-33a7-41ec-878c-7dd928ac85cf,184:ae9a001517d39cec11e3fca568aab78d}(|)Чернівці, Чернівецька, вул.Перемоги, 35(|)
{"#",47e6dd42-cd5c-4e3a-9bc4-14816ed53d38,66:ae9a001517d39cec11e3fca345351f6e}(|){"#",a2b5aac2-33a7-41ec-878c-7dd928ac85cf,184:ae9a001517d39cec11e3fca568aab78d}(|)Чернівці, Чернівецька, вул.Перемоги, 35(|)
{"#",47e6dd42-cd5c-4e3a-9bc4-14816ed53d38,66:ae9a001517d39cec11e3fca16217de85}(|){"#",a2b5aac2-33a7-41ec-878c-7dd928ac85cf,184:ae9a001517d39cec11e3fca568aab78f}(|)Вінниця, Вінницька, вул.600-річчя, 17(|)
{"#",47e6dd42-cd5c-4e3a-9bc4-14816ed53d38,66:ae9a001517d39cec11e3fca3a6857af8}(|){"#",a2b5aac2-33a7-41ec-878c-7dd928ac85cf,184:ae9a001517d39cec11e3fca568aab78f}(|)Вінниця, Вінницька, вул.600-річчя, 17(|)
{"#",47e6dd42-cd5c-4e3a-9bc4-14816ed53d38,66:ae9a001517d39cec11e3fca568aab794}(|){"#",a2b5aac2-33a7-41ec-878c-7dd928ac85cf,184:ae9a001517d39cec11e3fca568aab792}(|)Львів, Львівська, вул.Буйка Професора, 6(|)
{"#",47e6dd42-cd5c-4e3a-9bc4-14816ed53d38,66:ae9a001517d39cec11e3fca2b810c987}(|){"#",a2b5aac2-33a7-41ec-878c-7dd928ac85cf,184:ae9a001517d39cec11e3fca568aab796}(|)Львів, Львівська, вул.Зелена, 117(|)
{"#",47e6dd42-cd5c-4e3a-9bc4-14816ed53d38,66:ae9a001517d39cec11e3fca15c114d14}(|){"#",a2b5aac2-33a7-41ec-878c-7dd928ac85cf,184:ae9a001517d39cec11e3fca56eaee66b}(|)Івано-Франківськ, Івано-Франківська, вул.Коновальця Євгена, 432(|)
{"#",47e6dd42-cd5c-4e3a-9bc4-14816ed53d38,66:ae9a001517d39cec11e3fca5e6aa5d9d}(|){"#",a2b5aac2-33a7-41ec-878c-7dd928ac85cf,184:ae9a001517d39cec11e3fca56eaee66b}(|)Івано-Франківськ, Івано-Франківська, вул.Коновальця Євгена, 432(|)
{"#",47e6dd42-cd5c-4e3a-9bc4-14816ed53d38,66:ae9a001517d39cec11e3fca32085d0a7}(|){"#",a2b5aac2-33a7-41ec-878c-7dd928ac85cf,184:ae9a001517d39cec11e3fca56eaee66f}(|)Степова буд № 9в, м.Татарбунари, Одеська обл.(|)
{"#",47e6dd42-cd5c-4e3a-9bc4-14816ed53d38,66:ae9a001517d39cec11e3fca1e240a65e}(|){"#",a2b5aac2-33a7-41ec-878c-7dd928ac85cf,184:ae9a001517d39cec11e3fca56eaee671}(|)Київ, Київська, вул.Радунська, 1(|)
{"#",47e6dd42-cd5c-4e3a-9bc4-14816ed53d38,66:ae9a001517d39cec11e3fca3e37c5c41}(|){"#",a2b5aac2-33a7-41ec-878c-7dd928ac85cf,184:ae9a001517d39cec11e3fca56eaee673}(|)Хмельницький, Хмельницька, вул.Мудрого Ярослава (Толбухіна), 4(|)
{"#",47e6dd42-cd5c-4e3a-9bc4-14816ed53d38,66:ae9a001517d39cec11e3fca0d533e81c}(|){"#",a2b5aac2-33a7-41ec-878c-7dd928ac85cf,184:ae9a001517d39cec11e3fca56eaee675}(|)Біла Церква, Київська, вул.Толстого, 8(|)
{"#",47e6dd42-cd5c-4e3a-9bc4-14816ed53d38,66:ae9a001517d39cec11e3fca3085150f5}(|){"#",a2b5aac2-33a7-41ec-878c-7dd928ac85cf,184:ae9a001517d39cec11e3fca56eaee679}(|)Хмельницький, Хмельницька, вул.Трудова, 1/1(|)
{"#",47e6dd42-cd5c-4e3a-9bc4-14816ed53d38,66:ae9a001517d39cec11e3fca35171f166}(|){"#",a2b5aac2-33a7-41ec-878c-7dd928ac85cf,184:ae9a001517d39cec11e3fca56eaee679}(|)Хмельницький, Хмельницька, вул.Трудова, 1/1(|)
{"#",47e6dd42-cd5c-4e3a-9bc4-14816ed53d38,66:ae9a001517d39cec11e3fca56eaee67c}(|){"#",a2b5aac2-33a7-41ec-878c-7dd928ac85cf,184:ae9a001517d39cec11e3fca56eaee67b}(|)Кривий Ріг, Дніпропетровська, просп.200-річчя Кривого Рогу, 84(|)
{"#",47e6dd42-cd5c-4e3a-9bc4-14816ed53d38,66:ae9a001517d39cec11e3fca2e96a9678}(|){"#",a2b5aac2-33a7-41ec-878c-7dd928ac85cf,184:ae9a001517d39cec11e3fca56eaee67e}(|)Сарата, Одеська, вул.Осипенко, 14(|)
{"#",47e6dd42-cd5c-4e3a-9bc4-14816ed53d38,66:ae9a001517d39cec11e3fca2ca732b84}(|){"#",a2b5aac2-33a7-41ec-878c-7dd928ac85cf,184:ae9a001517d39cec11e3fca56eaee680}(|)Харків, Харківська, вул.Жуковського, 3-А(|)
{"#",47e6dd42-cd5c-4e3a-9bc4-14816ed53d38,66:ae9a001517d39cec11e3fca1e240a662}(|){"#",a2b5aac2-33a7-41ec-878c-7dd928ac85cf,184:ae9a001517d39cec11e3fca56eaee684}(|)Сарата, Одеська, вул.Чкалова, 50(|)
{"#",47e6dd42-cd5c-4e3a-9bc4-14816ed53d38,66:ae9a001517d39cec11e3fca30218ae16}(|){"#",a2b5aac2-33a7-41ec-878c-7dd928ac85cf,184:ae9a001517d39cec11e3fca56eaee686}(|)Сарата, Одеська, вул.Осипенко, 1(|)
{"#",47e6dd42-cd5c-4e3a-9bc4-14816ed53d38,66:ae9a001517d39cec11e3fca32085d0a8}(|){"#",a2b5aac2-33a7-41ec-878c-7dd928ac85cf,184:ae9a001517d39cec11e3fca56eaee688}(|)Суворова(ц-ий ринок) буд № 982, м.Ізмаїл, Одеська обл.(|)
{"#",47e6dd42-cd5c-4e3a-9bc4-14816ed53d38,66:ae9a001517d39cec11e3fca375de7e54}(|){"#",a2b5aac2-33a7-41ec-878c-7dd928ac85cf,184:ae9a001517d39cec11e3fca56eaee68a}(|)Болградська буд № 80, м.Ізмаїл, Одеська обл.(|)
{"#",47e6dd42-cd5c-4e3a-9bc4-14816ed53d38,66:ae9a001517d39cec11e3fca2e96a9677}(|){"#",a2b5aac2-33a7-41ec-878c-7dd928ac85cf,184:ae9a001517d39cec11e3fca56eaee68c}(|)Авторинок Автобазар, Білгород-Дністровський, Одеська(|)
{"#",47e6dd42-cd5c-4e3a-9bc4-14816ed53d38,66:ae9a001517d39cec11e3fca2812a0318}(|){"#",a2b5aac2-33a7-41ec-878c-7dd928ac85cf,184:ae9a001517d39cec11e3fca56eaee68e}(|)Тура буд № 77, м.Татарбунари, Одеська обл.(|)
{"#",47e6dd42-cd5c-4e3a-9bc4-14816ed53d38,66:ae9a001517d39cec11e3fca118d37abd}(|){"#",a2b5aac2-33a7-41ec-878c-7dd928ac85cf,184:ae9a001517d39cec11e3fca56eaee690}(|)Київ, Київська, вул.Електротехнічна, 45(|)
{"#",47e6dd42-cd5c-4e3a-9bc4-14816ed53d38,66:ae9a001517d39cec11e3fca32085d0a2}(|){"#",a2b5aac2-33a7-41ec-878c-7dd928ac85cf,184:ae9a001517d39cec11e3fca56eaee690}(|)Київ, Київська, вул.Електротехнічна, 45(|)
{"#",47e6dd42-cd5c-4e3a-9bc4-14816ed53d38,66:ae9a001517d39cec11e3fca332c46f50}(|){"#",a2b5aac2-33a7-41ec-878c-7dd928ac85cf,184:ae9a001517d39cec11e3fca56eaee690}(|)Київ, Київська, вул.Електротехнічна, 45(|)
{"#",47e6dd42-cd5c-4e3a-9bc4-14816ed53d38,66:ae9a001517d39cec11e3fecfc0bf6188}(|){"#",a2b5aac2-33a7-41ec-878c-7dd928ac85cf,184:ae9a001517d39cec11e3fca56eaee690}(|)Київ, Київська, вул.Електротехнічна, 45(|)
{"#",47e6dd42-cd5c-4e3a-9bc4-14816ed53d38,66:ae9a001517d39cec11e3fca1bd74bb4e}(|){"#",a2b5aac2-33a7-41ec-878c-7dd928ac85cf,184:ae9a001517d39cec11e3fca56eaee692}(|)Вишневе, Київська, вул.Київська, 8-А(|)
{"#",47e6dd42-cd5c-4e3a-9bc4-14816ed53d38,66:ae9a001517d39cec11e3fca262c8cc38}(|){"#",a2b5aac2-33a7-41ec-878c-7dd928ac85cf,184:ae9a001517d39cec11e3fca56eaee692}(|)Вишневе, Київська, вул.Київська, 8-А(|)
{"#",47e6dd42-cd5c-4e3a-9bc4-14816ed53d38,66:ae9a001517d39cec11e3fca3880c6c92}(|){"#",a2b5aac2-33a7-41ec-878c-7dd928ac85cf,184:ae9a001517d39cec11e3fca56eaee694}(|)Арциз, Одеська, вул.Маркса Карла, 56(|)
{"#",47e6dd42-cd5c-4e3a-9bc4-14816ed53d38,66:ae9a001517d39cec11e3fca332c46f53}(|){"#",a2b5aac2-33a7-41ec-878c-7dd928ac85cf,184:ae9a001517d39cec11e3fca56eaee696}(|)Тура буд № 10, м.Татарбунари, Одеська обл.(|)
{"#",47e6dd42-cd5c-4e3a-9bc4-14816ed53d38,66:ae9a001517d39cec11e3fca3e37c5c44}(|){"#",a2b5aac2-33a7-41ec-878c-7dd928ac85cf,184:ae9a001517d39cec11e3fca56eaee69a}(|)Центр.базар, конт.№1116, м.Ізмаїл, Одеська обл.(|)
{"#",47e6dd42-cd5c-4e3a-9bc4-14816ed53d38,66:ae9a001517d39cec11e3fca56eaee69d}(|){"#",a2b5aac2-33a7-41ec-878c-7dd928ac85cf,184:ae9a001517d39cec11e3fca56eaee69c}(|)Київ, Київська, с.Софіївська Борщагівка, Толстого2(|)
{"#",47e6dd42-cd5c-4e3a-9bc4-14816ed53d38,66:ae9a001517d39cec11e3fca2dd15ecf3}(|){"#",a2b5aac2-33a7-41ec-878c-7dd928ac85cf,184:ae9a001517d39cec11e3fca56eaee69f}(|)вул.Пролетарська буд № 32, м.Рені, Одеська обл.(|)
{"#",47e6dd42-cd5c-4e3a-9bc4-14816ed53d38,66:ae9a001517d39cec11e3fca3880c6c94}(|){"#",a2b5aac2-33a7-41ec-878c-7dd928ac85cf,184:ae9a001517d39cec11e3fca56eaee69f}(|)вул.Пролетарська буд № 32, м.Рені, Одеська обл.(|)
{"#",47e6dd42-cd5c-4e3a-9bc4-14816ed53d38,66:ae9a001517d39cec11e3fca3e37c5c46}(|){"#",a2b5aac2-33a7-41ec-878c-7dd928ac85cf,184:ae9a001517d39cec11e3fca56eaee6a1}(|)вул.Пролетарська буд № 48/2, м.Рени, Одеська обл.(|)
{"#",47e6dd42-cd5c-4e3a-9bc4-14816ed53d38,66:ae9a001517d39cec11e3fca30218ae19}(|){"#",a2b5aac2-33a7-41ec-878c-7dd928ac85cf,184:ae9a001517d39cec11e3fca56eaee6a3}(|)вул.Заводська буд № 54, м.Болград, Одеська обл.(|)
{"#",47e6dd42-cd5c-4e3a-9bc4-14816ed53d38,66:9298001517d39cec11e600b5e6ee517c}(|){"#",a2b5aac2-33a7-41ec-878c-7dd928ac85cf,184:ae9a001517d39cec11e3fca56eaee6a5}(|)Авторинок Барабашова, Харків, Харківська(|)
{"#",47e6dd42-cd5c-4e3a-9bc4-14816ed53d38,66:ae9a001517d39cec11e3fca14fbca38b}(|){"#",a2b5aac2-33a7-41ec-878c-7dd928ac85cf,184:ae9a001517d39cec11e3fca56eaee6a5}(|)Авторинок Барабашова, Харків, Харківська(|)70
{"#",47e6dd42-cd5c-4e3a-9bc4-14816ed53d38,66:ae9a001517d39cec11e3fca2dd15ecf7}(|){"#",a2b5aac2-33a7-41ec-878c-7dd928ac85cf,184:ae9a001517d39cec11e3fca56eaee6a5}(|)Авторинок Барабашова, Харків, Харківська(|)201
{"#",47e6dd42-cd5c-4e3a-9bc4-14816ed53d38,66:ae9a001517d39cec11e3fca30218ae18}(|){"#",a2b5aac2-33a7-41ec-878c-7dd928ac85cf,184:ae9a001517d39cec11e3fca56eaee6a5}(|)Авторинок Барабашова, Харків, Харківська(|)Автобазар "Барабашова" місце 48
{"#",47e6dd42-cd5c-4e3a-9bc4-14816ed53d38,66:ae9a001517d39cec11e3fca31454ea7d}(|){"#",a2b5aac2-33a7-41ec-878c-7dd928ac85cf,184:ae9a001517d39cec11e3fca56eaee6a5}(|)Авторинок Барабашова, Харків, Харківська(|)233
{"#",47e6dd42-cd5c-4e3a-9bc4-14816ed53d38,66:ae9a001517d39cec11e3fca375de7e58}(|){"#",a2b5aac2-33a7-41ec-878c-7dd928ac85cf,184:ae9a001517d39cec11e3fca56eaee6a5}(|)Авторинок Барабашова, Харків, Харківська(|)
{"#",47e6dd42-cd5c-4e3a-9bc4-14816ed53d38,66:ae9a001517d39cec11e3fca375de7e5c}(|){"#",a2b5aac2-33a7-41ec-878c-7dd928ac85cf,184:ae9a001517d39cec11e3fca56eaee6a5}(|)Авторинок Барабашова, Харків, Харківська(|)204,206
{"#",47e6dd42-cd5c-4e3a-9bc4-14816ed53d38,66:ae9a001517d39cec11e3fca3880c6c95}(|){"#",a2b5aac2-33a7-41ec-878c-7dd928ac85cf,184:ae9a001517d39cec11e3fca56eaee6a5}(|)Авторинок Барабашова, Харків, Харківська(|)Автобазар "Барабашова" м.188
{"#",47e6dd42-cd5c-4e3a-9bc4-14816ed53d38,66:ae9a001517d39cec11e3fca30218ae1a}(|){"#",a2b5aac2-33a7-41ec-878c-7dd928ac85cf,184:ae9a001517d39cec11e3fca56eaee6a7}(|)Авторинок Казка, Харків, Харківська(|)
{"#",47e6dd42-cd5c-4e3a-9bc4-14816ed53d38,66:ae9a001517d39cec11e3fca23e197d77}(|){"#",a2b5aac2-33a7-41ec-878c-7dd928ac85cf,184:ae9a001517d39cec11e3fca56eaee6a9}(|)Елени, Пирятин, Полтавська(|)
{"#",47e6dd42-cd5c-4e3a-9bc4-14816ed53d38,66:ae9a001517d39cec11e3fca56eaee6ac}(|){"#",a2b5aac2-33a7-41ec-878c-7dd928ac85cf,184:ae9a001517d39cec11e3fca56eaee6ab}(|)вул.Червоноармійська, 163-А, м.Пирятин, Полтавська обл.(|)
{"#",47e6dd42-cd5c-4e3a-9bc4-14816ed53d38,66:ae9a001517d39cec11e3fca2135c7623}(|){"#",a2b5aac2-33a7-41ec-878c-7dd928ac85cf,184:ae9a001517d39cec11e3fca56eaee6ae}(|)Суми, Сумська, вул.Героїв Крут (Черепіна), 27(|)
{"#",47e6dd42-cd5c-4e3a-9bc4-14816ed53d38,66:ae9a001517d39cec11e3fca18cc1d308}(|){"#",a2b5aac2-33a7-41ec-878c-7dd928ac85cf,184:ae9a001517d39cec11e3fca56eaee6b1}(|)Харків, Харківська, площаМаркса Карла, 16(|)
{"#",47e6dd42-cd5c-4e3a-9bc4-14816ed53d38,66:ae9a001517d39cec11e3fca28d4c9b1d}(|){"#",a2b5aac2-33a7-41ec-878c-7dd928ac85cf,184:ae9a001517d39cec11e3fca56eaee6b3}(|)Дніпро, Дніпропетровська, вул.Нижньодніпровська, 1(|)
{"#",47e6dd42-cd5c-4e3a-9bc4-14816ed53d38,66:ae9a001517d39cec11e3fca1e85585f7}(|){"#",a2b5aac2-33a7-41ec-878c-7dd928ac85cf,184:ae9a001517d39cec11e3fca56eaee6b5}(|)Запоріжжя, Запорізька, вул.Автозаводська, 30/157(|)
{"#",47e6dd42-cd5c-4e3a-9bc4-14816ed53d38,66:ae9a001517d39cec11e3fca0e787fbea}(|){"#",a2b5aac2-33a7-41ec-878c-7dd928ac85cf,184:ae9a001517d39cec11e3fca574a729c6}(|)Калінінський 14 Макіївка Донецька(|)
{"#",47e6dd42-cd5c-4e3a-9bc4-14816ed53d38,66:ae9a001517d39cec11e3fca2a5a01964}(|){"#",a2b5aac2-33a7-41ec-878c-7dd928ac85cf,184:ae9a001517d39cec11e3fca574a729c9}(|)Кропивницький, Кіровоградська, вул.Карабінерна, 30/79(|)
{"#",47e6dd42-cd5c-4e3a-9bc4-14816ed53d38,66:ae9a001517d39cec11e3fca1436597ca}(|){"#",a2b5aac2-33a7-41ec-878c-7dd928ac85cf,184:ae9a001517d39cec11e3fca574a729cf}(|)Одеса, Одеська, вул.М'ясоїдівська, 28(|)
{"#",47e6dd42-cd5c-4e3a-9bc4-14816ed53d38,66:ae9a001517d39cec11e3fca0e787fbf7}(|){"#",a2b5aac2-33a7-41ec-878c-7dd928ac85cf,184:ae9a001517d39cec11e3fca574a729d2}(|)Бориспіль, Київська, вул.Київський Шлях, 98/3(|)
{"#",47e6dd42-cd5c-4e3a-9bc4-14816ed53d38,66:ae9a001517d39cec11e3fca19efe0f5b}(|){"#",a2b5aac2-33a7-41ec-878c-7dd928ac85cf,184:ae9a001517d39cec11e3fca574a729d2}(|)Бориспіль, Київська, вул.Київський Шлях, 98/3(|)
{"#",47e6dd42-cd5c-4e3a-9bc4-14816ed53d38,66:ae9a001517d39cec11e3fca2568e5ca1}(|){"#",a2b5aac2-33a7-41ec-878c-7dd928ac85cf,184:ae9a001517d39cec11e3fca574a729d2}(|)Бориспіль, Київська, вул.Київський Шлях, 98/3(|)
{"#",47e6dd42-cd5c-4e3a-9bc4-14816ed53d38,66:ae9a001517d39cec11e3fca29f94c347}(|){"#",a2b5aac2-33a7-41ec-878c-7dd928ac85cf,184:ae9a001517d39cec11e3fca574a729d2}(|)Бориспіль, Київська, вул.Київський Шлях, 98/3(|)
{"#",47e6dd42-cd5c-4e3a-9bc4-14816ed53d38,66:ae9a001517d39cec11e3fca2a5a01966}(|){"#",a2b5aac2-33a7-41ec-878c-7dd928ac85cf,184:ae9a001517d39cec11e3fca574a729d2}(|)Бориспіль, Київська, вул.Київський Шлях, 98/3(|)
{"#",47e6dd42-cd5c-4e3a-9bc4-14816ed53d38,66:ae9a001517d39cec11e3fca21faebd4b}(|){"#",a2b5aac2-33a7-41ec-878c-7dd928ac85cf,184:ae9a001517d39cec11e3fca574a729d4}(|)Київ, Київська, просп.Бажана Миколи, 10(|)пр-т Бажана буд № 10, Київ, Київська, Київська, 2 121
{"#",47e6dd42-cd5c-4e3a-9bc4-14816ed53d38,66:ae9a001517d39cec11e3fca3dd415712}(|){"#",a2b5aac2-33a7-41ec-878c-7dd928ac85cf,184:ae9a001517d39cec11e3fca574a729d4}(|)Київ, Київська, просп.Бажана Миколи, 10(|)
{"#",47e6dd42-cd5c-4e3a-9bc4-14816ed53d38,66:ae9a001517d39cec11e3fca345351f6d}(|){"#",a2b5aac2-33a7-41ec-878c-7dd928ac85cf,184:ae9a001517d39cec11e3fca574a729d7}(|)Миколаїв, Миколаївська, вул.Янтарна, 64(|)
{"#",47e6dd42-cd5c-4e3a-9bc4-14816ed53d38,66:ae9a001517d39cec11e3fca3a6857af3}(|){"#",a2b5aac2-33a7-41ec-878c-7dd928ac85cf,184:ae9a001517d39cec11e3fca574a729d7}(|)Миколаїв, Миколаївська, вул.Янтарна, 64(|)
{"#",47e6dd42-cd5c-4e3a-9bc4-14816ed53d38,66:ae9a001517d39cec11e3fca0fa0497d4}(|){"#",a2b5aac2-33a7-41ec-878c-7dd928ac85cf,184:ae9a001517d39cec11e3fca574a729df}(|)Ірпінь, Київська, смт.Гостомель, Чкалова31-А(|)
{"#",47e6dd42-cd5c-4e3a-9bc4-14816ed53d38,66:ae9a001517d39cec11e3fca2135c7629}(|){"#",a2b5aac2-33a7-41ec-878c-7dd928ac85cf,184:ae9a001517d39cec11e3fca574a729e5}(|)Глухів (Сумська обл.), Сумська, вул.Пивоварова, 33(|)
{"#",47e6dd42-cd5c-4e3a-9bc4-14816ed53d38,66:911f001517d39cec11e4591d12ebcf0a}(|){"#",a2b5aac2-33a7-41ec-878c-7dd928ac85cf,184:ae9a001517d39cec11e3fca574a729e7}(|)Авторинок Автодром, Харків, Харківська(|)
{"#",47e6dd42-cd5c-4e3a-9bc4-14816ed53d38,66:9c80001517d39cec11e4ccb399bbee00}(|){"#",a2b5aac2-33a7-41ec-878c-7dd928ac85cf,184:ae9a001517d39cec11e3fca574a729e7}(|)Авторинок Автодром, Харків, Харківська(|)
{"#",47e6dd42-cd5c-4e3a-9bc4-14816ed53d38,66:a0ef001517d39cec11e7b30aee8f100c}(|){"#",a2b5aac2-33a7-41ec-878c-7dd928ac85cf,184:ae9a001517d39cec11e3fca574a729e7}(|)Авторинок Автодром, Харків, Харківська(|)
{"#",47e6dd42-cd5c-4e3a-9bc4-14816ed53d38,66:ae9a001517d39cec11e3fca2d0a96bf4}(|){"#",a2b5aac2-33a7-41ec-878c-7dd928ac85cf,184:ae9a001517d39cec11e3fca574a729e7}(|)Авторинок Автодром, Харків, Харківська(|)3 ряд 16 місце
{"#",47e6dd42-cd5c-4e3a-9bc4-14816ed53d38,66:ae9a001517d39cec11e3fca30218ae1c}(|){"#",a2b5aac2-33a7-41ec-878c-7dd928ac85cf,184:ae9a001517d39cec11e3fca574a729e7}(|)Авторинок Автодром, Харків, Харківська(|)1 ряд,м.31
{"#",47e6dd42-cd5c-4e3a-9bc4-14816ed53d38,66:ae9a001517d39cec11e3fca332c46f5c}(|){"#",a2b5aac2-33a7-41ec-878c-7dd928ac85cf,184:ae9a001517d39cec11e3fca574a729e7}(|)Авторинок Автодром, Харків, Харківська(|)ряд 3, місце 47
{"#",47e6dd42-cd5c-4e3a-9bc4-14816ed53d38,66:ae9a001517d39cec11e3fca3ac9f1f31}(|){"#",a2b5aac2-33a7-41ec-878c-7dd928ac85cf,184:ae9a001517d39cec11e3fca574a729e7}(|)Авторинок Автодром, Харків, Харківська(|)Автобазар "Автодром" 2ряд,20місце
{"#",47e6dd42-cd5c-4e3a-9bc4-14816ed53d38,66:ae9a001517d39cec11e3fca3ac9f1f35}(|){"#",a2b5aac2-33a7-41ec-878c-7dd928ac85cf,184:ae9a001517d39cec11e3fca574a729e7}(|)Авторинок Автодром, Харків, Харківська(|)
{"#",47e6dd42-cd5c-4e3a-9bc4-14816ed53d38,66:ae9a001517d39cec11e3fca2135c762e}(|){"#",a2b5aac2-33a7-41ec-878c-7dd928ac85cf,184:ae9a001517d39cec11e3fca574a729e9}(|)Київ, Київська, вул.Польова (Деснянський р-н), 3-А(|)
{"#",47e6dd42-cd5c-4e3a-9bc4-14816ed53d38,66:ae9a001517d39cec11e3fca375de7e57}(|){"#",a2b5aac2-33a7-41ec-878c-7dd928ac85cf,184:ae9a001517d39cec11e3fca574a729eb}(|)Петриківка, Дніпропетровська, вул.Леніна, 41(|)
{"#",47e6dd42-cd5c-4e3a-9bc4-14816ed53d38,66:ae9a001517d39cec11e3fca32085d0ac}(|){"#",a2b5aac2-33a7-41ec-878c-7dd928ac85cf,184:ae9a001517d39cec11e3fca574a729ed}(|)Арциз, Одеська, вул.Маркса Карла, 56-А(|)
{"#",47e6dd42-cd5c-4e3a-9bc4-14816ed53d38,66:ae9a001517d39cec11e3fca332c46f57}(|){"#",a2b5aac2-33a7-41ec-878c-7dd928ac85cf,184:ae9a001517d39cec11e3fca574a729f0}(|)Біла Церква, Київська, вул.Таращанська, 196(|)
{"#",47e6dd42-cd5c-4e3a-9bc4-14816ed53d38,66:ae9a001517d39cec11e3fca3e37c5c47}(|){"#",a2b5aac2-33a7-41ec-878c-7dd928ac85cf,184:ae9a001517d39cec11e3fca574a729f3}(|)Заводська буд № 75, м.Болград, Одеська обл.(|)
{"#",47e6dd42-cd5c-4e3a-9bc4-14816ed53d38,66:ae9a001517d39cec11e3fca3ac9f1f33}(|){"#",a2b5aac2-33a7-41ec-878c-7dd928ac85cf,184:ae9a001517d39cec11e3fca574a729f6}(|)Миколаївка (Петропавлівський р-н), Дніпропетровська, вул.Першотравнева, 167-Д(|)
{"#",47e6dd42-cd5c-4e3a-9bc4-14816ed53d38,66:ae9a001517d39cec11e3fca2135c7630}(|){"#",a2b5aac2-33a7-41ec-878c-7dd928ac85cf,184:ae9a001517d39cec11e3fca574a729f8}(|)Арциз, Одеська, вул.28 Червня, 134(|)
{"#",47e6dd42-cd5c-4e3a-9bc4-14816ed53d38,66:ae9a001517d39cec11e3fca3ac9f1f34}(|){"#",a2b5aac2-33a7-41ec-878c-7dd928ac85cf,184:ae9a001517d39cec11e3fca574a729fa}(|)Запоріжжя, Запорізька, вул.Крива Бухта, 2(|)
{"#",47e6dd42-cd5c-4e3a-9bc4-14816ed53d38,66:ae9a001517d39cec11e3fca1e85585e0}(|){"#",a2b5aac2-33a7-41ec-878c-7dd928ac85cf,184:ae9a001517d39cec11e3fca574a729fc}(|)Авторинок Центральний (республиканской), Кам'янське(Дніпропетровська обл), Дніпропетровська(|)
{"#",47e6dd42-cd5c-4e3a-9bc4-14816ed53d38,66:ae9a001517d39cec11e3fca2199518f2}(|){"#",a2b5aac2-33a7-41ec-878c-7dd928ac85cf,184:ae9a001517d39cec11e3fca574a729fe}(|)Жовті Води, Дніпропетровська, вул.8-го  Березня, 18(|)
{"#",47e6dd42-cd5c-4e3a-9bc4-14816ed53d38,66:ae9a001517d39cec11e3fca1e85585e1}(|){"#",a2b5aac2-33a7-41ec-878c-7dd928ac85cf,184:ae9a001517d39cec11e3fca574a72a00}(|)Київ, Київська, просп.Лісовий, 39-Д(|)
{"#",47e6dd42-cd5c-4e3a-9bc4-14816ed53d38,66:ae9a001517d39cec11e3fca2d6dd4a30}(|){"#",a2b5aac2-33a7-41ec-878c-7dd928ac85cf,184:ae9a001517d39cec11e3fca574a72a03}(|)Бровари, Київська, вул.Гагаріна, 16(|)
{"#",47e6dd42-cd5c-4e3a-9bc4-14816ed53d38,66:ae9a001517d39cec11e3fca574a72a06}(|){"#",a2b5aac2-33a7-41ec-878c-7dd928ac85cf,184:ae9a001517d39cec11e3fca574a72a05}(|)Варва, Чернігівська, вул.Горького, 8(|)
{"#",47e6dd42-cd5c-4e3a-9bc4-14816ed53d38,66:ae9a001517d39cec11e3fca332c46f5a}(|){"#",a2b5aac2-33a7-41ec-878c-7dd928ac85cf,184:ae9a001517d39cec11e3fca574a72a08}(|)Зіньків, Полтавська, вул.Жовтнева, 19(|)
{"#",47e6dd42-cd5c-4e3a-9bc4-14816ed53d38,66:ae9a001517d39cec11e3fca2dd15ecf0}(|){"#",a2b5aac2-33a7-41ec-878c-7dd928ac85cf,184:ae9a001517d39cec11e3fca574a72a0c}(|)Київ, Київська, вул.Глушкова, 27(|)
{"#",47e6dd42-cd5c-4e3a-9bc4-14816ed53d38,66:ae9a001517d39cec11e3fca2dd15ecf1}(|){"#",a2b5aac2-33a7-41ec-878c-7dd928ac85cf,184:ae9a001517d39cec11e3fca574a72a0e}(|)Авторинок Автомобільний, Суми, Сумська(|)
{"#",47e6dd42-cd5c-4e3a-9bc4-14816ed53d38,66:ae9a001517d39cec11e3fca3880c6c98}(|){"#",a2b5aac2-33a7-41ec-878c-7dd928ac85cf,184:ae9a001517d39cec11e3fca57aa431d2}(|)Першотравенськ (Дніпропетровська обл), Дніпропетровська, вул.Леніна, 15(|)
{"#",47e6dd42-cd5c-4e3a-9bc4-14816ed53d38,66:ae9a001517d39cec11e3fca155ee1f52}(|){"#",a2b5aac2-33a7-41ec-878c-7dd928ac85cf,184:ae9a001517d39cec11e3fca57aa431d4}(|)Київ, Київська, просп.Повітрофлотський, 88(|)
{"#",47e6dd42-cd5c-4e3a-9bc4-14816ed53d38,66:ae9a001517d39cec11e3fca2199518f0}(|){"#",a2b5aac2-33a7-41ec-878c-7dd928ac85cf,184:ae9a001517d39cec11e3fca57aa431d4}(|)Київ, Київська, просп.Повітрофлотський, 88(|)
{"#",47e6dd42-cd5c-4e3a-9bc4-14816ed53d38,66:9ce9001517d39cec11e46b1fdd75ca80}(|){"#",a2b5aac2-33a7-41ec-878c-7dd928ac85cf,184:ae9a001517d39cec11e3fca57aa431d6}(|)АВТОРИНОК, м.Болград, Одеська обл.(|)Маг.№1
{"#",47e6dd42-cd5c-4e3a-9bc4-14816ed53d38,66:ae9a001517d39cec11e3fca30218ae1f}(|){"#",a2b5aac2-33a7-41ec-878c-7dd928ac85cf,184:ae9a001517d39cec11e3fca57aa431d6}(|)АВТОРИНОК, м.Болград, Одеська обл.(|)маг.№9
{"#",47e6dd42-cd5c-4e3a-9bc4-14816ed53d38,66:ae9a001517d39cec11e3fca3ac9f1f37}(|){"#",a2b5aac2-33a7-41ec-878c-7dd928ac85cf,184:ae9a001517d39cec11e3fca57aa431d6}(|)АВТОРИНОК, м.Болград, Одеська обл.(|)магазин №15
{"#",47e6dd42-cd5c-4e3a-9bc4-14816ed53d38,66:ae9a001517d39cec11e3fca2199518f6}(|){"#",a2b5aac2-33a7-41ec-878c-7dd928ac85cf,184:ae9a001517d39cec11e3fca57aa431da}(|)вул.Івана Франка буд № 148, кв. 40, м.Мукачево, Закарпатська обл., 89600(|)
{"#",47e6dd42-cd5c-4e3a-9bc4-14816ed53d38,66:ae9a001517d39cec11e3fca2dd15ecf5}(|){"#",a2b5aac2-33a7-41ec-878c-7dd928ac85cf,184:ae9a001517d39cec11e3fca57aa431dd}(|)Вишгород, Київська, вул.Межигірського Спаса, 6(|)
{"#",47e6dd42-cd5c-4e3a-9bc4-14816ed53d38,66:ae9a001517d39cec11e3fca31454ea77}(|){"#",a2b5aac2-33a7-41ec-878c-7dd928ac85cf,184:ae9a001517d39cec11e3fca57aa431df}(|)Затока, Одеська, вул.Вокзальна, 53-й км1(|)
{"#",47e6dd42-cd5c-4e3a-9bc4-14816ed53d38,66:ae9a001517d39cec11e3fca067bc2fd6}(|){"#",a2b5aac2-33a7-41ec-878c-7dd928ac85cf,184:ae9a001517d39cec11e3fca57aa431e1}(|)Фастів, Київська, вул.Франка Івана, 26(|)Франка буд № 26, Боровая, Київська, Київська
{"#",47e6dd42-cd5c-4e3a-9bc4-14816ed53d38,66:ae9a001517d39cec11e3fca1e85585e5}(|){"#",a2b5aac2-33a7-41ec-878c-7dd928ac85cf,184:ae9a001517d39cec11e3fca57aa431e4}(|)Дніпро, Дніпропетровська, вул.Шинна, 123(|)
{"#",47e6dd42-cd5c-4e3a-9bc4-14816ed53d38,66:ae9a001517d39cec11e3fca2e96a967f}(|){"#",a2b5aac2-33a7-41ec-878c-7dd928ac85cf,184:ae9a001517d39cec11e3fca57aa431e7}(|)Ічня, Чернігівська, вул.Чернігівська, 10-А(|)
{"#",47e6dd42-cd5c-4e3a-9bc4-14816ed53d38,66:ae9a001517d39cec11e3fca2ef9c1245}(|){"#",a2b5aac2-33a7-41ec-878c-7dd928ac85cf,184:ae9a001517d39cec11e3fca57aa431e9}(|)Київ, Київська, вул.Кайсарова, 2(|)
{"#",47e6dd42-cd5c-4e3a-9bc4-14816ed53d38,66:ae9a001517d39cec11e3fca2135c762d}(|){"#",a2b5aac2-33a7-41ec-878c-7dd928ac85cf,184:ae9a001517d39cec11e3fca57aa431eb}(|)Авторинок Автодром, Харків, Харківська(|)
{"#",47e6dd42-cd5c-4e3a-9bc4-14816ed53d38,66:ae9a001517d39cec11e3fca375de7e5a}(|){"#",a2b5aac2-33a7-41ec-878c-7dd928ac85cf,184:ae9a001517d39cec11e3fca57aa431eb}(|)Авторинок Автодром, Харків, Харківська(|)3/58
{"#",47e6dd42-cd5c-4e3a-9bc4-14816ed53d38,66:ae9a001517d39cec11e3fca30e4bf6aa}(|){"#",a2b5aac2-33a7-41ec-878c-7dd928ac85cf,184:ae9a001517d39cec11e3fca57aa431ed}(|)Нова Каховка, Херсонська, просп.Дніпровський, 1-Е(|)
{"#",47e6dd42-cd5c-4e3a-9bc4-14816ed53d38,66:ae9a001517d39cec11e3fca38214293c}(|){"#",a2b5aac2-33a7-41ec-878c-7dd928ac85cf,184:ae9a001517d39cec11e3fca57aa431ef}(|)Нова Каховка, Херсонська, вул.Ентузіастів, 3(|)
{"#",47e6dd42-cd5c-4e3a-9bc4-14816ed53d38,66:ae9a001517d39cec11e3fca0f3dca567}(|){"#",a2b5aac2-33a7-41ec-878c-7dd928ac85cf,184:ae9a001517d39cec11e3fca57aa431f1}(|)Авторинок Жуляни, Київ, Київська(|)
{"#",47e6dd42-cd5c-4e3a-9bc4-14816ed53d38,66:ae9a001517d39cec11e3fca1a4ffdc24}(|){"#",a2b5aac2-33a7-41ec-878c-7dd928ac85cf,184:ae9a001517d39cec11e3fca57aa431f3}(|)Львів, Львівська, вул.Навроцького, 14(|)
{"#",47e6dd42-cd5c-4e3a-9bc4-14816ed53d38,66:ae9a001517d39cec11e3fca32cc9c9b2}(|){"#",a2b5aac2-33a7-41ec-878c-7dd928ac85cf,184:ae9a001517d39cec11e3fca57aa431f5}(|)Авторинок Автобазар, Білгород-Дністровський, Одеська(|)
{"#",47e6dd42-cd5c-4e3a-9bc4-14816ed53d38,66:ae9a001517d39cec11e3fca2ca732b7e}(|){"#",a2b5aac2-33a7-41ec-878c-7dd928ac85cf,184:ae9a001517d39cec11e3fca57aa431f7}(|)Львів, Львівська, вул.Перфецького, 6(|)
{"#",47e6dd42-cd5c-4e3a-9bc4-14816ed53d38,66:ae9a001517d39cec11e3fca061bcc55c}(|){"#",a2b5aac2-33a7-41ec-878c-7dd928ac85cf,184:ae9a001517d39cec11e3fca57aa431f9}(|)Яготин, Київська, вул.Лисенка Миколи, 4(|)
{"#",47e6dd42-cd5c-4e3a-9bc4-14816ed53d38,66:ae9a001517d39cec11e3fca31454ea72}(|){"#",a2b5aac2-33a7-41ec-878c-7dd928ac85cf,184:ae9a001517d39cec11e3fca57aa431ff}(|)Авторинок Автодром, Харків, Харківська(|)
{"#",47e6dd42-cd5c-4e3a-9bc4-14816ed53d38,66:ae9a001517d39cec11e3fca3e37c5c42}(|){"#",a2b5aac2-33a7-41ec-878c-7dd928ac85cf,184:ae9a001517d39cec11e3fca57aa43201}(|)Авторинок Автодром, Харків, Харківська(|)
{"#",47e6dd42-cd5c-4e3a-9bc4-14816ed53d38,66:ae9a001517d39cec11e3fca1e240a663}(|){"#",a2b5aac2-33a7-41ec-878c-7dd928ac85cf,184:ae9a001517d39cec11e3fca57aa43203}(|)ц.Ринок місце 1114, м.Ізмаїл, Одеська обл.(|)
{"#",47e6dd42-cd5c-4e3a-9bc4-14816ed53d38,66:ae9a001517d39cec11e3fca32085d0a9}(|){"#",a2b5aac2-33a7-41ec-878c-7dd928ac85cf,184:ae9a001517d39cec11e3fca57aa43205}(|)Авторинок Автобазар, Білгород-Дністровський, Одеська(|)
{"#",47e6dd42-cd5c-4e3a-9bc4-14816ed53d38,66:ae9a001517d39cec11e3fca2135c762c}(|){"#",a2b5aac2-33a7-41ec-878c-7dd928ac85cf,184:ae9a001517d39cec11e3fca57aa43207}(|)Київ, Київська, вул.Сирецька, 25(|)
{"#",47e6dd42-cd5c-4e3a-9bc4-14816ed53d38,66:ae9a001517d39cec11e3fca332c46f52}(|){"#",a2b5aac2-33a7-41ec-878c-7dd928ac85cf,184:ae9a001517d39cec11e3fca57aa4320a}(|)Заводська буд № 157, м.Болград, Одеська обл.(|)
{"#",47e6dd42-cd5c-4e3a-9bc4-14816ed53d38,66:ae9a001517d39cec11e3fca30218ae17}(|){"#",a2b5aac2-33a7-41ec-878c-7dd928ac85cf,184:ae9a001517d39cec11e3fca57aa4320c}(|)Київ, Київська, вул.Половецька, 12/42(|)
{"#",47e6dd42-cd5c-4e3a-9bc4-14816ed53d38,66:ae9a001517d39cec11e3fca3e37c5c4c}(|){"#",a2b5aac2-33a7-41ec-878c-7dd928ac85cf,184:ae9a001517d39cec11e3fca57aa43211}(|)Випасне (Білгород-Дністровський р-н), Одеська, вул.Кишинівська, 236-А(|)
{"#",47e6dd42-cd5c-4e3a-9bc4-14816ed53d38,66:ae9a001517d39cec11e3fca332c46f56}(|){"#",a2b5aac2-33a7-41ec-878c-7dd928ac85cf,184:ae9a001517d39cec11e3fca57aa43213}(|)Авторинок Центральний (республиканской), Кам'янське(Дніпропетровська обл), Дніпропетровська(|)
{"#",47e6dd42-cd5c-4e3a-9bc4-14816ed53d38,66:ae9a001517d39cec11e3fca3e37c5c4e}(|){"#",a2b5aac2-33a7-41ec-878c-7dd928ac85cf,184:ae9a001517d39cec11e3fca57aa43217}(|)Козацьке (Херсонська обл.), Херсонська, вул.Шевченка, 2(|)
{"#",47e6dd42-cd5c-4e3a-9bc4-14816ed53d38,66:ae9a001517d39cec11e3fca38e4771d3}(|){"#",a2b5aac2-33a7-41ec-878c-7dd928ac85cf,184:ae9a001517d39cec11e3fca57aa4321b}(|)Охтирка, Сумська, вул.Сумська (Фрунзе), 46(|)
{"#",47e6dd42-cd5c-4e3a-9bc4-14816ed53d38,66:ae9a001517d39cec11e3fca1f470f6f0}(|){"#",a2b5aac2-33a7-41ec-878c-7dd928ac85cf,184:ae9a001517d39cec11e3fca57aa4321d}(|)Охтирка, Сумська, вул.Сумська (Фрунзе), 10(|)
{"#",47e6dd42-cd5c-4e3a-9bc4-14816ed53d38,66:ae9a001517d39cec11e3fca38e4771d9}(|){"#",a2b5aac2-33a7-41ec-878c-7dd928ac85cf,184:ae9a001517d39cec11e3fca57aa43221}(|)Авторинок Центральний, Ромни, Сумська(|)
{"#",47e6dd42-cd5c-4e3a-9bc4-14816ed53d38,66:ae9a001517d39cec11e3fca0aa852ecf}(|){"#",a2b5aac2-33a7-41ec-878c-7dd928ac85cf,184:ae9a001517d39cec11e3fca57aa43224}(|)Київ, Київська, вул.Оноре де Бальзака, 72(|)
{"#",47e6dd42-cd5c-4e3a-9bc4-14816ed53d38,66:ae9a001517d39cec11e3fca332c46f5e}(|){"#",a2b5aac2-33a7-41ec-878c-7dd928ac85cf,184:ae9a001517d39cec11e3fca57aa43226}(|)РИНОК Ц., м. Ізмаїл, Одеська обл.(|)№ 1008
{"#",47e6dd42-cd5c-4e3a-9bc4-14816ed53d38,66:ae9a001517d39cec11e3fca198c7cedd}(|){"#",a2b5aac2-33a7-41ec-878c-7dd928ac85cf,184:ae9a001517d39cec11e3fca580a39c3a}(|)Суми, Сумська, вул.Калініна, 73(|)Калініна буд № 73, м.Суми, Сумська обл.
{"#",47e6dd42-cd5c-4e3a-9bc4-14816ed53d38,66:ae9a001517d39cec11e3fca20d322160}(|){"#",a2b5aac2-33a7-41ec-878c-7dd928ac85cf,184:ae9a001517d39cec11e3fca580a39c3c}(|)Краснопілля (Сумська обл.), Сумська, вул.Вокзальна, 46(|)
{"#",47e6dd42-cd5c-4e3a-9bc4-14816ed53d38,66:ae9a001517d39cec11e3fca38e4771d7}(|){"#",a2b5aac2-33a7-41ec-878c-7dd928ac85cf,184:ae9a001517d39cec11e3fca580a39c3e}(|)Краснопілля (Сумська обл.), Сумська, вул.Вокзальна, 46(|)
{"#",47e6dd42-cd5c-4e3a-9bc4-14816ed53d38,66:ae9a001517d39cec11e3fca0cf321b43}(|){"#",a2b5aac2-33a7-41ec-878c-7dd928ac85cf,184:ae9a001517d39cec11e3fca580a39c40}(|)Київ, Київська, вул.Оноре де Бальзака, 63(|)
{"#",47e6dd42-cd5c-4e3a-9bc4-14816ed53d38,66:ae9a001517d39cec11e3fca1310a5cde}(|){"#",a2b5aac2-33a7-41ec-878c-7dd928ac85cf,184:ae9a001517d39cec11e3fca580a39c42}(|)Київ, Київська, вул.Радунська, 3(|)
{"#",47e6dd42-cd5c-4e3a-9bc4-14816ed53d38,66:ae9a001517d39cec11e3fca0e787fbec}(|){"#",a2b5aac2-33a7-41ec-878c-7dd928ac85cf,184:ae9a001517d39cec11e3fca580a39c44}(|)Авторинок Привоз, Київ, Київська(|)
{"#",47e6dd42-cd5c-4e3a-9bc4-14816ed53d38,66:ae9a001517d39cec11e3fca2008eca59}(|){"#",a2b5aac2-33a7-41ec-878c-7dd928ac85cf,184:ae9a001517d39cec11e3fca580a39c44}(|)Авторинок Привоз, Київ, Київська(|)
{"#",47e6dd42-cd5c-4e3a-9bc4-14816ed53d38,66:ae9a001517d39cec11e3fca3bee02048}(|){"#",a2b5aac2-33a7-41ec-878c-7dd928ac85cf,184:ae9a001517d39cec11e3fca580a39c44}(|)Авторинок Привоз, Київ, Київська(|)
{"#",47e6dd42-cd5c-4e3a-9bc4-14816ed53d38,66:ae9a001517d39cec11e3fca580a39c4b}(|){"#",a2b5aac2-33a7-41ec-878c-7dd928ac85cf,184:ae9a001517d39cec11e3fca580a39c44}(|)Авторинок Привоз, Київ, Київська(|)
{"#",47e6dd42-cd5c-4e3a-9bc4-14816ed53d38,66:ae9a001517d39cec11e3fca580a39c49}(|){"#",a2b5aac2-33a7-41ec-878c-7dd928ac85cf,184:ae9a001517d39cec11e3fca580a39c48}(|)Київ, Київська, вул.Польова (Деснянський р-н), 3(|)
{"#",47e6dd42-cd5c-4e3a-9bc4-14816ed53d38,66:ae9a001517d39cec11e3fca124fad789}(|){"#",a2b5aac2-33a7-41ec-878c-7dd928ac85cf,184:ae9a001517d39cec11e3fca580a39c4d}(|)Київ, Київська, просп.Маяковського Володимира, 42(|)
{"#",47e6dd42-cd5c-4e3a-9bc4-14816ed53d38,66:ae9a001517d39cec11e3fca2fc121ca2}(|){"#",a2b5aac2-33a7-41ec-878c-7dd928ac85cf,184:ae9a001517d39cec11e3fca580a39c4f}(|)Київ, Київська, вул.Оноре де Бальзака, 72-А(|)
{"#",47e6dd42-cd5c-4e3a-9bc4-14816ed53d38,66:ae9a001517d39cec11e3fca05bbfbd6f}(|){"#",a2b5aac2-33a7-41ec-878c-7dd928ac85cf,184:ae9a001517d39cec11e3fca580a39c51}(|)Київ, Київська, вул.Смілянська, 1(|)
{"#",47e6dd42-cd5c-4e3a-9bc4-14816ed53d38,66:ae9a001517d39cec11e3fca1cffae097}(|){"#",a2b5aac2-33a7-41ec-878c-7dd928ac85cf,184:ae9a001517d39cec11e3fca580a39c53}(|)Київ, Київська, вул.Волинська, 34(|)
{"#",47e6dd42-cd5c-4e3a-9bc4-14816ed53d38,66:ae9a001517d39cec11e3fca14fbca399}(|){"#",a2b5aac2-33a7-41ec-878c-7dd928ac85cf,184:ae9a001517d39cec11e3fca580a39c55}(|)Київ, Київська, шосеЧапаєвське, 6(|)
{"#",47e6dd42-cd5c-4e3a-9bc4-14816ed53d38,66:ae9a001517d39cec11e3fca067bc2fce}(|){"#",a2b5aac2-33a7-41ec-878c-7dd928ac85cf,184:ae9a001517d39cec11e3fca580a39c57}(|)Київ, Київська, вул.Механізаторів, 5(|)
{"#",47e6dd42-cd5c-4e3a-9bc4-14816ed53d38,66:ae9a001517d39cec11e3fca13d38e09e}(|){"#",a2b5aac2-33a7-41ec-878c-7dd928ac85cf,184:ae9a001517d39cec11e3fca580a39c59}(|)Київ, Київська, вул.Кудряшова, 1(|)
{"#",47e6dd42-cd5c-4e3a-9bc4-14816ed53d38,66:ae9a001517d39cec11e3fca073dc6593}(|){"#",a2b5aac2-33a7-41ec-878c-7dd928ac85cf,184:ae9a001517d39cec11e3fca580a39c5b}(|)Київ, Київська, вул.Урицького, 34(|)
{"#",47e6dd42-cd5c-4e3a-9bc4-14816ed53d38,66:ae9a001517d39cec11e3fca061bcc573}(|){"#",a2b5aac2-33a7-41ec-878c-7dd928ac85cf,184:ae9a001517d39cec11e3fca580a39c5d}(|)Київ, Київська, вул.Богданівська, 20(|)
{"#",47e6dd42-cd5c-4e3a-9bc4-14816ed53d38,66:ae9a001517d39cec11e3fca1bd74bb59}(|){"#",a2b5aac2-33a7-41ec-878c-7dd928ac85cf,184:ae9a001517d39cec11e3fca580a39c60}(|)Липова Долина, Сумська, вул.Горького, 10-А(|)
{"#",47e6dd42-cd5c-4e3a-9bc4-14816ed53d38,66:ae9a001517d39cec11e3fca19efe0f5e}(|){"#",a2b5aac2-33a7-41ec-878c-7dd928ac85cf,184:ae9a001517d39cec11e3fca580a39c62}(|)Липова Долина, Сумська, вул.Роменська, 4-Б(|)
{"#",47e6dd42-cd5c-4e3a-9bc4-14816ed53d38,66:ae9a001517d39cec11e3fca580a39c63}(|){"#",a2b5aac2-33a7-41ec-878c-7dd928ac85cf,184:ae9a001517d39cec11e3fca580a39c62}(|)Липова Долина, Сумська, вул.Роменська, 4-Б(|)
{"#",47e6dd42-cd5c-4e3a-9bc4-14816ed53d38,66:ae9a001517d39cec11e3fca106521a36}(|){"#",a2b5aac2-33a7-41ec-878c-7dd928ac85cf,184:ae9a001517d39cec11e3fca580a39c65}(|)Лебедин (Сумська обл.), Сумська, вул.Леси Українки, 16(|)
{"#",47e6dd42-cd5c-4e3a-9bc4-14816ed53d38,66:ae9a001517d39cec11e3fca34b394e8e}(|){"#",a2b5aac2-33a7-41ec-878c-7dd928ac85cf,184:ae9a001517d39cec11e3fca580a39c67}(|)Лебедин (Сумська обл.), Сумська, вул.Маяковського, 9(|)
{"#",47e6dd42-cd5c-4e3a-9bc4-14816ed53d38,66:ae9a001517d39cec11e3fca38214294f}(|){"#",a2b5aac2-33a7-41ec-878c-7dd928ac85cf,184:ae9a001517d39cec11e3fca580a39c69}(|)Суворова (центр. ринок) місце 1309, м.Ізмаїл, Одеська обл.(|)
{"#",47e6dd42-cd5c-4e3a-9bc4-14816ed53d38,66:ae9a001517d39cec11e3fca31454ea74}(|){"#",a2b5aac2-33a7-41ec-878c-7dd928ac85cf,184:ae9a001517d39cec11e3fca580a39c6b}(|)Спортивна буд № 10, м. Ізмаїл, Одеська обл. маг. №1188(|)
{"#",47e6dd42-cd5c-4e3a-9bc4-14816ed53d38,66:ae9a001517d39cec11e3fca2e96a967a}(|){"#",a2b5aac2-33a7-41ec-878c-7dd928ac85cf,184:ae9a001517d39cec11e3fca580a39c6d}(|)Центр.базар, конт.№1340, м.Ізмаїл, Одеська обл.(|)
{"#",47e6dd42-cd5c-4e3a-9bc4-14816ed53d38,66:ae9a001517d39cec11e3fca332c46f55}(|){"#",a2b5aac2-33a7-41ec-878c-7dd928ac85cf,184:ae9a001517d39cec11e3fca580a39c6f}(|)Кривий Ріг, Дніпропетровська, вул.Старовокзальна (Урицького), 56(|)
{"#",47e6dd42-cd5c-4e3a-9bc4-14816ed53d38,66:ae9a001517d39cec11e3fca2e96a967c}(|){"#",a2b5aac2-33a7-41ec-878c-7dd928ac85cf,184:ae9a001517d39cec11e3fca580a39c71}(|)Кривий Ріг, Дніпропетровська, вул.Полєнова, 33(|)
{"#",47e6dd42-cd5c-4e3a-9bc4-14816ed53d38,66:ae9a001517d39cec11e3fca26edab3dd}(|){"#",a2b5aac2-33a7-41ec-878c-7dd928ac85cf,184:ae9a001517d39cec11e3fca580a39c75}(|)Лебедин (Сумська обл.), Сумська, вул.Будильська, 23(|)
{"#",47e6dd42-cd5c-4e3a-9bc4-14816ed53d38,66:ae9a001517d39cec11e3fca231e8973d}(|){"#",a2b5aac2-33a7-41ec-878c-7dd928ac85cf,184:ae9a001517d39cec11e3fca580a39c77}(|)Суми, Сумська, вул.Героїв Крут (Черепіна), 80(|)
{"#",47e6dd42-cd5c-4e3a-9bc4-14816ed53d38,66:ae9a001517d39cec11e3fca192cf8b8c}(|){"#",a2b5aac2-33a7-41ec-878c-7dd928ac85cf,184:ae9a001517d39cec11e3fca580a39c79}(|)Варва, Чернігівська, вул.Шевченка, 70(|)
{"#",47e6dd42-cd5c-4e3a-9bc4-14816ed53d38,66:ae9a001517d39cec11e3fca3bee0204f}(|){"#",a2b5aac2-33a7-41ec-878c-7dd928ac85cf,184:ae9a001517d39cec11e3fca580a39c7b}(|)Срібне (Чернігівська обл.), Чернігівська, вул.Леніна, 86(|)
{"#",47e6dd42-cd5c-4e3a-9bc4-14816ed53d38,66:ae9a001517d39cec11e3fca1dc32edd9}(|){"#",a2b5aac2-33a7-41ec-878c-7dd928ac85cf,184:ae9a001517d39cec11e3fca580a39c7d}(|)Ромни, Сумська, вул.Горького, 71(|)
{"#",47e6dd42-cd5c-4e3a-9bc4-14816ed53d38,66:ae9a001517d39cec11e3fca13d38e0ab}(|){"#",a2b5aac2-33a7-41ec-878c-7dd928ac85cf,184:ae9a001517d39cec11e3fca580a39c83}(|)Суми, Сумська, вул.Лебединська, 11-А(|)
{"#",47e6dd42-cd5c-4e3a-9bc4-14816ed53d38,66:ae9a001517d39cec11e3fca244358418}(|){"#",a2b5aac2-33a7-41ec-878c-7dd928ac85cf,184:ae9a001517d39cec11e3fca580a39c83}(|)Суми, Сумська, вул.Лебединська, 11-А(|)
{"#",47e6dd42-cd5c-4e3a-9bc4-14816ed53d38,66:9c80001517d39cec11e4ea58522412f9}(|){"#",a2b5aac2-33a7-41ec-878c-7dd928ac85cf,184:ae9a001517d39cec11e3fca586a306a9}(|)Суми, Сумська, просп.Курський, 103(|)
{"#",47e6dd42-cd5c-4e3a-9bc4-14816ed53d38,66:ae9a001517d39cec11e3fca25cb64f10}(|){"#",a2b5aac2-33a7-41ec-878c-7dd928ac85cf,184:ae9a001517d39cec11e3fca586a306a9}(|)Суми, Сумська, просп.Курський, 103(|)
{"#",47e6dd42-cd5c-4e3a-9bc4-14816ed53d38,66:ae9a001517d39cec11e3fca338f5eb2d}(|){"#",a2b5aac2-33a7-41ec-878c-7dd928ac85cf,184:ae9a001517d39cec11e3fca586a306a9}(|)Суми, Сумська, просп.Курський, 103(|)
{"#",47e6dd42-cd5c-4e3a-9bc4-14816ed53d38,66:ae9a001517d39cec11e3fca25cb64f0b}(|){"#",a2b5aac2-33a7-41ec-878c-7dd928ac85cf,184:ae9a001517d39cec11e3fca586a306ab}(|)Краснопілля (Сумська обл.), Сумська, пров.Привокзальний, 9(|)
{"#",47e6dd42-cd5c-4e3a-9bc4-14816ed53d38,66:ae9a001517d39cec11e3fca29f94c338}(|){"#",a2b5aac2-33a7-41ec-878c-7dd928ac85cf,184:ae9a001517d39cec11e3fca586a306ad}(|)Охтирка, Сумська, вул.Сумська (Фрунзе), 8(|)
{"#",47e6dd42-cd5c-4e3a-9bc4-14816ed53d38,66:ae9a001517d39cec11e3fca1681c0d9f}(|){"#",a2b5aac2-33a7-41ec-878c-7dd928ac85cf,184:ae9a001517d39cec11e3fca586a306af}(|)Київ, Київська, вул.Пухівська, 2(|)Пухівська буд № 2, Київ, Київська, Київська, 2 232
{"#",47e6dd42-cd5c-4e3a-9bc4-14816ed53d38,66:ae9a001517d39cec11e3fca1c9c964c9}(|){"#",a2b5aac2-33a7-41ec-878c-7dd928ac85cf,184:ae9a001517d39cec11e3fca586a306b1}(|)Київ, Київська, просп.Науки, 61(|)
{"#",47e6dd42-cd5c-4e3a-9bc4-14816ed53d38,66:ae9a001517d39cec11e3fca1681c0da0}(|){"#",a2b5aac2-33a7-41ec-878c-7dd928ac85cf,184:ae9a001517d39cec11e3fca586a306b3}(|)Київ, Київська, вул.Гвардійська, 85(|)
{"#",47e6dd42-cd5c-4e3a-9bc4-14816ed53d38,66:ae9a001517d39cec11e3fca27b105ec7}(|){"#",a2b5aac2-33a7-41ec-878c-7dd928ac85cf,184:ae9a001517d39cec11e3fca586a306b7}(|)Одеса, Одеська, вул.Туристична, 24(|)
{"#",47e6dd42-cd5c-4e3a-9bc4-14816ed53d38,66:ae9a001517d39cec11e3fca061bcc56d}(|){"#",a2b5aac2-33a7-41ec-878c-7dd928ac85cf,184:ae9a001517d39cec11e3fca586a306ba}(|)Київ, Київська, бульварПерова, 4(|)
{"#",47e6dd42-cd5c-4e3a-9bc4-14816ed53d38,66:ae9a001517d39cec11e3fca1b7433f86}(|){"#",a2b5aac2-33a7-41ec-878c-7dd928ac85cf,184:ae9a001517d39cec11e3fca586a306d3}(|)Київ, Київська, просп.Лісовий, 39-Д(|)
{"#",47e6dd42-cd5c-4e3a-9bc4-14816ed53d38,66:ae9a001517d39cec11e3fca149a09cf6}(|){"#",a2b5aac2-33a7-41ec-878c-7dd928ac85cf,184:ae9a001517d39cec11e3fca586a306d5}(|)Бровари, Київська, вул.Київська, 219(|)
{"#",47e6dd42-cd5c-4e3a-9bc4-14816ed53d38,66:ae9a001517d39cec11e3fca0db67c628}(|){"#",a2b5aac2-33a7-41ec-878c-7dd928ac85cf,184:ae9a001517d39cec11e3fca586a306d7}(|)Козелець, Чернігівська, вул.Комсомольська, 6(|)
{"#",47e6dd42-cd5c-4e3a-9bc4-14816ed53d38,66:ae9a001517d39cec11e3fca2568e5caf}(|){"#",a2b5aac2-33a7-41ec-878c-7dd928ac85cf,184:ae9a001517d39cec11e3fca586a306d9}(|)Носівка, Чернігівська, вул.Святотроїцька, 17(|)
{"#",47e6dd42-cd5c-4e3a-9bc4-14816ed53d38,66:ae9a001517d39cec11e3fca3e9796444}(|){"#",a2b5aac2-33a7-41ec-878c-7dd928ac85cf,184:ae9a001517d39cec11e3fca586a306db}(|)Київ, Київська, дорогаВелика Кільцева, 2(|)
{"#",47e6dd42-cd5c-4e3a-9bc4-14816ed53d38,66:ae9a001517d39cec11e3fca18cc1d30b}(|){"#",a2b5aac2-33a7-41ec-878c-7dd928ac85cf,184:ae9a001517d39cec11e3fca586a306de}(|)Козелець, Чернігівська, вул.Комсомольська, 17(|)
{"#",47e6dd42-cd5c-4e3a-9bc4-14816ed53d38,66:ae9a001517d39cec11e3fca1d612227e}(|){"#",a2b5aac2-33a7-41ec-878c-7dd928ac85cf,184:ae9a001517d39cec11e3fca586a306de}(|)Козелець, Чернігівська, вул.Комсомольська, 17(|)
{"#",47e6dd42-cd5c-4e3a-9bc4-14816ed53d38,66:ae9a001517d39cec11e3fca0aa852ed6}(|){"#",a2b5aac2-33a7-41ec-878c-7dd928ac85cf,184:ae9a001517d39cec11e3fca586a306e0}(|)Козелець, Чернігівська, вул.Комсомольська, 13(|)
{"#",47e6dd42-cd5c-4e3a-9bc4-14816ed53d38,66:ae9a001517d39cec11e3fca1d612228b}(|){"#",a2b5aac2-33a7-41ec-878c-7dd928ac85cf,184:ae9a001517d39cec11e3fca586a306e3}(|)Бобровиця, Київська, вул.Чернігівська, 9-А/81(|)
{"#",47e6dd42-cd5c-4e3a-9bc4-14816ed53d38,66:ae9a001517d39cec11e3fca3577fa9f7}(|){"#",a2b5aac2-33a7-41ec-878c-7dd928ac85cf,184:ae9a001517d39cec11e3fca586a306e5}(|)Прилуки, Чернігівська, вул.Київська, 176(|)
{"#",47e6dd42-cd5c-4e3a-9bc4-14816ed53d38,66:ae9a001517d39cec11e3fca2568e5cae}(|){"#",a2b5aac2-33a7-41ec-878c-7dd928ac85cf,184:ae9a001517d39cec11e3fca586a306e7}(|)Прилуки, Чернігівська, вул.Пирятинська, 50(|)
{"#",47e6dd42-cd5c-4e3a-9bc4-14816ed53d38,66:ae9a001517d39cec11e3fca2b810c988}(|){"#",a2b5aac2-33a7-41ec-878c-7dd928ac85cf,184:ae9a001517d39cec11e3fca586a306e7}(|)Прилуки, Чернігівська, вул.Пирятинська, 50(|)Пирятинська буд № 50, Прилуки, Чернігівська, Чернігівська
{"#",47e6dd42-cd5c-4e3a-9bc4-14816ed53d38,66:ae9a001517d39cec11e3fca2999558d6}(|){"#",a2b5aac2-33a7-41ec-878c-7dd928ac85cf,184:ae9a001517d39cec11e3fca586a306e9}(|)Прилуки, Чернігівська, вул.Київська, 234(|)
{"#",47e6dd42-cd5c-4e3a-9bc4-14816ed53d38,66:ae9a001517d39cec11e3fca100197760}(|){"#",a2b5aac2-33a7-41ec-878c-7dd928ac85cf,184:ae9a001517d39cec11e3fca586a306ec}(|)Ніжин, Чернігівська, вул.Носівський шлях, 3(|)Носовський Шлях буд № 3, Ніжин, Чернігівська, Чернігівська, 16 600
{"#",47e6dd42-cd5c-4e3a-9bc4-14816ed53d38,66:ae9a001517d39cec11e3fca35171f16f}(|){"#",a2b5aac2-33a7-41ec-878c-7dd928ac85cf,184:ae9a001517d39cec11e3fca586a306ee}(|)Бориспіль, Київська, пров.Горького, 42-А(|)
{"#",47e6dd42-cd5c-4e3a-9bc4-14816ed53d38,66:ae9a001517d39cec11e3fca0cf321b44}(|){"#",a2b5aac2-33a7-41ec-878c-7dd928ac85cf,184:ae9a001517d39cec11e3fca586a306f0}(|)Бориспіль, Київська, вул.Київський Шлях, 151(|)
{"#",47e6dd42-cd5c-4e3a-9bc4-14816ed53d38,66:ae9a001517d39cec11e3fca1cffae098}(|){"#",a2b5aac2-33a7-41ec-878c-7dd928ac85cf,184:ae9a001517d39cec11e3fca586a306f0}(|)Бориспіль, Київська, вул.Київський Шлях, 151(|)
{"#",47e6dd42-cd5c-4e3a-9bc4-14816ed53d38,66:ae9a001517d39cec11e3fca0bccd56fa}(|){"#",a2b5aac2-33a7-41ec-878c-7dd928ac85cf,184:ae9a001517d39cec11e3fca586a306f2}(|)Бориспіль, Київська, вул.Головатого, 15(|)
{"#",47e6dd42-cd5c-4e3a-9bc4-14816ed53d38,66:ae9a001517d39cec11e3fca225bc75bb}(|){"#",a2b5aac2-33a7-41ec-878c-7dd928ac85cf,184:ae9a001517d39cec11e3fca586a306f2}(|)Бориспіль, Київська, вул.Головатого, 15(|)
{"#",47e6dd42-cd5c-4e3a-9bc4-14816ed53d38,66:ae9a001517d39cec11e3fca2750c2fa8}(|){"#",a2b5aac2-33a7-41ec-878c-7dd928ac85cf,184:ae9a001517d39cec11e3fca586a306f5}(|)Бориспіль, Київська, вул.Броварська, 2(|)
{"#",47e6dd42-cd5c-4e3a-9bc4-14816ed53d38,66:ae9a001517d39cec11e3fca16217de86}(|){"#",a2b5aac2-33a7-41ec-878c-7dd928ac85cf,184:ae9a001517d39cec11e3fca58c9dac57}(|)Київ, Київська, вул.Березняківська, 20(|)
{"#",47e6dd42-cd5c-4e3a-9bc4-14816ed53d38,66:ae9a001517d39cec11e3fca186c0064a}(|){"#",a2b5aac2-33a7-41ec-878c-7dd928ac85cf,184:ae9a001517d39cec11e3fca58c9dac59}(|)Київ, Київська, вул.Максимовича Михайла (Трутенка Онуфрія), 6(|)
{"#",47e6dd42-cd5c-4e3a-9bc4-14816ed53d38,66:ae9a001517d39cec11e3fca3dd415704}(|){"#",a2b5aac2-33a7-41ec-878c-7dd928ac85cf,184:ae9a001517d39cec11e3fca58c9dac5b}(|)Київ, Київська, вул.Героїв Оборони, 3(|)
{"#",47e6dd42-cd5c-4e3a-9bc4-14816ed53d38,66:ae9a001517d39cec11e3fca345351f7b}(|){"#",a2b5aac2-33a7-41ec-878c-7dd928ac85cf,184:ae9a001517d39cec11e3fca58c9dac5e}(|)Васильків (Київська обл., Васильківський р-н), Київська, вул.Суворова, 6(|)
{"#",47e6dd42-cd5c-4e3a-9bc4-14816ed53d38,66:ae9a001517d39cec11e3fca3577fa9f3}(|){"#",a2b5aac2-33a7-41ec-878c-7dd928ac85cf,184:ae9a001517d39cec11e3fca58c9dac60}(|)Дачне, Одеська, вул.Леніна, 132(|)
{"#",47e6dd42-cd5c-4e3a-9bc4-14816ed53d38,66:ae9a001517d39cec11e3fca1f470f6f6}(|){"#",a2b5aac2-33a7-41ec-878c-7dd928ac85cf,184:ae9a001517d39cec11e3fca58c9dac65}(|)Ніжин, Чернігівська, пров.Лікарняний, 7(|)Лікарський буд № 7, Ніжин, Чернігівська, Чернігівська
{"#",47e6dd42-cd5c-4e3a-9bc4-14816ed53d38,66:ae9a001517d39cec11e3fca338f5eb30}(|){"#",a2b5aac2-33a7-41ec-878c-7dd928ac85cf,184:ae9a001517d39cec11e3fca58c9dac69}(|)Ніжин, Чернігівська, вул.Бондарська, 1(|)Богатирська, Ніжин, Чернігівська, Чернігівська
{"#",47e6dd42-cd5c-4e3a-9bc4-14816ed53d38,66:ae9a001517d39cec11e3fca0d533e808}(|){"#",a2b5aac2-33a7-41ec-878c-7dd928ac85cf,184:ae9a001517d39cec11e3fca58c9dac6f}(|)Ніжин, Чернігівська, вул.Прилуцька, 137(|)Прилуцкая буд № 137, Ніжин, Полтавський, Полтавський
{"#",47e6dd42-cd5c-4e3a-9bc4-14816ed53d38,66:ae9a001517d39cec11e3fca1126feda0}(|){"#",a2b5aac2-33a7-41ec-878c-7dd928ac85cf,184:ae9a001517d39cec11e3fca58c9dac73}(|)Одеська обл., смт.Черноморське, магазин біля зупинки на світлофорі(|)
{"#",47e6dd42-cd5c-4e3a-9bc4-14816ed53d38,66:ae9a001517d39cec11e3fca073dc6591}(|){"#",a2b5aac2-33a7-41ec-878c-7dd928ac85cf,184:ae9a001517d39cec11e3fca58c9dac75}(|)Одеса, Одеська, дорогаСтарокиївська(Новомиколаївська), 1(|)
{"#",47e6dd42-cd5c-4e3a-9bc4-14816ed53d38,66:ae9a001517d39cec11e3fca0925a388f}(|){"#",a2b5aac2-33a7-41ec-878c-7dd928ac85cf,184:ae9a001517d39cec11e3fca58c9dac77}(|)Одеса, Одеська, вул.Головатого Отамана, 98(|)
{"#",47e6dd42-cd5c-4e3a-9bc4-14816ed53d38,66:ae9a001517d39cec11e3fca079e094a0}(|){"#",a2b5aac2-33a7-41ec-878c-7dd928ac85cf,184:ae9a001517d39cec11e3fca58c9dac79}(|)Одеса, Одеська, вул.Балківська, 94(|)
{"#",47e6dd42-cd5c-4e3a-9bc4-14816ed53d38,66:ae9a001517d39cec11e3fca1e240a650}(|){"#",a2b5aac2-33a7-41ec-878c-7dd928ac85cf,184:ae9a001517d39cec11e3fca58c9dac7e}(|)Прилуки, Чернігівська, вул.Войкова, 4(|)Войкова буд № 4, Прилуки, Чернігівська, Чернігівська
{"#",47e6dd42-cd5c-4e3a-9bc4-14816ed53d38,66:ae9a001517d39cec11e3fca345351f75}(|){"#",a2b5aac2-33a7-41ec-878c-7dd928ac85cf,184:ae9a001517d39cec11e3fca58c9dac7e}(|)Прилуки, Чернігівська, вул.Войкова, 4(|)
{"#",47e6dd42-cd5c-4e3a-9bc4-14816ed53d38,66:ae9a001517d39cec11e3fca174541ae2}(|){"#",a2b5aac2-33a7-41ec-878c-7dd928ac85cf,184:ae9a001517d39cec11e3fca58c9dac80}(|)Прилуки, Чернігівська, вул.Переяславська, 72(|)Переясловська буд № 72, Прилуки, Чернігівська, Чернігівська
{"#",47e6dd42-cd5c-4e3a-9bc4-14816ed53d38,66:ae9a001517d39cec11e3fc9fe332d6c2}(|){"#",a2b5aac2-33a7-41ec-878c-7dd928ac85cf,184:ae9a001517d39cec11e3fca58c9dac84}(|)Прилуки, Чернігівська, вул.1 Травня, 59(|)
{"#",47e6dd42-cd5c-4e3a-9bc4-14816ed53d38,66:ae9a001517d39cec11e3fca34b394e8c}(|){"#",a2b5aac2-33a7-41ec-878c-7dd928ac85cf,184:ae9a001517d39cec11e3fca58c9dac84}(|)Прилуки, Чернігівська, вул.1 Травня, 59(|)1- Мая буд № 59, Прилуки, Чернігівська, Чернігівська
{"#",47e6dd42-cd5c-4e3a-9bc4-14816ed53d38,66:ae9a001517d39cec11e3fca1436597ba}(|){"#",a2b5aac2-33a7-41ec-878c-7dd928ac85cf,184:ae9a001517d39cec11e3fca58c9dac86}(|)Одеса, Одеська, вул.Бугаївська, 41(|)
{"#",47e6dd42-cd5c-4e3a-9bc4-14816ed53d38,66:ae9a001517d39cec11e3fca2c452602e}(|){"#",a2b5aac2-33a7-41ec-878c-7dd928ac85cf,184:ae9a001517d39cec11e3fca58c9dac88}(|)Южне, Одеська, вул.Кедрова, 8(|)
{"#",47e6dd42-cd5c-4e3a-9bc4-14816ed53d38,66:ae9a001517d39cec11e3fca237fd76e0}(|){"#",a2b5aac2-33a7-41ec-878c-7dd928ac85cf,184:ae9a001517d39cec11e3fca58c9dac8a}(|)Одеса, Одеська, вул.Дальницька, 5(|)
{"#",47e6dd42-cd5c-4e3a-9bc4-14816ed53d38,66:ae9a001517d39cec11e3fca1126fed92}(|){"#",a2b5aac2-33a7-41ec-878c-7dd928ac85cf,184:ae9a001517d39cec11e3fca58c9dac8c}(|)Одеса, Одеська, вул.Дальницька, 16(|)
{"#",47e6dd42-cd5c-4e3a-9bc4-14816ed53d38,66:ae9a001517d39cec11e3fca2750c2fa9}(|){"#",a2b5aac2-33a7-41ec-878c-7dd928ac85cf,184:ae9a001517d39cec11e3fca58c9dac8e}(|)Одеса, Одеська, вул.Хмельницького Богдана, 24(|)
{"#",47e6dd42-cd5c-4e3a-9bc4-14816ed53d38,66:ae9a001517d39cec11e3fca24a53ed07}(|){"#",a2b5aac2-33a7-41ec-878c-7dd928ac85cf,184:ae9a001517d39cec11e3fca58c9dac90}(|)Прилуки, Чернігівська, вул.Незалежності, 64(|)Незалежності буд № 64, Прилуки, Чернігівська, Чернігівська
{"#",47e6dd42-cd5c-4e3a-9bc4-14816ed53d38,66:ae9a001517d39cec11e3fca192cf8b86}(|){"#",a2b5aac2-33a7-41ec-878c-7dd928ac85cf,184:ae9a001517d39cec11e3fca58c9dac92}(|)Одеса, Одеська, вул.Мінська, 12(|)
{"#",47e6dd42-cd5c-4e3a-9bc4-14816ed53d38,66:ae9a001517d39cec11e3fca0bccd5702}(|){"#",a2b5aac2-33a7-41ec-878c-7dd928ac85cf,184:ae9a001517d39cec11e3fca58c9dac94}(|)Прилуки, Чернігівська, вул.Густинська, 45(|)Густинская буд № 45, Прилуки, Чернігівська, Чернігівська
{"#",47e6dd42-cd5c-4e3a-9bc4-14816ed53d38,66:ae9a001517d39cec11e3fca1ee765142}(|){"#",a2b5aac2-33a7-41ec-878c-7dd928ac85cf,184:ae9a001517d39cec11e3fca58c9dac96}(|)Авторинок Перемога, Одеса, Одеська(|)
{"#",47e6dd42-cd5c-4e3a-9bc4-14816ed53d38,66:ae9a001517d39cec11e3fca237fd76dc}(|){"#",a2b5aac2-33a7-41ec-878c-7dd928ac85cf,184:ae9a001517d39cec11e3fca58c9dac96}(|)Авторинок Перемога, Одеса, Одеська(|)
{"#",47e6dd42-cd5c-4e3a-9bc4-14816ed53d38,66:ae9a001517d39cec11e3fca16217de7f}(|){"#",a2b5aac2-33a7-41ec-878c-7dd928ac85cf,184:ae9a001517d39cec11e3fca58c9dac99}(|)Прилуки, Чернігівська, вул.Переяславська, 68(|)Переясловська буд № 68, Прилуки, Чернігівська, Чернігівська
{"#",47e6dd42-cd5c-4e3a-9bc4-14816ed53d38,66:ae9a001517d39cec11e3fca206c2a871}(|){"#",a2b5aac2-33a7-41ec-878c-7dd928ac85cf,184:ae9a001517d39cec11e3fca58c9dac9b}(|)Ічня, Чернігівська, вул.Леніна, 21(|)Леніна буд № 21, Ічня, Чернігівська, Чернігівська
{"#",47e6dd42-cd5c-4e3a-9bc4-14816ed53d38,66:ae9a001517d39cec11e3fca1126fed91}(|){"#",a2b5aac2-33a7-41ec-878c-7dd928ac85cf,184:ae9a001517d39cec11e3fca58c9dac9d}(|)Ічня, Чернігівська, вул.Леніна, 15(|)Леніна буд № 15, Ічня, Чернігівська, Чернігівська
{"#",47e6dd42-cd5c-4e3a-9bc4-14816ed53d38,66:ae9a001517d39cec11e3fca1436597b9}(|){"#",a2b5aac2-33a7-41ec-878c-7dd928ac85cf,184:ae9a001517d39cec11e3fca58c9dac9f}(|)Азс Ичня, м.Ічня, Чернігівська обл.(|)Азс Ичня, Ічня, Чернігівська, Чернігівська
{"#",47e6dd42-cd5c-4e3a-9bc4-14816ed53d38,66:ae9a001517d39cec11e3fca33f381760}(|){"#",a2b5aac2-33a7-41ec-878c-7dd928ac85cf,184:ae9a001517d39cec11e3fca58c9dac9f}(|)Азс Ичня, м.Ічня, Чернігівська обл.(|)Азс Ичня, Ічня, Чернігівська, Чернігівська
{"#",47e6dd42-cd5c-4e3a-9bc4-14816ed53d38,66:ae9a001517d39cec11e3fca2999558de}(|){"#",a2b5aac2-33a7-41ec-878c-7dd928ac85cf,184:ae9a001517d39cec11e3fca58c9daca2}(|)Ічня, Чернігівська, вул.Першотравнева, 1(|)Першотравнева буд № 1, Ічня, Чернігівська, Чернігівська, 16 700
{"#",47e6dd42-cd5c-4e3a-9bc4-14816ed53d38,66:ae9a001517d39cec11e3fca22beb8f2a}(|){"#",a2b5aac2-33a7-41ec-878c-7dd928ac85cf,184:ae9a001517d39cec11e3fca58c9daca4}(|)Ічня, Чернігівська, вул.Леніна, 9(|)Леніна буд № 9, Ічня, Чернігівська, Чернігівська
{"#",47e6dd42-cd5c-4e3a-9bc4-14816ed53d38,66:ae9a001517d39cec11e3fca0d533e80b}(|){"#",a2b5aac2-33a7-41ec-878c-7dd928ac85cf,184:ae9a001517d39cec11e3fca58c9daca6}(|)Ічня, Чернігівська, вул.Леніна, 36-Б(|)Леніна буд № 36Б, Ічня, Чернігівська, Чернігівська
{"#",47e6dd42-cd5c-4e3a-9bc4-14816ed53d38,66:ae9a001517d39cec11e3fca3c4eb766b}(|){"#",a2b5aac2-33a7-41ec-878c-7dd928ac85cf,184:ae9a001517d39cec11e3fca58c9daca8}(|)Новий Биків, Чернігівська, вул.Чернишевського, 10(|)Леніна буд № 10, Новий Биків, Чернігівська, Чернігівська
{"#",47e6dd42-cd5c-4e3a-9bc4-14816ed53d38,66:ae9a001517d39cec11e3fca1126fed8f}(|){"#",a2b5aac2-33a7-41ec-878c-7dd928ac85cf,184:ae9a001517d39cec11e3fca59295efb0}(|)Нова Басань, Чернігівська, вул.Шевченка, 40-А(|)Шевченка буд № 40-а, Нова Басань, Чернігівська, Чернігівська
{"#",47e6dd42-cd5c-4e3a-9bc4-14816ed53d38,66:ae9a001517d39cec11e3fca0e787fbee}(|){"#",a2b5aac2-33a7-41ec-878c-7dd928ac85cf,184:ae9a001517d39cec11e3fca59295efb2}(|)Київ, Київська, вул.Салютна, 2(|)
{"#",47e6dd42-cd5c-4e3a-9bc4-14816ed53d38,66:aa930025909438d611e8fc73931610da}(|){"#",a2b5aac2-33a7-41ec-878c-7dd928ac85cf,184:ae9a001517d39cec11e3fca59295efb5}(|)Київ, Київська, просп.Порика Василя, 8-А(|)
{"#",47e6dd42-cd5c-4e3a-9bc4-14816ed53d38,66:aa990025909438d611eaabd6f6d531f0}(|){"#",a2b5aac2-33a7-41ec-878c-7dd928ac85cf,184:ae9a001517d39cec11e3fca59295efb5}(|)Київ, Київська, просп.Порика Василя, 8-А(|)
{"#",47e6dd42-cd5c-4e3a-9bc4-14816ed53d38,66:ae9a001517d39cec11e3fca0a45ada2a}(|){"#",a2b5aac2-33a7-41ec-878c-7dd928ac85cf,184:ae9a001517d39cec11e3fca59295efb5}(|)Київ, Київська, просп.Порика Василя, 8-А(|)
{"#",47e6dd42-cd5c-4e3a-9bc4-14816ed53d38,66:ae9a001517d39cec11e3fca0c2dfd430}(|){"#",a2b5aac2-33a7-41ec-878c-7dd928ac85cf,184:ae9a001517d39cec11e3fca59295efb7}(|)Київ, Київська, вул.Святошинська, 34(|)
{"#",47e6dd42-cd5c-4e3a-9bc4-14816ed53d38,66:ae9a001517d39cec11e3fca16e229f06}(|){"#",a2b5aac2-33a7-41ec-878c-7dd928ac85cf,184:ae9a001517d39cec11e3fca59295efb9}(|)Київ, Київська, просп.Перемоги, 142(|)
{"#",47e6dd42-cd5c-4e3a-9bc4-14816ed53d38,66:ae9a001517d39cec11e3fca231e8974e}(|){"#",a2b5aac2-33a7-41ec-878c-7dd928ac85cf,184:ae9a001517d39cec11e3fca59295efbd}(|)Київ, Київська, вул.Гречка Маршала, 9-А(|)
{"#",47e6dd42-cd5c-4e3a-9bc4-14816ed53d38,66:ae9a001517d39cec11e3fca11eed1f05}(|){"#",a2b5aac2-33a7-41ec-878c-7dd928ac85cf,184:ae9a001517d39cec11e3fca59295efbf}(|)Київ, Київська, вул.Службова, 4(|)
{"#",47e6dd42-cd5c-4e3a-9bc4-14816ed53d38,66:ae9a001517d39cec11e3fca1b7433f7f}(|){"#",a2b5aac2-33a7-41ec-878c-7dd928ac85cf,184:ae9a001517d39cec11e3fca59295efbf}(|)Київ, Київська, вул.Службова, 4(|)
{"#",47e6dd42-cd5c-4e3a-9bc4-14816ed53d38,66:ae9a001517d39cec11e3fca2d6dd4a26}(|){"#",a2b5aac2-33a7-41ec-878c-7dd928ac85cf,184:ae9a001517d39cec11e3fca59295efbf}(|)Київ, Київська, вул.Службова, 4(|)
{"#",47e6dd42-cd5c-4e3a-9bc4-14816ed53d38,66:ae9a001517d39cec11e3fca30218ae13}(|){"#",a2b5aac2-33a7-41ec-878c-7dd928ac85cf,184:ae9a001517d39cec11e3fca59295efbf}(|)Київ, Київська, вул.Службова, 4(|)
{"#",47e6dd42-cd5c-4e3a-9bc4-14816ed53d38,66:ae9a001517d39cec11e3fca3a07a24ca}(|){"#",a2b5aac2-33a7-41ec-878c-7dd928ac85cf,184:ae9a001517d39cec11e3fca59295efc1}(|)Київ, Київська, вул.Клавдіївська, 22(|)
{"#",47e6dd42-cd5c-4e3a-9bc4-14816ed53d38,66:ae9a001517d39cec11e3fca3e37c5c38}(|){"#",a2b5aac2-33a7-41ec-878c-7dd928ac85cf,184:ae9a001517d39cec11e3fca59295efc1}(|)Київ, Київська, вул.Клавдіївська, 22(|)
{"#",47e6dd42-cd5c-4e3a-9bc4-14816ed53d38,66:ae9a001517d39cec11e3fca0edab29a4}(|){"#",a2b5aac2-33a7-41ec-878c-7dd928ac85cf,184:ae9a001517d39cec11e3fca59295efc3}(|)Київ, Київська, вул.Гречка Маршала, 14(|)
{"#",47e6dd42-cd5c-4e3a-9bc4-14816ed53d38,66:ae9a001517d39cec11e3fca15c114d00}(|){"#",a2b5aac2-33a7-41ec-878c-7dd928ac85cf,184:ae9a001517d39cec11e3fca59295efc5}(|)Київ, Київська, вул.Стеценка, 1-А(|)
{"#",47e6dd42-cd5c-4e3a-9bc4-14816ed53d38,66:ae9a001517d39cec11e3fca13d38e0af}(|){"#",a2b5aac2-33a7-41ec-878c-7dd928ac85cf,184:ae9a001517d39cec11e3fca59295efc7}(|)Київ, Київська, вул.Новомостицька, 31(|)
{"#",47e6dd42-cd5c-4e3a-9bc4-14816ed53d38,66:ae9a001517d39cec11e3fca262c8cc41}(|){"#",a2b5aac2-33a7-41ec-878c-7dd928ac85cf,184:ae9a001517d39cec11e3fca59295efc9}(|)Київ, Київська, вул.Новомостицька, 2(|)
{"#",47e6dd42-cd5c-4e3a-9bc4-14816ed53d38,66:ae9a001517d39cec11e3fca09859a2f0}(|){"#",a2b5aac2-33a7-41ec-878c-7dd928ac85cf,184:ae9a001517d39cec11e3fca59295efd9}(|)Одеса, Одеська, просп.Академіка Глушка, 29(|)
{"#",47e6dd42-cd5c-4e3a-9bc4-14816ed53d38,66:ae9a001517d39cec11e3fca09859a2fd}(|){"#",a2b5aac2-33a7-41ec-878c-7dd928ac85cf,184:ae9a001517d39cec11e3fca59295efde}(|)Молодіжне, Одеська, вул.Перемоги, 7(|)
{"#",47e6dd42-cd5c-4e3a-9bc4-14816ed53d38,66:ae9a001517d39cec11e3fca3d7313c34}(|){"#",a2b5aac2-33a7-41ec-878c-7dd928ac85cf,184:ae9a001517d39cec11e3fca59295efde}(|)Молодіжне, Одеська, вул.Перемоги, 7(|)
{"#",47e6dd42-cd5c-4e3a-9bc4-14816ed53d38,66:ae9a001517d39cec11e3fca345351f69}(|){"#",a2b5aac2-33a7-41ec-878c-7dd928ac85cf,184:ae9a001517d39cec11e3fca59295efe0}(|)Чорноморськ, Одеська, вул.Героїв Сталінграда, 1(|)
{"#",47e6dd42-cd5c-4e3a-9bc4-14816ed53d38,66:ae9a001517d39cec11e3fca30e4bf69f}(|){"#",a2b5aac2-33a7-41ec-878c-7dd928ac85cf,184:ae9a001517d39cec11e3fca59295efe2}(|)Чорноморськ, Одеська, вул.Торгова (Комсомольська), 1-А(|)
{"#",47e6dd42-cd5c-4e3a-9bc4-14816ed53d38,66:ae9a001517d39cec11e3fca32085d09a}(|){"#",a2b5aac2-33a7-41ec-878c-7dd928ac85cf,184:ae9a001517d39cec11e3fca59295efe2}(|)Чорноморськ, Одеська, вул.Торгова (Комсомольська), 1-А(|)
{"#",47e6dd42-cd5c-4e3a-9bc4-14816ed53d38,66:ae9a001517d39cec11e3fca0c2dfd427}(|){"#",a2b5aac2-33a7-41ec-878c-7dd928ac85cf,184:ae9a001517d39cec11e3fca59295efe4}(|)Прилиманське, Одеська, вул.Райдужна, 171(|)
{"#",47e6dd42-cd5c-4e3a-9bc4-14816ed53d38,66:ae9a001517d39cec11e3fca0c2dfd425}(|){"#",a2b5aac2-33a7-41ec-878c-7dd928ac85cf,184:ae9a001517d39cec11e3fca59295efe6}(|)Авторинок Анжелика, м.Одеса, Одеська обл.(|)
{"#",47e6dd42-cd5c-4e3a-9bc4-14816ed53d38,66:ae9a001517d39cec11e3fca1ab08cfe7}(|){"#",a2b5aac2-33a7-41ec-878c-7dd928ac85cf,184:ae9a001517d39cec11e3fca59295efe6}(|)Авторинок Анжелика, м.Одеса, Одеська обл.(|)
{"#",47e6dd42-cd5c-4e3a-9bc4-14816ed53d38,66:ae9a001517d39cec11e3fca09859a2ea}(|){"#",a2b5aac2-33a7-41ec-878c-7dd928ac85cf,184:ae9a001517d39cec11e3fca59295efe9}(|)Авторинок 7-й км, Авангард, Одеська(|)
{"#",47e6dd42-cd5c-4e3a-9bc4-14816ed53d38,66:ae9a001517d39cec11e3fca1126fed97}(|){"#",a2b5aac2-33a7-41ec-878c-7dd928ac85cf,184:ae9a001517d39cec11e3fca59295efe9}(|)Авторинок 7-й км, Авангард, Одеська(|)
{"#",47e6dd42-cd5c-4e3a-9bc4-14816ed53d38,66:ae9a001517d39cec11e3fca29f94c34a}(|){"#",a2b5aac2-33a7-41ec-878c-7dd928ac85cf,184:ae9a001517d39cec11e3fca59295efe9}(|)Авторинок 7-й км, Авангард, Одеська(|)
{"#",47e6dd42-cd5c-4e3a-9bc4-14816ed53d38,66:ae9a001517d39cec11e3fca30e4bf6a3}(|){"#",a2b5aac2-33a7-41ec-878c-7dd928ac85cf,184:ae9a001517d39cec11e3fca59295efe9}(|)Авторинок 7-й км, Авангард, Одеська(|)
{"#",47e6dd42-cd5c-4e3a-9bc4-14816ed53d38,66:ae9a001517d39cec11e3fca27b105ed1}(|){"#",a2b5aac2-33a7-41ec-878c-7dd928ac85cf,184:ae9a001517d39cec11e3fca59295efed}(|)Великий Дальник, Одеська, вул.Тираспільська, 46-Б(|)
{"#",47e6dd42-cd5c-4e3a-9bc4-14816ed53d38,66:ae9a001517d39cec11e3fca3a07a24cf}(|){"#",a2b5aac2-33a7-41ec-878c-7dd928ac85cf,184:ae9a001517d39cec11e3fca59295efef}(|)Великий Дальник, Одеська, вул.Маяцька, 3(|)
{"#",47e6dd42-cd5c-4e3a-9bc4-14816ed53d38,66:ae9a001517d39cec11e3fca1ab08cffe}(|){"#",a2b5aac2-33a7-41ec-878c-7dd928ac85cf,184:ae9a001517d39cec11e3fca59295eff1}(|)Мирне (Біляївський р-н., Одеська обл.), Одеська, вул.Леніна, 188(|)
{"#",47e6dd42-cd5c-4e3a-9bc4-14816ed53d38,66:ae9a001517d39cec11e3fca1b130c246}(|){"#",a2b5aac2-33a7-41ec-878c-7dd928ac85cf,184:ae9a001517d39cec11e3fca59295eff3}(|)Теплодар, Одеська, просп.Енергетиків, 85(|)
{"#",47e6dd42-cd5c-4e3a-9bc4-14816ed53d38,66:ae9a001517d39cec11e3fca1ab08cff6}(|){"#",a2b5aac2-33a7-41ec-878c-7dd928ac85cf,184:ae9a001517d39cec11e3fca59295eff5}(|)Теплодар, Одеська, просп.Енергетиків, 85(|)
{"#",47e6dd42-cd5c-4e3a-9bc4-14816ed53d38,66:ae9a001517d39cec11e3fca1fa8a9b36}(|){"#",a2b5aac2-33a7-41ec-878c-7dd928ac85cf,184:ae9a001517d39cec11e3fca59295eff7}(|)Біляївка, Одеська, вул.Комінтерна, 1(|)
{"#",47e6dd42-cd5c-4e3a-9bc4-14816ed53d38,66:ae9a001517d39cec11e3fca2d0a96c0b}(|){"#",a2b5aac2-33a7-41ec-878c-7dd928ac85cf,184:ae9a001517d39cec11e3fca59295eff9}(|)Біляївка, Одеська, вул.Московська, 35(|)
{"#",47e6dd42-cd5c-4e3a-9bc4-14816ed53d38,66:ae9a001517d39cec11e3fca09859a2ff}(|){"#",a2b5aac2-33a7-41ec-878c-7dd928ac85cf,184:ae9a001517d39cec11e3fca59295effb}(|)Біляївка, Одеська, вул.Леніна, 351(|)
{"#",47e6dd42-cd5c-4e3a-9bc4-14816ed53d38,66:ae9a001517d39cec11e3fca3a6857ae3}(|){"#",a2b5aac2-33a7-41ec-878c-7dd928ac85cf,184:ae9a001517d39cec11e3fca59295effd}(|)Маяки (Одеська обл.), Одеська, вул.Богачова, 1(|)
{"#",47e6dd42-cd5c-4e3a-9bc4-14816ed53d38,66:ae9a001517d39cec11e3fca244358416}(|){"#",a2b5aac2-33a7-41ec-878c-7dd928ac85cf,184:ae9a001517d39cec11e3fca59295efff}(|)Овідіополь, Одеська, вул.Дзержинського, 136(|)
{"#",47e6dd42-cd5c-4e3a-9bc4-14816ed53d38,66:ae9a001517d39cec11e3fca32cc9c99e}(|){"#",a2b5aac2-33a7-41ec-878c-7dd928ac85cf,184:ae9a001517d39cec11e3fca59295f001}(|)Овідіополь, Одеська, вул.Вертелецького, 1-Б(|)
{"#",47e6dd42-cd5c-4e3a-9bc4-14816ed53d38,66:ae9a001517d39cec11e3fca29f94c344}(|){"#",a2b5aac2-33a7-41ec-878c-7dd928ac85cf,184:ae9a001517d39cec11e3fca59295f003}(|)Овідіополь, Одеська, вул.Дзержинського, 4(|)
{"#",47e6dd42-cd5c-4e3a-9bc4-14816ed53d38,66:ae9a001517d39cec11e3fca3dd415714}(|){"#",a2b5aac2-33a7-41ec-878c-7dd928ac85cf,184:ae9a001517d39cec11e3fca59295f005}(|)Великодолинське, Одеська, вул.Леніна, 1(|)
{"#",47e6dd42-cd5c-4e3a-9bc4-14816ed53d38,66:ae9a001517d39cec11e3fca1436597c8}(|){"#",a2b5aac2-33a7-41ec-878c-7dd928ac85cf,184:ae9a001517d39cec11e3fca598909565}(|)Миколаїв, Миколаївська, вул.Веселинівська, 47-К(|)
{"#",47e6dd42-cd5c-4e3a-9bc4-14816ed53d38,66:ae9a001517d39cec11e3fca0bccd5700}(|){"#",a2b5aac2-33a7-41ec-878c-7dd928ac85cf,184:ae9a001517d39cec11e3fca598909567}(|)Авторинок Кірова Троицкая, Миколаїв, Миколаївська(|)
{"#",47e6dd42-cd5c-4e3a-9bc4-14816ed53d38,66:ae9a001517d39cec11e3fca0c2dfd43b}(|){"#",a2b5aac2-33a7-41ec-878c-7dd928ac85cf,184:ae9a001517d39cec11e3fca598909567}(|)Авторинок Кірова Троицкая, Миколаїв, Миколаївська(|)
{"#",47e6dd42-cd5c-4e3a-9bc4-14816ed53d38,66:ae9a001517d39cec11e3fca0c2dfd43c}(|){"#",a2b5aac2-33a7-41ec-878c-7dd928ac85cf,184:ae9a001517d39cec11e3fca598909567}(|)Авторинок Кірова Троицкая, Миколаїв, Миколаївська(|)
{"#",47e6dd42-cd5c-4e3a-9bc4-14816ed53d38,66:ae9a001517d39cec11e3fca124fad791}(|){"#",a2b5aac2-33a7-41ec-878c-7dd928ac85cf,184:ae9a001517d39cec11e3fca598909567}(|)Авторинок Кірова Троицкая, Миколаїв, Миколаївська(|)
{"#",47e6dd42-cd5c-4e3a-9bc4-14816ed53d38,66:ae9a001517d39cec11e3fca124fad795}(|){"#",a2b5aac2-33a7-41ec-878c-7dd928ac85cf,184:ae9a001517d39cec11e3fca598909567}(|)Авторинок Кірова Троицкая, Миколаїв, Миколаївська(|)
{"#",47e6dd42-cd5c-4e3a-9bc4-14816ed53d38,66:ae9a001517d39cec11e3fca186c0063c}(|){"#",a2b5aac2-33a7-41ec-878c-7dd928ac85cf,184:ae9a001517d39cec11e3fca598909567}(|)Авторинок Кірова Троицкая, Миколаїв, Миколаївська(|)
{"#",47e6dd42-cd5c-4e3a-9bc4-14816ed53d38,66:ae9a001517d39cec11e3fca186c0063d}(|){"#",a2b5aac2-33a7-41ec-878c-7dd928ac85cf,184:ae9a001517d39cec11e3fca598909567}(|)Авторинок Кірова Троицкая, Миколаїв, Миколаївська(|)
{"#",47e6dd42-cd5c-4e3a-9bc4-14816ed53d38,66:ae9a001517d39cec11e3fca186c00646}(|){"#",a2b5aac2-33a7-41ec-878c-7dd928ac85cf,184:ae9a001517d39cec11e3fca598909567}(|)Авторинок Кірова Троицкая, Миколаїв, Миколаївська(|)
{"#",47e6dd42-cd5c-4e3a-9bc4-14816ed53d38,66:ae9a001517d39cec11e3fca1d612228c}(|){"#",a2b5aac2-33a7-41ec-878c-7dd928ac85cf,184:ae9a001517d39cec11e3fca598909567}(|)Авторинок Кірова Троицкая, Миколаїв, Миколаївська(|)
{"#",47e6dd42-cd5c-4e3a-9bc4-14816ed53d38,66:ae9a001517d39cec11e3fca1dc32edce}(|){"#",a2b5aac2-33a7-41ec-878c-7dd928ac85cf,184:ae9a001517d39cec11e3fca598909567}(|)Авторинок Кірова Троицкая, Миколаїв, Миколаївська(|)
{"#",47e6dd42-cd5c-4e3a-9bc4-14816ed53d38,66:ae9a001517d39cec11e3fca1f470f6fc}(|){"#",a2b5aac2-33a7-41ec-878c-7dd928ac85cf,184:ae9a001517d39cec11e3fca598909567}(|)Авторинок Кірова Троицкая, Миколаїв, Миколаївська(|)
{"#",47e6dd42-cd5c-4e3a-9bc4-14816ed53d38,66:ae9a001517d39cec11e3fca1fa8a9b34}(|){"#",a2b5aac2-33a7-41ec-878c-7dd928ac85cf,184:ae9a001517d39cec11e3fca598909567}(|)Авторинок Кірова Троицкая, Миколаїв, Миколаївська(|)
{"#",47e6dd42-cd5c-4e3a-9bc4-14816ed53d38,66:ae9a001517d39cec11e3fca1fa8a9b35}(|){"#",a2b5aac2-33a7-41ec-878c-7dd928ac85cf,184:ae9a001517d39cec11e3fca598909567}(|)Авторинок Кірова Троицкая, Миколаїв, Миколаївська(|)
{"#",47e6dd42-cd5c-4e3a-9bc4-14816ed53d38,66:ae9a001517d39cec11e3fca2568e5ca7}(|){"#",a2b5aac2-33a7-41ec-878c-7dd928ac85cf,184:ae9a001517d39cec11e3fca598909567}(|)Авторинок Кірова Троицкая, Миколаїв, Миколаївська(|)
{"#",47e6dd42-cd5c-4e3a-9bc4-14816ed53d38,66:ae9a001517d39cec11e3fca2568e5cab}(|){"#",a2b5aac2-33a7-41ec-878c-7dd928ac85cf,184:ae9a001517d39cec11e3fca598909567}(|)Авторинок Кірова Троицкая, Миколаїв, Миколаївська(|)
{"#",47e6dd42-cd5c-4e3a-9bc4-14816ed53d38,66:ae9a001517d39cec11e3fca27b105ed2}(|){"#",a2b5aac2-33a7-41ec-878c-7dd928ac85cf,184:ae9a001517d39cec11e3fca598909567}(|)Авторинок Кірова Троицкая, Миколаїв, Миколаївська(|)
{"#",47e6dd42-cd5c-4e3a-9bc4-14816ed53d38,66:ae9a001517d39cec11e3fca2be3b1e48}(|){"#",a2b5aac2-33a7-41ec-878c-7dd928ac85cf,184:ae9a001517d39cec11e3fca598909567}(|)Авторинок Кірова Троицкая, Миколаїв, Миколаївська(|)
{"#",47e6dd42-cd5c-4e3a-9bc4-14816ed53d38,66:ae9a001517d39cec11e3fca2ca732b7a}(|){"#",a2b5aac2-33a7-41ec-878c-7dd928ac85cf,184:ae9a001517d39cec11e3fca598909567}(|)Авторинок Кірова Троицкая, Миколаїв, Миколаївська(|)
{"#",47e6dd42-cd5c-4e3a-9bc4-14816ed53d38,66:ae9a001517d39cec11e3fca30e4bf6a8}(|){"#",a2b5aac2-33a7-41ec-878c-7dd928ac85cf,184:ae9a001517d39cec11e3fca598909567}(|)Авторинок Кірова Троицкая, Миколаїв, Миколаївська(|)
{"#",47e6dd42-cd5c-4e3a-9bc4-14816ed53d38,66:ae9a001517d39cec11e3fca32695eb8c}(|){"#",a2b5aac2-33a7-41ec-878c-7dd928ac85cf,184:ae9a001517d39cec11e3fca598909567}(|)Авторинок Кірова Троицкая, Миколаїв, Миколаївська(|)
{"#",47e6dd42-cd5c-4e3a-9bc4-14816ed53d38,66:ae9a001517d39cec11e3fca345351f71}(|){"#",a2b5aac2-33a7-41ec-878c-7dd928ac85cf,184:ae9a001517d39cec11e3fca598909567}(|)Авторинок Кірова Троицкая, Миколаїв, Миколаївська(|)
{"#",47e6dd42-cd5c-4e3a-9bc4-14816ed53d38,66:ae9a001517d39cec11e3fca37bdde8d2}(|){"#",a2b5aac2-33a7-41ec-878c-7dd928ac85cf,184:ae9a001517d39cec11e3fca598909567}(|)Авторинок Кірова Троицкая, Миколаїв, Миколаївська(|)
{"#",47e6dd42-cd5c-4e3a-9bc4-14816ed53d38,66:ae9a001517d39cec11e3fca382142939}(|){"#",a2b5aac2-33a7-41ec-878c-7dd928ac85cf,184:ae9a001517d39cec11e3fca598909567}(|)Авторинок Кірова Троицкая, Миколаїв, Миколаївська(|)
{"#",47e6dd42-cd5c-4e3a-9bc4-14816ed53d38,66:ae9a001517d39cec11e3fca39a7f7f10}(|){"#",a2b5aac2-33a7-41ec-878c-7dd928ac85cf,184:ae9a001517d39cec11e3fca598909567}(|)Авторинок Кірова Троицкая, Миколаїв, Миколаївська(|)
{"#",47e6dd42-cd5c-4e3a-9bc4-14816ed53d38,66:ae9a001517d39cec11e3fca3dd41570b}(|){"#",a2b5aac2-33a7-41ec-878c-7dd928ac85cf,184:ae9a001517d39cec11e3fca598909567}(|)Авторинок Кірова Троицкая, Миколаїв, Миколаївська(|)
{"#",47e6dd42-cd5c-4e3a-9bc4-14816ed53d38,66:9c80001517d39cec11e55d3ae0641f57}(|){"#",a2b5aac2-33a7-41ec-878c-7dd928ac85cf,184:ae9a001517d39cec11e3fca598909571}(|)Авторинок Автобазар (Комсомольский), Миколаїв, Миколаївська(|)
{"#",47e6dd42-cd5c-4e3a-9bc4-14816ed53d38,66:ae9a001517d39cec11e3fca0c8fbdac4}(|){"#",a2b5aac2-33a7-41ec-878c-7dd928ac85cf,184:ae9a001517d39cec11e3fca598909571}(|)Авторинок Автобазар (Комсомольский), Миколаїв, Миколаївська(|)
{"#",47e6dd42-cd5c-4e3a-9bc4-14816ed53d38,66:ae9a001517d39cec11e3fca1f470f6fd}(|){"#",a2b5aac2-33a7-41ec-878c-7dd928ac85cf,184:ae9a001517d39cec11e3fca598909571}(|)Авторинок Автобазар (Комсомольский), Миколаїв, Миколаївська(|)
{"#",47e6dd42-cd5c-4e3a-9bc4-14816ed53d38,66:ae9a001517d39cec11e3fca2568e5ca6}(|){"#",a2b5aac2-33a7-41ec-878c-7dd928ac85cf,184:ae9a001517d39cec11e3fca598909571}(|)Авторинок Автобазар (Комсомольский), Миколаїв, Миколаївська(|)
{"#",47e6dd42-cd5c-4e3a-9bc4-14816ed53d38,66:ae9a001517d39cec11e3fca29f94c33c}(|){"#",a2b5aac2-33a7-41ec-878c-7dd928ac85cf,184:ae9a001517d39cec11e3fca598909571}(|)Авторинок Автобазар (Комсомольский), Миколаїв, Миколаївська(|)
{"#",47e6dd42-cd5c-4e3a-9bc4-14816ed53d38,66:ae9a001517d39cec11e3fca2be3b1e48}(|){"#",a2b5aac2-33a7-41ec-878c-7dd928ac85cf,184:ae9a001517d39cec11e3fca598909571}(|)Авторинок Автобазар (Комсомольский), Миколаїв, Миколаївська(|)
{"#",47e6dd42-cd5c-4e3a-9bc4-14816ed53d38,66:ae9a001517d39cec11e3fca2e3450669}(|){"#",a2b5aac2-33a7-41ec-878c-7dd928ac85cf,184:ae9a001517d39cec11e3fca598909571}(|)Авторинок Автобазар (Комсомольский), Миколаїв, Миколаївська(|)
{"#",47e6dd42-cd5c-4e3a-9bc4-14816ed53d38,66:ae9a001517d39cec11e3fca32cc9c9a2}(|){"#",a2b5aac2-33a7-41ec-878c-7dd928ac85cf,184:ae9a001517d39cec11e3fca598909571}(|)Авторинок Автобазар (Комсомольский), Миколаїв, Миколаївська(|)
{"#",47e6dd42-cd5c-4e3a-9bc4-14816ed53d38,66:ae9a001517d39cec11e3fca39a7f7f10}(|){"#",a2b5aac2-33a7-41ec-878c-7dd928ac85cf,184:ae9a001517d39cec11e3fca598909571}(|)Авторинок Автобазар (Комсомольский), Миколаїв, Миколаївська(|)
{"#",47e6dd42-cd5c-4e3a-9bc4-14816ed53d38,66:ae9a001517d39cec11e3fca1436597c1}(|){"#",a2b5aac2-33a7-41ec-878c-7dd928ac85cf,184:ae9a001517d39cec11e3fca598909575}(|)Авторинок Центральний, Вознесенськ, Миколаївська(|)
{"#",47e6dd42-cd5c-4e3a-9bc4-14816ed53d38,66:ae9a001517d39cec11e3fca1436597cb}(|){"#",a2b5aac2-33a7-41ec-878c-7dd928ac85cf,184:ae9a001517d39cec11e3fca598909575}(|)Авторинок Центральний, Вознесенськ, Миколаївська(|)
{"#",47e6dd42-cd5c-4e3a-9bc4-14816ed53d38,66:ae9a001517d39cec11e3fca1b130c247}(|){"#",a2b5aac2-33a7-41ec-878c-7dd928ac85cf,184:ae9a001517d39cec11e3fca598909575}(|)Авторинок Центральний, Вознесенськ, Миколаївська(|)
{"#",47e6dd42-cd5c-4e3a-9bc4-14816ed53d38,66:ae9a001517d39cec11e3fca2c4526036}(|){"#",a2b5aac2-33a7-41ec-878c-7dd928ac85cf,184:ae9a001517d39cec11e3fca598909575}(|)Авторинок Центральний, Вознесенськ, Миколаївська(|)
{"#",47e6dd42-cd5c-4e3a-9bc4-14816ed53d38,66:ae9a001517d39cec11e3fca38214293a}(|){"#",a2b5aac2-33a7-41ec-878c-7dd928ac85cf,184:ae9a001517d39cec11e3fca598909575}(|)Авторинок Центральний, Вознесенськ, Миколаївська(|)
{"#",47e6dd42-cd5c-4e3a-9bc4-14816ed53d38,66:ae9a001517d39cec11e3fca3a6857ae9}(|){"#",a2b5aac2-33a7-41ec-878c-7dd928ac85cf,184:ae9a001517d39cec11e3fca598909575}(|)Авторинок Центральний, Вознесенськ, Миколаївська(|)
{"#",47e6dd42-cd5c-4e3a-9bc4-14816ed53d38,66:ae9a001517d39cec11e3fca598909578}(|){"#",a2b5aac2-33a7-41ec-878c-7dd928ac85cf,184:ae9a001517d39cec11e3fca598909577}(|)Авторинок Тітан, Южноукраїнськ, Миколаївська(|)
{"#",47e6dd42-cd5c-4e3a-9bc4-14816ed53d38,66:ae9a001517d39cec11e3fca09e56ab01}(|){"#",a2b5aac2-33a7-41ec-878c-7dd928ac85cf,184:ae9a001517d39cec11e3fca59890957a}(|)Южноукраїнськ, Миколаївська, вул.Паркова, 2(|)
{"#",47e6dd42-cd5c-4e3a-9bc4-14816ed53d38,66:ae9a001517d39cec11e3fca37bdde8cf}(|){"#",a2b5aac2-33a7-41ec-878c-7dd928ac85cf,184:ae9a001517d39cec11e3fca59890957a}(|)Южноукраїнськ, Миколаївська, вул.Паркова, 2(|)
{"#",47e6dd42-cd5c-4e3a-9bc4-14816ed53d38,66:ae9a001517d39cec11e3fca06dcead0d}(|){"#",a2b5aac2-33a7-41ec-878c-7dd928ac85cf,184:ae9a001517d39cec11e3fca59890957c}(|)Авторинок Центральний, Ромни, Сумська(|)
{"#",47e6dd42-cd5c-4e3a-9bc4-14816ed53d38,66:ae9a001517d39cec11e3fca16217de77}(|){"#",a2b5aac2-33a7-41ec-878c-7dd928ac85cf,184:ae9a001517d39cec11e3fca59890957e}(|)Тростянець (Сумська обл.), Сумська, вул.Горького, 70(|)
{"#",47e6dd42-cd5c-4e3a-9bc4-14816ed53d38,66:ae9a001517d39cec11e3fca1f470f6f7}(|){"#",a2b5aac2-33a7-41ec-878c-7dd928ac85cf,184:ae9a001517d39cec11e3fca59890957e}(|)Тростянець (Сумська обл.), Сумська, вул.Горького, 70(|)
{"#",47e6dd42-cd5c-4e3a-9bc4-14816ed53d38,66:ae9a001517d39cec11e3fca0aa852ee4}(|){"#",a2b5aac2-33a7-41ec-878c-7dd928ac85cf,184:ae9a001517d39cec11e3fca598909581}(|)Ромни, Сумська, вул.Горького, 114(|)
{"#",47e6dd42-cd5c-4e3a-9bc4-14816ed53d38,66:ae9a001517d39cec11e3fca192cf8b89}(|){"#",a2b5aac2-33a7-41ec-878c-7dd928ac85cf,184:ae9a001517d39cec11e3fca598909583}(|)Тростянець (Сумська обл.), Сумська, вул.Хмельницького Богдана, 14(|)
{"#",47e6dd42-cd5c-4e3a-9bc4-14816ed53d38,66:ae9a001517d39cec11e3fca33f38176b}(|){"#",a2b5aac2-33a7-41ec-878c-7dd928ac85cf,184:ae9a001517d39cec11e3fca598909583}(|)Тростянець (Сумська обл.), Сумська, вул.Хмельницького Богдана, 14(|)
{"#",47e6dd42-cd5c-4e3a-9bc4-14816ed53d38,66:ae9a001517d39cec11e3fca3577fa9e8}(|){"#",a2b5aac2-33a7-41ec-878c-7dd928ac85cf,184:ae9a001517d39cec11e3fca598909583}(|)Тростянець (Сумська обл.), Сумська, вул.Хмельницького Богдана, 14(|)
{"#",47e6dd42-cd5c-4e3a-9bc4-14816ed53d38,66:ae9a001517d39cec11e3fca3d7313c2c}(|){"#",a2b5aac2-33a7-41ec-878c-7dd928ac85cf,184:ae9a001517d39cec11e3fca598909587}(|)Одеса, Одеська, вул.Балківська, 213(|)
{"#",47e6dd42-cd5c-4e3a-9bc4-14816ed53d38,66:ae9a001517d39cec11e3fca28d4c9b2c}(|){"#",a2b5aac2-33a7-41ec-878c-7dd928ac85cf,184:ae9a001517d39cec11e3fca598909597}(|)Київ, Київська, вул.Усенка Павла, 8(|)
{"#",47e6dd42-cd5c-4e3a-9bc4-14816ed53d38,66:ae9a001517d39cec11e3fca34b394e98}(|){"#",a2b5aac2-33a7-41ec-878c-7dd928ac85cf,184:ae9a001517d39cec11e3fca59890959b}(|)Київ, Київська, вул.Березняківська, 19(|)
{"#",47e6dd42-cd5c-4e3a-9bc4-14816ed53d38,66:9c80001517d39cec11e49bcb44faa1e0}(|){"#",a2b5aac2-33a7-41ec-878c-7dd928ac85cf,184:ae9a001517d39cec11e3fca59890959d}(|)Київ, Київська, пров.Хоткевича Гната (Червоногвардійський), 34(|)
{"#",47e6dd42-cd5c-4e3a-9bc4-14816ed53d38,66:ae9a001517d39cec11e3fca1808c2816}(|){"#",a2b5aac2-33a7-41ec-878c-7dd928ac85cf,184:ae9a001517d39cec11e3fca59890959d}(|)Київ, Київська, пров.Хоткевича Гната (Червоногвардійський), 34(|)
{"#",47e6dd42-cd5c-4e3a-9bc4-14816ed53d38,66:9ce9001517d39cec11e470c78554097c}(|){"#",a2b5aac2-33a7-41ec-878c-7dd928ac85cf,184:ae9a001517d39cec11e3fca59890959f}(|)Київ, Київська, вул.Довбуша Олекси, 22(|)
{"#",47e6dd42-cd5c-4e3a-9bc4-14816ed53d38,66:ae9a001517d39cec11e3fca186c00638}(|){"#",a2b5aac2-33a7-41ec-878c-7dd928ac85cf,184:ae9a001517d39cec11e3fca59890959f}(|)Київ, Київська, вул.Довбуша Олекси, 22(|)
{"#",47e6dd42-cd5c-4e3a-9bc4-14816ed53d38,66:ae9a001517d39cec11e3fca1126fed8b}(|){"#",a2b5aac2-33a7-41ec-878c-7dd928ac85cf,184:ae9a001517d39cec11e3fca5989095a5}(|)Авторинок Китаїський, Одеса, Одеська(|)
{"#",47e6dd42-cd5c-4e3a-9bc4-14816ed53d38,66:ae9a001517d39cec11e3fca23e197d6e}(|){"#",a2b5aac2-33a7-41ec-878c-7dd928ac85cf,184:ae9a001517d39cec11e3fca5989095a7}(|)Чорноморськ, Одеська, вул.Героїв Сталінграда, 16(|)
{"#",47e6dd42-cd5c-4e3a-9bc4-14816ed53d38,66:ae9a001517d39cec11e3fca206c2a87a}(|){"#",a2b5aac2-33a7-41ec-878c-7dd928ac85cf,184:ae9a001517d39cec11e3fca5989095a9}(|)Одеса, Одеська, шосеТираспольське, 1(|)
{"#",47e6dd42-cd5c-4e3a-9bc4-14816ed53d38,66:ae9a001517d39cec11e3fca0c8fbdac5}(|){"#",a2b5aac2-33a7-41ec-878c-7dd928ac85cf,184:ae9a001517d39cec11e3fca5989095ae}(|)Миколаїв, Миколаївська, вул.Троїцька (Кірова Інгульський р-н)), 240-А(|)
{"#",47e6dd42-cd5c-4e3a-9bc4-14816ed53d38,66:ae9a001517d39cec11e3fca3577fa9f4}(|){"#",a2b5aac2-33a7-41ec-878c-7dd928ac85cf,184:ae9a001517d39cec11e3fca5989095b0}(|)Миколаїв, Миколаївська, вул.Покровська (Кірова), 667-А(|)
{"#",47e6dd42-cd5c-4e3a-9bc4-14816ed53d38,66:ae9a001517d39cec11e3fca1d612228d}(|){"#",a2b5aac2-33a7-41ec-878c-7dd928ac85cf,184:ae9a001517d39cec11e3fca5989095b2}(|)Миколаїв, Миколаївська, вул.Чкалова, 210(|)
{"#",47e6dd42-cd5c-4e3a-9bc4-14816ed53d38,66:ae9a001517d39cec11e3fca244358414}(|){"#",a2b5aac2-33a7-41ec-878c-7dd928ac85cf,184:ae9a001517d39cec11e3fca59e94c483}(|)Миколаїв, Миколаївська, вул.Чкалова, 99(|)
{"#",47e6dd42-cd5c-4e3a-9bc4-14816ed53d38,66:ae9a001517d39cec11e3fca2d6dd4a25}(|){"#",a2b5aac2-33a7-41ec-878c-7dd928ac85cf,184:ae9a001517d39cec11e3fca59e94c486}(|)Миколаїв, Миколаївська, вул.Мала Морська, 54(|)
{"#",47e6dd42-cd5c-4e3a-9bc4-14816ed53d38,66:ae9a001517d39cec11e3fca33f381770}(|){"#",a2b5aac2-33a7-41ec-878c-7dd928ac85cf,184:ae9a001517d39cec11e3fca59e94c486}(|)Миколаїв, Миколаївська, вул.Мала Морська, 54(|)
{"#",47e6dd42-cd5c-4e3a-9bc4-14816ed53d38,66:ae9a001517d39cec11e3fca19efe0f56}(|){"#",a2b5aac2-33a7-41ec-878c-7dd928ac85cf,184:ae9a001517d39cec11e3fca59e94c488}(|)Миколаїв, Миколаївська, вул.Пушкінська, 22(|)
{"#",47e6dd42-cd5c-4e3a-9bc4-14816ed53d38,66:ae9a001517d39cec11e3fca345351f6f}(|){"#",a2b5aac2-33a7-41ec-878c-7dd928ac85cf,184:ae9a001517d39cec11e3fca59e94c48a}(|)Миколаїв, Миколаївська, вул.Озерна (Червоних Майовщиків), 65(|)
{"#",47e6dd42-cd5c-4e3a-9bc4-14816ed53d38,66:ae9a001517d39cec11e3fca345351f73}(|){"#",a2b5aac2-33a7-41ec-878c-7dd928ac85cf,184:ae9a001517d39cec11e3fca59e94c48d}(|)Вознесенськ, Миколаївська, вул.Осипенко, 3(|)
{"#",47e6dd42-cd5c-4e3a-9bc4-14816ed53d38,66:ae9a001517d39cec11e3fca293663f67}(|){"#",a2b5aac2-33a7-41ec-878c-7dd928ac85cf,184:ae9a001517d39cec11e3fca59e94c48f}(|)Чернігів, Чернігівська, просп.Миру, 46(|)
{"#",47e6dd42-cd5c-4e3a-9bc4-14816ed53d38,66:ae9a001517d39cec11e3fca0a45ada19}(|){"#",a2b5aac2-33a7-41ec-878c-7dd928ac85cf,184:ae9a001517d39cec11e3fca59e94c493}(|)Київ, Київська, бульварЧоколівський, 31(|)
{"#",47e6dd42-cd5c-4e3a-9bc4-14816ed53d38,66:92f7001517d39cec11e71ebfa88c4ea6}(|){"#",a2b5aac2-33a7-41ec-878c-7dd928ac85cf,184:ae9a001517d39cec11e3fca59e94c495}(|)Київ, Київська, вул.Мартиросяна, 6(|)
{"#",47e6dd42-cd5c-4e3a-9bc4-14816ed53d38,66:ae9a001517d39cec11e3fca0e17f081e}(|){"#",a2b5aac2-33a7-41ec-878c-7dd928ac85cf,184:ae9a001517d39cec11e3fca59e94c495}(|)Київ, Київська, вул.Мартиросяна, 6(|)
{"#",47e6dd42-cd5c-4e3a-9bc4-14816ed53d38,66:ae9a001517d39cec11e3fca1436597bc}(|){"#",a2b5aac2-33a7-41ec-878c-7dd928ac85cf,184:ae9a001517d39cec11e3fca59e94c499}(|)Київ, Київська, вул.Привокзальна, 17(|)
{"#",47e6dd42-cd5c-4e3a-9bc4-14816ed53d38,66:ae9a001517d39cec11e3fca2c452602b}(|){"#",a2b5aac2-33a7-41ec-878c-7dd928ac85cf,184:ae9a001517d39cec11e3fca59e94c49b}(|)Київ, Київська, с.Петропавлівська Борщагівка, ул Донецька10(|)
{"#",47e6dd42-cd5c-4e3a-9bc4-14816ed53d38,66:ae9a001517d39cec11e3fca3bee0203d}(|){"#",a2b5aac2-33a7-41ec-878c-7dd928ac85cf,184:ae9a001517d39cec11e3fca59e94c49d}(|)Чернігів, Чернігівська, вул.Любецька, 53(|)
{"#",47e6dd42-cd5c-4e3a-9bc4-14816ed53d38,66:ae9a001517d39cec11e3fca07fee4d21}(|){"#",a2b5aac2-33a7-41ec-878c-7dd928ac85cf,184:ae9a001517d39cec11e3fca59e94c49f}(|)Чернігів, Чернігівська, вул.Гонча (Горького), 114(|)
{"#",47e6dd42-cd5c-4e3a-9bc4-14816ed53d38,66:ae9a001517d39cec11e3fca293663f6d}(|){"#",a2b5aac2-33a7-41ec-878c-7dd928ac85cf,184:ae9a001517d39cec11e3fca59e94c4a1}(|)Чернігів, Чернігівська, просп.Миру, 46(|)
{"#",47e6dd42-cd5c-4e3a-9bc4-14816ed53d38,66:ae9a001517d39cec11e3fca1373713f0}(|){"#",a2b5aac2-33a7-41ec-878c-7dd928ac85cf,184:ae9a001517d39cec11e3fca59e94c4a3}(|)Чернігів, Чернігівська, вул.Громадська (Борисенка), 60(|)
{"#",47e6dd42-cd5c-4e3a-9bc4-14816ed53d38,66:ae9a001517d39cec11e3fca100197757}(|){"#",a2b5aac2-33a7-41ec-878c-7dd928ac85cf,184:ae9a001517d39cec11e3fca59e94c4a5}(|)Чернігів, Чернігівська, просп.Миру, 263(|)
{"#",47e6dd42-cd5c-4e3a-9bc4-14816ed53d38,66:ae9a001517d39cec11e3fca192cf8b88}(|){"#",a2b5aac2-33a7-41ec-878c-7dd928ac85cf,184:ae9a001517d39cec11e3fca59e94c4a7}(|)Чернігів, Чернігівська, вул.Любецька, 157(|)
{"#",47e6dd42-cd5c-4e3a-9bc4-14816ed53d38,66:ae9a001517d39cec11e3fca37bdde8d0}(|){"#",a2b5aac2-33a7-41ec-878c-7dd928ac85cf,184:ae9a001517d39cec11e3fca5a49db852}(|)Кременчук, Полтавська, вул.Київська, 65-А(|)
{"#",47e6dd42-cd5c-4e3a-9bc4-14816ed53d38,66:ae9a001517d39cec11e3fca237fd76cc}(|){"#",a2b5aac2-33a7-41ec-878c-7dd928ac85cf,184:ae9a001517d39cec11e3fca5a49db860}(|)Кременчук, Полтавська, вул.Київська, 5(|)
{"#",47e6dd42-cd5c-4e3a-9bc4-14816ed53d38,66:ae9a001517d39cec11e3fca061bcc559}(|){"#",a2b5aac2-33a7-41ec-878c-7dd928ac85cf,184:ae9a001517d39cec11e3fca5a49db864}(|)Київ, Київська, просп.Бандери Степана (Московський), 28(|)Пр-т Московский буд № 28, Київ, Київська, Київська
{"#",47e6dd42-cd5c-4e3a-9bc4-14816ed53d38,66:ae9a001517d39cec11e3fca1b130c25b}(|){"#",a2b5aac2-33a7-41ec-878c-7dd928ac85cf,184:ae9a001517d39cec11e3fca5a49db864}(|)Київ, Київська, просп.Бандери Степана (Московський), 28(|)Пр-т Московский буд № 28, Київ, Київська, Київська
{"#",47e6dd42-cd5c-4e3a-9bc4-14816ed53d38,66:ae9a001517d39cec11e3fca1c9c964cf}(|){"#",a2b5aac2-33a7-41ec-878c-7dd928ac85cf,184:ae9a001517d39cec11e3fca5a49db867}(|)Київ, Київська, просп.Бандери Степана (Московський), 21(|)Московский буд № 21, Київ, Київська, Київська
{"#",47e6dd42-cd5c-4e3a-9bc4-14816ed53d38,66:ae9a001517d39cec11e3fca0db67c636}(|){"#",a2b5aac2-33a7-41ec-878c-7dd928ac85cf,184:ae9a001517d39cec11e3fca5a49db869}(|)Київ, Київська, вул.Електриків, 21(|)Електриків буд № 21, Київ, Київська, Київська
{"#",47e6dd42-cd5c-4e3a-9bc4-14816ed53d38,66:ae9a001517d39cec11e3fca15c114d0b}(|){"#",a2b5aac2-33a7-41ec-878c-7dd928ac85cf,184:ae9a001517d39cec11e3fca5a49db86b}(|)Київ, Київська, вул.Електриків, 20-А(|)Електриків буд № 20А, Київ, Київська, Київська
{"#",47e6dd42-cd5c-4e3a-9bc4-14816ed53d38,66:ae9a001517d39cec11e3fca225bc75d0}(|){"#",a2b5aac2-33a7-41ec-878c-7dd928ac85cf,184:ae9a001517d39cec11e3fca5a49db86f}(|)Київ, Київська, вул.Новокостянтинівська, 4-А(|)Новоконстятинівська буд № 4А, Київ, Київська, Київська, 4 080
{"#",47e6dd42-cd5c-4e3a-9bc4-14816ed53d38,66:ae9a001517d39cec11e3fca1126fed99}(|){"#",a2b5aac2-33a7-41ec-878c-7dd928ac85cf,184:ae9a001517d39cec11e3fca5a49db871}(|)Київ, Київська, вул.Перемоги, 20(|)
{"#",47e6dd42-cd5c-4e3a-9bc4-14816ed53d38,66:ae9a001517d39cec11e3fca3b8bcf2a0}(|){"#",a2b5aac2-33a7-41ec-878c-7dd928ac85cf,184:ae9a001517d39cec11e3fca5a49db873}(|)Київ, Київська, вул.Автозаводська, 74(|)
{"#",47e6dd42-cd5c-4e3a-9bc4-14816ed53d38,66:ae9a001517d39cec11e3fca369ad9820}(|){"#",a2b5aac2-33a7-41ec-878c-7dd928ac85cf,184:ae9a001517d39cec11e3fca5a49db876}(|)Нікополь (Дніпропетровська обл.), Дніпропетровська, вул.Ширшова, 26(|)
{"#",47e6dd42-cd5c-4e3a-9bc4-14816ed53d38,66:ae9a001517d39cec11e3fca15c114d13}(|){"#",a2b5aac2-33a7-41ec-878c-7dd928ac85cf,184:ae9a001517d39cec11e3fca5a49db879}(|)Городня, Чернігівська, вул.Волковича, 37(|)Волковича буд № 37, Городня, Чернігівська, Чернігівська
{"#",47e6dd42-cd5c-4e3a-9bc4-14816ed53d38,66:ae9a001517d39cec11e3fca06dceacfd}(|){"#",a2b5aac2-33a7-41ec-878c-7dd928ac85cf,184:ae9a001517d39cec11e3fca5a49db87b}(|)Городня, Чернігівська, вул.1-го Травня, 2(|)1-го Травня буд № 2, Городня, Чернігівська, Чернігівська, 14 000
{"#",47e6dd42-cd5c-4e3a-9bc4-14816ed53d38,66:ae9a001517d39cec11e3fca06dcead03}(|){"#",a2b5aac2-33a7-41ec-878c-7dd928ac85cf,184:ae9a001517d39cec11e3fca5a49db87d}(|)Городня, Чернігівська, вул.Волковича, 39(|)Волковича буд № 39, Городня, Чернігівська, Чернігівська
{"#",47e6dd42-cd5c-4e3a-9bc4-14816ed53d38,66:ae9a001517d39cec11e3fca1c39cadc1}(|){"#",a2b5aac2-33a7-41ec-878c-7dd928ac85cf,184:ae9a001517d39cec11e3fca5a49db882}(|)Славутич, Чернігівська, площаПривокзальна, 1(|)Привокзальна площа буд № 1, Славутич, Київська, Київська, 7 100
{"#",47e6dd42-cd5c-4e3a-9bc4-14816ed53d38,66:ae9a001517d39cec11e3fca22beb8f2c}(|){"#",a2b5aac2-33a7-41ec-878c-7dd928ac85cf,184:ae9a001517d39cec11e3fca5a49db884}(|)Сновськ, Чернігівська, вул.Леніна, 14(|)Леніна буд № 14, Щорс, Чернігівська, Чернігівська
{"#",47e6dd42-cd5c-4e3a-9bc4-14816ed53d38,66:aa930025909438d611e99e5491b233f4}(|){"#",a2b5aac2-33a7-41ec-878c-7dd928ac85cf,184:ae9a001517d39cec11e3fca5a49db886}(|)Сновськ, Чернігівська, вул.Червоноармійська, 124(|)
{"#",47e6dd42-cd5c-4e3a-9bc4-14816ed53d38,66:aa980025909438d611ea7a3d45d95d8a}(|){"#",a2b5aac2-33a7-41ec-878c-7dd928ac85cf,184:ae9a001517d39cec11e3fca5a49db886}(|)Сновськ, Чернігівська, вул.Червоноармійська, 124(|)
{"#",47e6dd42-cd5c-4e3a-9bc4-14816ed53d38,66:ae9a001517d39cec11e3fca085fe680e}(|){"#",a2b5aac2-33a7-41ec-878c-7dd928ac85cf,184:ae9a001517d39cec11e3fca5a49db886}(|)Сновськ, Чернігівська, вул.Червоноармійська, 124(|)
{"#",47e6dd42-cd5c-4e3a-9bc4-14816ed53d38,66:ae9a001517d39cec11e3fca17a61d369}(|){"#",a2b5aac2-33a7-41ec-878c-7dd928ac85cf,184:ae9a001517d39cec11e3fca5a49db888}(|)Ріпки, Чернігівська, вул.Василева, 33(|)Васильєва буд № 33, Ріпки, Чернігівська, Чернігівська
{"#",47e6dd42-cd5c-4e3a-9bc4-14816ed53d38,66:ae9a001517d39cec11e3fca31a735373}(|){"#",a2b5aac2-33a7-41ec-878c-7dd928ac85cf,184:ae9a001517d39cec11e3fca5a49db88a}(|)Гадяч, Полтавська, вул.Леніна, 56(|)Леніна буд № 56, Гадяч, Полтавська, Полтавська, 37 300
{"#",47e6dd42-cd5c-4e3a-9bc4-14816ed53d38,66:ae9a001517d39cec11e3fca16e229f17}(|){"#",a2b5aac2-33a7-41ec-878c-7dd928ac85cf,184:ae9a001517d39cec11e3fca5a49db88c}(|)Лохвиця, Полтавська, вул.Леніна, 56(|)Леніна буд № 56, Лохвиця, Полтавський, Полтавський
{"#",47e6dd42-cd5c-4e3a-9bc4-14816ed53d38,66:ae9a001517d39cec11e3fca16e229f17}(|){"#",a2b5aac2-33a7-41ec-878c-7dd928ac85cf,184:ae9a001517d39cec11e3fca5a49db88e}(|)Лохвиця, Полтавська, вул.Леніна, 55(|)Леніна буд № 55, Лохвиця, Полтавський, Полтавський
{"#",47e6dd42-cd5c-4e3a-9bc4-14816ed53d38,66:ae9a001517d39cec11e3fca2999558d7}(|){"#",a2b5aac2-33a7-41ec-878c-7dd928ac85cf,184:ae9a001517d39cec11e3fca5a49db890}(|)Лохвиця, Полтавська, вул.Шевченка, 72-А(|)Шевченка буд № 72А, Лохвиця, Полтавський, Полтавський
{"#",47e6dd42-cd5c-4e3a-9bc4-14816ed53d38,66:ae9a001517d39cec11e3fca5a49db894}(|){"#",a2b5aac2-33a7-41ec-878c-7dd928ac85cf,184:ae9a001517d39cec11e3fca5a49db893}(|)вул.Дзержинського буд № 7, м.Харцизьк, Донецька обл., 86700(|)
{"#",47e6dd42-cd5c-4e3a-9bc4-14816ed53d38,66:ae9a001517d39cec11e3fca085fe6806}(|){"#",a2b5aac2-33a7-41ec-878c-7dd928ac85cf,184:ae9a001517d39cec11e3fca5a49db896}(|)Лохвиця, Полтавська, вул.Леніна, 94(|)Шевченка буд № 11, Лохвиця, Полтавський, Полтавський
{"#",47e6dd42-cd5c-4e3a-9bc4-14816ed53d38,66:ae9a001517d39cec11e3fca118d37ab7}(|){"#",a2b5aac2-33a7-41ec-878c-7dd928ac85cf,184:ae9a001517d39cec11e3fca5a49db898}(|)Авторинок Овочевий ринок, Херсон, Херсонська(|)
{"#",47e6dd42-cd5c-4e3a-9bc4-14816ed53d38,66:ae9a001517d39cec11e3fca345351f74}(|){"#",a2b5aac2-33a7-41ec-878c-7dd928ac85cf,184:ae9a001517d39cec11e3fca5a49db89a}(|)Червоноармійська буд № 13, Пирятин, Полтавський, Полтавський(|)Червоноармійська буд № 13, Пирятин, Полтавський, Полтавський
{"#",47e6dd42-cd5c-4e3a-9bc4-14816ed53d38,66:ae9a001517d39cec11e3fca1c39cadba}(|){"#",a2b5aac2-33a7-41ec-878c-7dd928ac85cf,184:ae9a001517d39cec11e3fca5a49db89f}(|)Боярка, Київська, вул.Молодіжна, 5(|)
{"#",47e6dd42-cd5c-4e3a-9bc4-14816ed53d38,66:ae9a001517d39cec11e3fca1d6122289}(|){"#",a2b5aac2-33a7-41ec-878c-7dd928ac85cf,184:ae9a001517d39cec11e3fca5a49db8a1}(|)Зіньків, Полтавська, вул.Полтавська, 100(|)Полтавська буд № 100, Зіньків, Полтавська, Полтавська, 38 100
{"#",47e6dd42-cd5c-4e3a-9bc4-14816ed53d38,66:ae9a001517d39cec11e3fca3dd415705}(|){"#",a2b5aac2-33a7-41ec-878c-7dd928ac85cf,184:ae9a001517d39cec11e3fca5a49db8a1}(|)Зіньків, Полтавська, вул.Полтавська, 100(|)Полтавська буд № 100, Зіньків, Полтавська, Полтавська, 38 100
{"#",47e6dd42-cd5c-4e3a-9bc4-14816ed53d38,66:ae9a001517d39cec11e3fca5aaa1e770}(|){"#",a2b5aac2-33a7-41ec-878c-7dd928ac85cf,184:ae9a001517d39cec11e3fca5aaa1e76f}(|)Чорнухи (Полтавська обл.), Полтавська, с.Галяве, СТО(|)Галявено, Галявно, Полтавський, Полтавський
{"#",47e6dd42-cd5c-4e3a-9bc4-14816ed53d38,66:ae9a001517d39cec11e3fca2568e5cad}(|){"#",a2b5aac2-33a7-41ec-878c-7dd928ac85cf,184:ae9a001517d39cec11e3fca5aaa1e772}(|)АЗС, Галявно, Полтавський, Полтавський(|)АЗС, Галявно, Полтавський, Полтавський
{"#",47e6dd42-cd5c-4e3a-9bc4-14816ed53d38,66:ae9a001517d39cec11e3fca3cae87e72}(|){"#",a2b5aac2-33a7-41ec-878c-7dd928ac85cf,184:ae9a001517d39cec11e3fca5aaa1e774}(|)Леніна буд № 26, Чернухи, Полтавський, Полтавський(|)Леніна буд № 26, Чернухи, Полтавський, Полтавський
{"#",47e6dd42-cd5c-4e3a-9bc4-14816ed53d38,66:ae9a001517d39cec11e3fca20d32216a}(|){"#",a2b5aac2-33a7-41ec-878c-7dd928ac85cf,184:ae9a001517d39cec11e3fca5aaa1e780}(|)Охтирка, Сумська, вул.Танкістів Кантемирівців, 1-А(|)Кантемировцев буд № 1а, Охтирка, Сумська, Сумська, 42 700
{"#",47e6dd42-cd5c-4e3a-9bc4-14816ed53d38,66:ae9a001517d39cec11e3fca09859a2fb}(|){"#",a2b5aac2-33a7-41ec-878c-7dd928ac85cf,184:ae9a001517d39cec11e3fca5aaa1e789}(|)Суми, Сумська, вул.Сірка Івана (Коротченка Дем'яна), 19(|)
{"#",47e6dd42-cd5c-4e3a-9bc4-14816ed53d38,66:ae9a001517d39cec11e3fca231e89742}(|){"#",a2b5aac2-33a7-41ec-878c-7dd928ac85cf,184:ae9a001517d39cec11e3fca5aaa1e789}(|)Суми, Сумська, вул.Сірка Івана (Коротченка Дем'яна), 19(|)
{"#",47e6dd42-cd5c-4e3a-9bc4-14816ed53d38,66:ae9a001517d39cec11e3fca3577fa9ec}(|){"#",a2b5aac2-33a7-41ec-878c-7dd928ac85cf,184:ae9a001517d39cec11e3fca5aaa1e789}(|)Суми, Сумська, вул.Сірка Івана (Коротченка Дем'яна), 19(|)Коротченко буд № 19, кв. 2, Суми, Сумська, Сумська, 40 024
{"#",47e6dd42-cd5c-4e3a-9bc4-14816ed53d38,66:ae9a001517d39cec11e3fca198c7cedd}(|){"#",a2b5aac2-33a7-41ec-878c-7dd928ac85cf,184:ae9a001517d39cec11e3fca5aaa1e78b}(|)Суми, Сумська, вул.Реміснича, 1(|)Ремесляна буд № 1, м.Суми, Сумська обл.
{"#",47e6dd42-cd5c-4e3a-9bc4-14816ed53d38,66:ae9a001517d39cec11e3fca27b105ecf}(|){"#",a2b5aac2-33a7-41ec-878c-7dd928ac85cf,184:ae9a001517d39cec11e3fca5aaa1e78d}(|)Ромни, Сумська, вул.Сумська, 4(|)Сумская буд № 4, Ромни, Полтавський, Полтавський
{"#",47e6dd42-cd5c-4e3a-9bc4-14816ed53d38,66:ae9a001517d39cec11e3fca2750c2fad}(|){"#",a2b5aac2-33a7-41ec-878c-7dd928ac85cf,184:ae9a001517d39cec11e3fca5aaa1e78f}(|)Ромни, Сумська, вул.Сумська, 97(|)Сумская буд № 97, Ромни, Сумська
{"#",47e6dd42-cd5c-4e3a-9bc4-14816ed53d38,66:ae9a001517d39cec11e3fca085fe6804}(|){"#",a2b5aac2-33a7-41ec-878c-7dd928ac85cf,184:ae9a001517d39cec11e3fca5aaa1e791}(|)Ромни, Сумська, вул.Полтавська, 60(|)Полтавська буд № 60, Ромни,Сумська
{"#",47e6dd42-cd5c-4e3a-9bc4-14816ed53d38,66:ae9a001517d39cec11e3fca106521a2c}(|){"#",a2b5aac2-33a7-41ec-878c-7dd928ac85cf,184:ae9a001517d39cec11e3fca5aaa1e794}(|)Ромни, Сумська, вул.Сумська, 32(|)Сумская буд № 32, Ромни, Сумська
{"#",47e6dd42-cd5c-4e3a-9bc4-14816ed53d38,66:ae9a001517d39cec11e3fca1c39cadae}(|){"#",a2b5aac2-33a7-41ec-878c-7dd928ac85cf,184:ae9a001517d39cec11e3fca5aaa1e796}(|)Велика Писарівка, Сумська, вул.Коцюбинського, 2(|)Коцюбинского буд № 2, Велика Писарівка, Сумська, Сумська, 42 800
{"#",47e6dd42-cd5c-4e3a-9bc4-14816ed53d38,66:ae9a001517d39cec11e3fca1c39cadb0}(|){"#",a2b5aac2-33a7-41ec-878c-7dd928ac85cf,184:ae9a001517d39cec11e3fca5aaa1e798}(|)Велика Писарівка, Сумська, вул.Леніна, 12(|)Леніна буд № 12, Велика Писарівка, Сумська, Сумська, 42 800
{"#",47e6dd42-cd5c-4e3a-9bc4-14816ed53d38,66:ae9a001517d39cec11e3fca1436597c2}(|){"#",a2b5aac2-33a7-41ec-878c-7dd928ac85cf,184:ae9a001517d39cec11e3fca5aaa1e79a}(|)Лебедин (Сумська обл.), Сумська, вул.Інтернаціональна, 39-А(|)
{"#",47e6dd42-cd5c-4e3a-9bc4-14816ed53d38,66:ae9a001517d39cec11e3fca118d37ac5}(|){"#",a2b5aac2-33a7-41ec-878c-7dd928ac85cf,184:ae9a001517d39cec11e3fca5aaa1e79c}(|)Писарівка (Сумська обл.), Сумська, вул.Шосейна, Центральний ринок1(|)Ринок Центральний, Писаревка, Сумська, Сумська, 42 800
{"#",47e6dd42-cd5c-4e3a-9bc4-14816ed53d38,66:ae9a001517d39cec11e3fca22beb8f2e}(|){"#",a2b5aac2-33a7-41ec-878c-7dd928ac85cf,184:ae9a001517d39cec11e3fca5aaa1e7a2}(|)Чернігів, Чернігівська, вул.Бєлова Генерала, 15(|)
{"#",47e6dd42-cd5c-4e3a-9bc4-14816ed53d38,66:ae9a001517d39cec11e3fca38e4771cc}(|){"#",a2b5aac2-33a7-41ec-878c-7dd928ac85cf,184:ae9a001517d39cec11e3fca5aaa1e7a6}(|)Київ, Київська, вул.Заболотного Академіка, 48(|)
{"#",47e6dd42-cd5c-4e3a-9bc4-14816ed53d38,66:ae9a001517d39cec11e3fca0e787fbf5}(|){"#",a2b5aac2-33a7-41ec-878c-7dd928ac85cf,184:ae9a001517d39cec11e3fca5aaa1e7a8}(|)Київ, Київська, вул.Заболотного Академіка, 124(|)
{"#",47e6dd42-cd5c-4e3a-9bc4-14816ed53d38,66:ae9a001517d39cec11e3fca0bccd56ec}(|){"#",a2b5aac2-33a7-41ec-878c-7dd928ac85cf,184:ae9a001517d39cec11e3fca5aaa1e7aa}(|)Київ, Київська, вул.Метрологічна, 2-А(|)
{"#",47e6dd42-cd5c-4e3a-9bc4-14816ed53d38,66:ae9a001517d39cec11e3fca338f5eb26}(|){"#",a2b5aac2-33a7-41ec-878c-7dd928ac85cf,184:ae9a001517d39cec11e3fca5aaa1e7ac}(|)Київ, Київська, вул.Заболотного Академіка, 144(|)
{"#",47e6dd42-cd5c-4e3a-9bc4-14816ed53d38,66:ae9a001517d39cec11e3fca29f94c345}(|){"#",a2b5aac2-33a7-41ec-878c-7dd928ac85cf,184:ae9a001517d39cec11e3fca5aaa1e7b3}(|)Київ, Київська, вул.Карелівська, 16(|)
{"#",47e6dd42-cd5c-4e3a-9bc4-14816ed53d38,66:ae9a001517d39cec11e3fca0d533e817}(|){"#",a2b5aac2-33a7-41ec-878c-7dd928ac85cf,184:ae9a001517d39cec11e3fca5aaa1e7b5}(|)Фастів, Київська, вул.Кірова, 22(|)Кірова буд № 22, Фастiв, Київська, Київська
{"#",47e6dd42-cd5c-4e3a-9bc4-14816ed53d38,66:ae9a001517d39cec11e3fca198c7cee3}(|){"#",a2b5aac2-33a7-41ec-878c-7dd928ac85cf,184:ae9a001517d39cec11e3fca5aaa1e7b5}(|)Фастів, Київська, вул.Кірова, 22(|)Кірова буд № 22, Фастiв, Київська, Київська
{"#",47e6dd42-cd5c-4e3a-9bc4-14816ed53d38,66:ae9a001517d39cec11e3fca198c7cee6}(|){"#",a2b5aac2-33a7-41ec-878c-7dd928ac85cf,184:ae9a001517d39cec11e3fca5aaa1e7b7}(|)Фастів, Київська, вул.Привокзальна, 3(|)Привокзальна буд № 3, Фастiв, Київська, Київська
{"#",47e6dd42-cd5c-4e3a-9bc4-14816ed53d38,66:ae9a001517d39cec11e3fca2b810c97d}(|){"#",a2b5aac2-33a7-41ec-878c-7dd928ac85cf,184:ae9a001517d39cec11e3fca5aaa1e7ba}(|)Фастів, Київська, вул.Прикордонників, 2(|)Героев Пограничников буд № 2, Фастiв, Київська, Київська
{"#",47e6dd42-cd5c-4e3a-9bc4-14816ed53d38,66:ae9a001517d39cec11e3fca1fa8a9b45}(|){"#",a2b5aac2-33a7-41ec-878c-7dd928ac85cf,184:ae9a001517d39cec11e3fca5aaa1e7bc}(|)Фастів, Київська, вул.Завокзальна, 1(|)
{"#",47e6dd42-cd5c-4e3a-9bc4-14816ed53d38,66:ae9a001517d39cec11e3fca24a53ed06}(|){"#",a2b5aac2-33a7-41ec-878c-7dd928ac85cf,184:ae9a001517d39cec11e3fca5aaa1e7bc}(|)Фастів, Київська, вул.Завокзальна, 1(|)Ринок  Завокзальный, Фастiв, Київська, Київська
{"#",47e6dd42-cd5c-4e3a-9bc4-14816ed53d38,66:9c80001517d39cec11e4a017fdf7fddc}(|){"#",a2b5aac2-33a7-41ec-878c-7dd928ac85cf,184:ae9a001517d39cec11e3fca5b0a151d7}(|)Київ, Київська, вул.Харченка Євгенія, 21(|)
{"#",47e6dd42-cd5c-4e3a-9bc4-14816ed53d38,66:ae9a001517d39cec11e3fca39a7f7f11}(|){"#",a2b5aac2-33a7-41ec-878c-7dd928ac85cf,184:ae9a001517d39cec11e3fca5b0a151d7}(|)Київ, Київська, вул.Харченка Євгенія, 21(|)Леніна буд № 21, Бортничи, Київська, Київська, 2 088
{"#",47e6dd42-cd5c-4e3a-9bc4-14816ed53d38,66:ae9a001517d39cec11e3fca15c114d08}(|){"#",a2b5aac2-33a7-41ec-878c-7dd928ac85cf,184:ae9a001517d39cec11e3fca5b0a151d9}(|)Київ, Київська, вул.Колекторна, 42-А(|)Колекторна буд № 42а, Київ, Київська, Київська, 2 660
{"#",47e6dd42-cd5c-4e3a-9bc4-14816ed53d38,66:ae9a001517d39cec11e3fca2e3450675}(|){"#",a2b5aac2-33a7-41ec-878c-7dd928ac85cf,184:ae9a001517d39cec11e3fca5b0a151db}(|)Київ, Київська, вул.Харченка Євгенія, 34-А(|)
{"#",47e6dd42-cd5c-4e3a-9bc4-14816ed53d38,66:ae9a001517d39cec11e3fca33f38175e}(|){"#",a2b5aac2-33a7-41ec-878c-7dd928ac85cf,184:ae9a001517d39cec11e3fca5b0a151db}(|)Київ, Київська, вул.Харченка Євгенія, 34-А(|)Леніна буд № 34а, Київ, Київська, Київська, 2 088
{"#",47e6dd42-cd5c-4e3a-9bc4-14816ed53d38,66:ae9a001517d39cec11e3fca5b0a151de}(|){"#",a2b5aac2-33a7-41ec-878c-7dd928ac85cf,184:ae9a001517d39cec11e3fca5b0a151dd}(|)Київ, Київська, вул.Колекторна, 3(|)Колекторна буд № 3, Київ, Київська, Київська, 2 600
{"#",47e6dd42-cd5c-4e3a-9bc4-14816ed53d38,66:ae9a001517d39cec11e3fca1310a5cd7}(|){"#",a2b5aac2-33a7-41ec-878c-7dd928ac85cf,184:ae9a001517d39cec11e3fca5b0a151e0}(|)Київ, Київська, вул.Крушельницької Соломії, 2-ф(|)
{"#",47e6dd42-cd5c-4e3a-9bc4-14816ed53d38,66:ae9a001517d39cec11e3fca07fee4d24}(|){"#",a2b5aac2-33a7-41ec-878c-7dd928ac85cf,184:ae9a001517d39cec11e3fca5b0a151e2}(|)Київ, Київська, шосеХарківське, 163/2(|)Харьківське шосе буд № 163\2, Київ, Київська, Київська, 2 160
{"#",47e6dd42-cd5c-4e3a-9bc4-14816ed53d38,66:ae9a001517d39cec11e3fca05bbfbd71}(|){"#",a2b5aac2-33a7-41ec-878c-7dd928ac85cf,184:ae9a001517d39cec11e3fca5b0a151e4}(|)Київ, Київська, вул.Дяченка Івана, 6(|)Д"яченко буд № 6, Київ, Київська, Київська, 2 088
{"#",47e6dd42-cd5c-4e3a-9bc4-14816ed53d38,66:ae9a001517d39cec11e3fca25cb64f01}(|){"#",a2b5aac2-33a7-41ec-878c-7dd928ac85cf,184:ae9a001517d39cec11e3fca5b0a151e8}(|)Березань, Київська, вул.Леніна, 127(|)
{"#",47e6dd42-cd5c-4e3a-9bc4-14816ed53d38,66:ae9a001517d39cec11e3fca3577fa9e6}(|){"#",a2b5aac2-33a7-41ec-878c-7dd928ac85cf,184:ae9a001517d39cec11e3fca5b0a151ea}(|)Авторинок 5-й км, Херсон, Херсонська(|)
{"#",47e6dd42-cd5c-4e3a-9bc4-14816ed53d38,66:ae9a001517d39cec11e3fca1ab08cfe5}(|){"#",a2b5aac2-33a7-41ec-878c-7dd928ac85cf,184:ae9a001517d39cec11e3fca5b0a151ec}(|)Херсон, Херсонська, пров.Гастелло, 31-Б(|)
{"#",47e6dd42-cd5c-4e3a-9bc4-14816ed53d38,66:ae9a001517d39cec11e3fca1808c2827}(|){"#",a2b5aac2-33a7-41ec-878c-7dd928ac85cf,184:ae9a001517d39cec11e3fca5b0a151ef}(|)Херсон, Херсонська, шосеБериславське, 1(|)
{"#",47e6dd42-cd5c-4e3a-9bc4-14816ed53d38,66:ae9a001517d39cec11e3fca27b105ec3}(|){"#",a2b5aac2-33a7-41ec-878c-7dd928ac85cf,184:ae9a001517d39cec11e3fca5b0a151f2}(|)Херсон, Херсонська, вул.Залізнична, 2-А(|)
{"#",47e6dd42-cd5c-4e3a-9bc4-14816ed53d38,66:ae9a001517d39cec11e3fca23e197d73}(|){"#",a2b5aac2-33a7-41ec-878c-7dd928ac85cf,184:ae9a001517d39cec11e3fca5b0a151f4}(|)Херсон, Херсонська, вул.Виноградна 1-а, 2-А(|)
{"#",47e6dd42-cd5c-4e3a-9bc4-14816ed53d38,66:ae9a001517d39cec11e3fca38214293c}(|){"#",a2b5aac2-33a7-41ec-878c-7dd928ac85cf,184:ae9a001517d39cec11e3fca5b0a151f6}(|)Нова Каховка, Херсонська, вул.Латишських Стрільців, 1-Г(|)
{"#",47e6dd42-cd5c-4e3a-9bc4-14816ed53d38,66:ae9a001517d39cec11e3fca1c39cadbf}(|){"#",a2b5aac2-33a7-41ec-878c-7dd928ac85cf,184:ae9a001517d39cec11e3fca5b0a151fa}(|)Київ, Київська, вул.Азербайджанська, 1(|)
{"#",47e6dd42-cd5c-4e3a-9bc4-14816ed53d38,66:ae9a001517d39cec11e3fca118d37ace}(|){"#",a2b5aac2-33a7-41ec-878c-7dd928ac85cf,184:ae9a001517d39cec11e3fca5b0a151fc}(|)Херсон, Херсонська, шосеЧорновола В'ячеслава (Кіндійське), 19(|)
{"#",47e6dd42-cd5c-4e3a-9bc4-14816ed53d38,66:ae9a001517d39cec11e3fca39a7f7f05}(|){"#",a2b5aac2-33a7-41ec-878c-7dd928ac85cf,184:ae9a001517d39cec11e3fca5b0a151ff}(|)Херсон, Херсонська, шосеЧорновола В'ячеслава (Кіндійське), та угол пров Мирного35/1(|)
{"#",47e6dd42-cd5c-4e3a-9bc4-14816ed53d38,66:ae9a001517d39cec11e3fca09859a2f5}(|){"#",a2b5aac2-33a7-41ec-878c-7dd928ac85cf,184:ae9a001517d39cec11e3fca5b0a15202}(|)Херсон, Херсонська, вул.Херсонська, 11(|)
{"#",47e6dd42-cd5c-4e3a-9bc4-14816ed53d38,66:ae9a001517d39cec11e3fca363a24202}(|){"#",a2b5aac2-33a7-41ec-878c-7dd928ac85cf,184:ae9a001517d39cec11e3fca5b0a15204}(|)Шостка, Сумська, вул.Горького, 5(|)
{"#",47e6dd42-cd5c-4e3a-9bc4-14816ed53d38,66:ae9a001517d39cec11e3fca073dc6586}(|){"#",a2b5aac2-33a7-41ec-878c-7dd928ac85cf,184:ae9a001517d39cec11e3fca5b0a15206}(|)Київ, Київська, вул.Лугова, 15(|)
{"#",47e6dd42-cd5c-4e3a-9bc4-14816ed53d38,66:ae9a001517d39cec11e3fca192cf8b83}(|){"#",a2b5aac2-33a7-41ec-878c-7dd928ac85cf,184:ae9a001517d39cec11e3fca5b0a15206}(|)Київ, Київська, вул.Лугова, 15(|)
{"#",47e6dd42-cd5c-4e3a-9bc4-14816ed53d38,66:ae9a001517d39cec11e3fca2873ee2a7}(|){"#",a2b5aac2-33a7-41ec-878c-7dd928ac85cf,184:ae9a001517d39cec11e3fca5b0a15206}(|)Київ, Київська, вул.Лугова, 15(|)
{"#",47e6dd42-cd5c-4e3a-9bc4-14816ed53d38,66:ae9a001517d39cec11e3fca2abb4f8fe}(|){"#",a2b5aac2-33a7-41ec-878c-7dd928ac85cf,184:ae9a001517d39cec11e3fca5b0a15208}(|)Івано-Франківськ, Івано-Франківська, вул.Островського, 29(|)
{"#",47e6dd42-cd5c-4e3a-9bc4-14816ed53d38,66:ae9a001517d39cec11e3fca36fc4da0c}(|){"#",a2b5aac2-33a7-41ec-878c-7dd928ac85cf,184:ae9a001517d39cec11e3fca5b0a1520a}(|)Авторинок Спортек, Полтава, Полтавська(|)
{"#",47e6dd42-cd5c-4e3a-9bc4-14816ed53d38,66:ae9a001517d39cec11e3fca2abb4f8ff}(|){"#",a2b5aac2-33a7-41ec-878c-7dd928ac85cf,184:ae9a001517d39cec11e3fca5b0a1520c}(|)Полтава, Полтавська, вул.Львівська, 2(|)
{"#",47e6dd42-cd5c-4e3a-9bc4-14816ed53d38,66:ae9a001517d39cec11e3fca369ad9836}(|){"#",a2b5aac2-33a7-41ec-878c-7dd928ac85cf,184:ae9a001517d39cec11e3fca5b0a1520e}(|)вул.П.Морозова буд № 1, м.Донецьк, Донецька обл.(|)
{"#",47e6dd42-cd5c-4e3a-9bc4-14816ed53d38,66:ae9a001517d39cec11e3fca3577fa9e4}(|){"#",a2b5aac2-33a7-41ec-878c-7dd928ac85cf,184:ae9a001517d39cec11e3fca5b0a15210}(|)м.Херсон, Херсонська обл.(|)
{"#",47e6dd42-cd5c-4e3a-9bc4-14816ed53d38,66:ae9a001517d39cec11e3fca2d6dd4a29}(|){"#",a2b5aac2-33a7-41ec-878c-7dd928ac85cf,184:ae9a001517d39cec11e3fca5b0a15213}(|)Київ, Київська, вул.Каблукова Академіка, 24(|)
{"#",47e6dd42-cd5c-4e3a-9bc4-14816ed53d38,66:ae9a001517d39cec11e3fca363a241f9}(|){"#",a2b5aac2-33a7-41ec-878c-7dd928ac85cf,184:ae9a001517d39cec11e3fca5b0a15213}(|)Київ, Київська, вул.Каблукова Академіка, 24(|)
{"#",47e6dd42-cd5c-4e3a-9bc4-14816ed53d38,66:ae9a001517d39cec11e3fca38e4771c5}(|){"#",a2b5aac2-33a7-41ec-878c-7dd928ac85cf,184:ae9a001517d39cec11e3fca5b0a15216}(|)Ірпінь, Київська, вул.Озерна, 3(|)
{"#",47e6dd42-cd5c-4e3a-9bc4-14816ed53d38,66:ae9a001517d39cec11e3fca2873ee2a8}(|){"#",a2b5aac2-33a7-41ec-878c-7dd928ac85cf,184:ae9a001517d39cec11e3fca5b0a15218}(|)Київ, Київська, вул.Гетьмана Вадима, 30(|)
{"#",47e6dd42-cd5c-4e3a-9bc4-14816ed53d38,66:ae9a001517d39cec11e3fca2873ee2aa}(|){"#",a2b5aac2-33a7-41ec-878c-7dd928ac85cf,184:ae9a001517d39cec11e3fca5b0a1521a}(|)Миколаїв, Миколаївська, пров.Мічуріна, 8(|)
{"#",47e6dd42-cd5c-4e3a-9bc4-14816ed53d38,66:ae9a001517d39cec11e3fca2f5ea2a4c}(|){"#",a2b5aac2-33a7-41ec-878c-7dd928ac85cf,184:ae9a001517d39cec11e3fca5b0a1521c}(|)Первомайськ(Микол.обл.Первомайс.р-н), Миколаївська, вул.Кам`яномостівська, 14(|)
{"#",47e6dd42-cd5c-4e3a-9bc4-14816ed53d38,66:ae9a001517d39cec11e3fca3b29c2747}(|){"#",a2b5aac2-33a7-41ec-878c-7dd928ac85cf,184:ae9a001517d39cec11e3fca5b0a1521e}(|)Дніпро, Дніпропетровська, просп.Мануйлівський (Воронцова), 34(|)
{"#",47e6dd42-cd5c-4e3a-9bc4-14816ed53d38,66:ae9a001517d39cec11e3fca3e9796455}(|){"#",a2b5aac2-33a7-41ec-878c-7dd928ac85cf,184:ae9a001517d39cec11e3fca5b0a15220}(|)Бровари, Київська, вул. Шевченка,  3(|)
{"#",47e6dd42-cd5c-4e3a-9bc4-14816ed53d38,66:ae9a001517d39cec11e3fca363a24205}(|){"#",a2b5aac2-33a7-41ec-878c-7dd928ac85cf,184:ae9a001517d39cec11e3fca5b0a15223}(|)Одеса, Одеська, вул.Головатого Отамана, 113(|)
{"#",47e6dd42-cd5c-4e3a-9bc4-14816ed53d38,66:ae9a001517d39cec11e3fecfc0bf6188}(|){"#",a2b5aac2-33a7-41ec-878c-7dd928ac85cf,184:ae9a001517d39cec11e3fca5b0a15223}(|)Одеса, Одеська, вул.Головатого Отамана, 113(|)
{"#",47e6dd42-cd5c-4e3a-9bc4-14816ed53d38,66:ae9a001517d39cec11e3fca1c9c964c5}(|){"#",a2b5aac2-33a7-41ec-878c-7dd928ac85cf,184:ae9a001517d39cec11e3fca5b0a15226}(|)Київ, Київська, вул.Світлицького, 30/20-Б(|)
{"#",47e6dd42-cd5c-4e3a-9bc4-14816ed53d38,66:aa990025909438d611eac11384dc054a}(|){"#",a2b5aac2-33a7-41ec-878c-7dd928ac85cf,184:ae9a001517d39cec11e3fca5b6999533}(|)Горішні Плавні, Полтавська, вул.Першопрохідців, 1(|)
{"#",47e6dd42-cd5c-4e3a-9bc4-14816ed53d38,66:ae9a001517d39cec11e3fca3a07a24c7}(|){"#",a2b5aac2-33a7-41ec-878c-7dd928ac85cf,184:ae9a001517d39cec11e3fca5b6999533}(|)Горішні Плавні, Полтавська, вул.Першопрохідців, 1(|)
{"#",47e6dd42-cd5c-4e3a-9bc4-14816ed53d38,66:ae9a001517d39cec11e3fca2e3450667}(|){"#",a2b5aac2-33a7-41ec-878c-7dd928ac85cf,184:ae9a001517d39cec11e3fca5b699953d}(|)Чернігів, Чернігівська, вул.Глібова, 49(|)
{"#",47e6dd42-cd5c-4e3a-9bc4-14816ed53d38,66:ae9a001517d39cec11e3fca31454ea7e}(|){"#",a2b5aac2-33a7-41ec-878c-7dd928ac85cf,184:ae9a001517d39cec11e3fca5b6999540}(|)Харків, Харківська, вул.Клочківська, 352(|)
{"#",47e6dd42-cd5c-4e3a-9bc4-14816ed53d38,66:ae9a001517d39cec11e3fca338f5eb23}(|){"#",a2b5aac2-33a7-41ec-878c-7dd928ac85cf,184:ae9a001517d39cec11e3fca5b6999543}(|)Чернігів, Чернігівська, вул.Інструментальна, 4(|)
{"#",47e6dd42-cd5c-4e3a-9bc4-14816ed53d38,66:ae9a001517d39cec11e3fca3085150eb}(|){"#",a2b5aac2-33a7-41ec-878c-7dd928ac85cf,184:ae9a001517d39cec11e3fca5b6999545}(|)Ірпінь, Київська, вул.Чапаєва, 1-А(|)
{"#",47e6dd42-cd5c-4e3a-9bc4-14816ed53d38,66:ae9a001517d39cec11e3fca32695eb86}(|){"#",a2b5aac2-33a7-41ec-878c-7dd928ac85cf,184:ae9a001517d39cec11e3fca5b6999547}(|)Харків, Харківська, с.Затишне, Перемоги17(|)
{"#",47e6dd42-cd5c-4e3a-9bc4-14816ed53d38,66:911f001517d39cec11e4642e5f00cd1f}(|){"#",a2b5aac2-33a7-41ec-878c-7dd928ac85cf,184:ae9a001517d39cec11e3fca5b699954e}(|)Харків, Харківська, площаКононенка Юрія, 5-Б(|)
{"#",47e6dd42-cd5c-4e3a-9bc4-14816ed53d38,66:ae9a001517d39cec11e3fca219951903}(|){"#",a2b5aac2-33a7-41ec-878c-7dd928ac85cf,184:ae9a001517d39cec11e3fca5b699954e}(|)Харків, Харківська, площаКононенка Юрія, 5-Б(|)
{"#",47e6dd42-cd5c-4e3a-9bc4-14816ed53d38,66:ae9a001517d39cec11e3fca2ef9c123a}(|){"#",a2b5aac2-33a7-41ec-878c-7dd928ac85cf,184:ae9a001517d39cec11e3fca5b6999550}(|)Харків, Харківська, вул.Білогірська, 92Б(|)
{"#",47e6dd42-cd5c-4e3a-9bc4-14816ed53d38,66:ae9a001517d39cec11e3fca5b6999556}(|){"#",a2b5aac2-33a7-41ec-878c-7dd928ac85cf,184:ae9a001517d39cec11e3fca5b6999555}(|)Суми, Сумська, вул.Троїцька, 46(|)
{"#",47e6dd42-cd5c-4e3a-9bc4-14816ed53d38,66:ae9a001517d39cec11e3fca106521a2a}(|){"#",a2b5aac2-33a7-41ec-878c-7dd928ac85cf,184:ae9a001517d39cec11e3fca5b6999558}(|)Суми, Сумська, вул.Героїв Крут (Черепіна), 17(|)
{"#",47e6dd42-cd5c-4e3a-9bc4-14816ed53d38,66:ae9a001517d39cec11e3fca38214294d}(|){"#",a2b5aac2-33a7-41ec-878c-7dd928ac85cf,184:ae9a001517d39cec11e3fca5b6999558}(|)Суми, Сумська, вул.Героїв Крут (Черепіна), 17(|)
{"#",47e6dd42-cd5c-4e3a-9bc4-14816ed53d38,66:ae9a001517d39cec11e3fca268ca990c}(|){"#",a2b5aac2-33a7-41ec-878c-7dd928ac85cf,184:ae9a001517d39cec11e3fca5b699955a}(|)Суми, Сумська, вул.Сірка Івана (Коротченка Дем'яна), 19(|)
{"#",47e6dd42-cd5c-4e3a-9bc4-14816ed53d38,66:ae9a001517d39cec11e3fca073dc6582}(|){"#",a2b5aac2-33a7-41ec-878c-7dd928ac85cf,184:ae9a001517d39cec11e3fca5b699955c}(|)Суми, Сумська, вул.Героїв Крут (Черепіна), 19(|)
{"#",47e6dd42-cd5c-4e3a-9bc4-14816ed53d38,66:ae9a001517d39cec11e3fca0db67c62b}(|){"#",a2b5aac2-33a7-41ec-878c-7dd928ac85cf,184:ae9a001517d39cec11e3fca5b699955c}(|)Суми, Сумська, вул.Героїв Крут (Черепіна), 19(|)
{"#",47e6dd42-cd5c-4e3a-9bc4-14816ed53d38,66:ae9a001517d39cec11e3fca2135c7619}(|){"#",a2b5aac2-33a7-41ec-878c-7dd928ac85cf,184:ae9a001517d39cec11e3fca5b699955f}(|)Суми, Сумська, вул.Замостянська, 21(|)
{"#",47e6dd42-cd5c-4e3a-9bc4-14816ed53d38,66:ae9a001517d39cec11e3fca0edab2995}(|){"#",a2b5aac2-33a7-41ec-878c-7dd928ac85cf,184:ae9a001517d39cec11e3fca5b6999561}(|)Варва, Чернігівська, вул.Миру, 2(|)
{"#",47e6dd42-cd5c-4e3a-9bc4-14816ed53d38,66:ae9a001517d39cec11e3fca0d533e80f}(|){"#",a2b5aac2-33a7-41ec-878c-7dd928ac85cf,184:ae9a001517d39cec11e3fca5b6999563}(|)Чернігів, Чернігівська, просп.Миру, 247(|)
{"#",47e6dd42-cd5c-4e3a-9bc4-14816ed53d38,66:ae9a001517d39cec11e3fca1cffae095}(|){"#",a2b5aac2-33a7-41ec-878c-7dd928ac85cf,184:ae9a001517d39cec11e3fca5b6999568}(|)Макарів, Київська, вул.Ярослава Мудрого, 41-Б(|)
{"#",47e6dd42-cd5c-4e3a-9bc4-14816ed53d38,66:ae9a001517d39cec11e3fca0b6bd3c1a}(|){"#",a2b5aac2-33a7-41ec-878c-7dd928ac85cf,184:ae9a001517d39cec11e3fca5b699956a}(|)Суми, Сумська, вул.Білопільська, 30(|)
{"#",47e6dd42-cd5c-4e3a-9bc4-14816ed53d38,66:ae9a001517d39cec11e3fca09859a2fa}(|){"#",a2b5aac2-33a7-41ec-878c-7dd928ac85cf,184:ae9a001517d39cec11e3fca5b699956e}(|)Чернігів, Чернігівська, вул.Захисників України (Одинцова), 17(|)
{"#",47e6dd42-cd5c-4e3a-9bc4-14816ed53d38,66:ae9a001517d39cec11e3fca1808c281d}(|){"#",a2b5aac2-33a7-41ec-878c-7dd928ac85cf,184:ae9a001517d39cec11e3fca5b6999575}(|)Чернігів, Чернігівська, вул.Волошкова, 37(|)
{"#",47e6dd42-cd5c-4e3a-9bc4-14816ed53d38,66:ae9a001517d39cec11e3fca07fee4d34}(|){"#",a2b5aac2-33a7-41ec-878c-7dd928ac85cf,184:ae9a001517d39cec11e3fca5b6999578}(|)Чернігів, Чернігівська, вул.Інструментальна, 4(|)
{"#",47e6dd42-cd5c-4e3a-9bc4-14816ed53d38,66:ae9a001517d39cec11e3fca2999558d9}(|){"#",a2b5aac2-33a7-41ec-878c-7dd928ac85cf,184:ae9a001517d39cec11e3fca5b6999578}(|)Чернігів, Чернігівська, вул.Інструментальна, 4(|)
{"#",47e6dd42-cd5c-4e3a-9bc4-14816ed53d38,66:ae9a001517d39cec11e3fca23e197d74}(|){"#",a2b5aac2-33a7-41ec-878c-7dd928ac85cf,184:ae9a001517d39cec11e3fca5b699957a}(|)Чернігів, Чернігівська, вул.Щорса, 48(|)
{"#",47e6dd42-cd5c-4e3a-9bc4-14816ed53d38,66:ae9a001517d39cec11e3fca268ca9907}(|){"#",a2b5aac2-33a7-41ec-878c-7dd928ac85cf,184:ae9a001517d39cec11e3fca5b699957e}(|)Суми, Сумська, вул.Курська, 103(|)
{"#",47e6dd42-cd5c-4e3a-9bc4-14816ed53d38,66:ae9a001517d39cec11e3fca174541ae7}(|){"#",a2b5aac2-33a7-41ec-878c-7dd928ac85cf,184:ae9a001517d39cec11e3fca5bc9b61f0}(|)Суми, Сумська, вул.Героїв Крут (Черепіна), 27(|)
{"#",47e6dd42-cd5c-4e3a-9bc4-14816ed53d38,66:ae9a001517d39cec11e3fca2f5ea2a36}(|){"#",a2b5aac2-33a7-41ec-878c-7dd928ac85cf,184:ae9a001517d39cec11e3fca5bc9b61f2}(|)вул.Нарвська буд № 5, м.Донецьк(|)
{"#",47e6dd42-cd5c-4e3a-9bc4-14816ed53d38,66:ae9a001517d39cec11e3fca198c7cedd}(|){"#",a2b5aac2-33a7-41ec-878c-7dd928ac85cf,184:ae9a001517d39cec11e3fca5bc9b61f4}(|)Суми, Сумська, вул.Харківська, 107(|)Харківська буд № 107, м.Суми, Сумська обл., 40 021
{"#",47e6dd42-cd5c-4e3a-9bc4-14816ed53d38,66:ae9a001517d39cec11e3fca20d32215d}(|){"#",a2b5aac2-33a7-41ec-878c-7dd928ac85cf,184:ae9a001517d39cec11e3fca5bc9b61f6}(|)Суми, Сумська, вул.Прокоф'єва, 16(|)
{"#",47e6dd42-cd5c-4e3a-9bc4-14816ed53d38,66:ae9a001517d39cec11e3fca332c46f64}(|){"#",a2b5aac2-33a7-41ec-878c-7dd928ac85cf,184:ae9a001517d39cec11e3fca5bc9b61f8}(|)Вінниця, Вінницька, вул.Гонти, 35-В(|)
{"#",47e6dd42-cd5c-4e3a-9bc4-14816ed53d38,66:ae9a001517d39cec11e3fca3e9796447}(|){"#",a2b5aac2-33a7-41ec-878c-7dd928ac85cf,184:ae9a001517d39cec11e3fca5bc9b61fa}(|)Бориспіль, Київська, с.Старе, вул Герасименка105(|)
{"#",47e6dd42-cd5c-4e3a-9bc4-14816ed53d38,66:ae9a001517d39cec11e3fca2999558e4}(|){"#",a2b5aac2-33a7-41ec-878c-7dd928ac85cf,184:ae9a001517d39cec11e3fca5bc9b61fc}(|)Суми, Сумська, вул.Харківська, 127(|)
{"#",47e6dd42-cd5c-4e3a-9bc4-14816ed53d38,66:ae9a001517d39cec11e3fca5bc9b6200}(|){"#",a2b5aac2-33a7-41ec-878c-7dd928ac85cf,184:ae9a001517d39cec11e3fca5bc9b61ff}(|)Леніна буд № 86, Одеська обл.(|)
{"#",47e6dd42-cd5c-4e3a-9bc4-14816ed53d38,66:ae9a001517d39cec11e3fca31a735368}(|){"#",a2b5aac2-33a7-41ec-878c-7dd928ac85cf,184:ae9a001517d39cec11e3fca5bc9b6204}(|)Бровари, Київська, вул.Броварської сотні (Чкалова), 30(|)
{"#",47e6dd42-cd5c-4e3a-9bc4-14816ed53d38,66:ae9a001517d39cec11e3fca2abb4f8f4}(|){"#",a2b5aac2-33a7-41ec-878c-7dd928ac85cf,184:ae9a001517d39cec11e3fca5bc9b6206}(|)Київ, Київська, с.Софіївська Борщагівка, Леніна53-Б(|)
{"#",47e6dd42-cd5c-4e3a-9bc4-14816ed53d38,66:ae9a001517d39cec11e3fca174541ad8}(|){"#",a2b5aac2-33a7-41ec-878c-7dd928ac85cf,184:ae9a001517d39cec11e3fca5bc9b6208}(|)Талалаївка (Талалаївський р-н., Чернігівська обл.), Чернігівська, вул.Леніна, 5(|)
{"#",47e6dd42-cd5c-4e3a-9bc4-14816ed53d38,66:ae9a001517d39cec11e3fca225bc75cf}(|){"#",a2b5aac2-33a7-41ec-878c-7dd928ac85cf,184:ae9a001517d39cec11e3fca5bc9b6208}(|)Талалаївка (Талалаївський р-н., Чернігівська обл.), Чернігівська, вул.Леніна, 5(|)
{"#",47e6dd42-cd5c-4e3a-9bc4-14816ed53d38,66:ae9a001517d39cec11e3fca2f5ea2a3e}(|){"#",a2b5aac2-33a7-41ec-878c-7dd928ac85cf,184:ae9a001517d39cec11e3fca5bc9b620a}(|)Харків, Харківська, вул.Блюхера, 64-Б(|)
{"#",47e6dd42-cd5c-4e3a-9bc4-14816ed53d38,66:ae9a001517d39cec11e3fca3bee0204c}(|){"#",a2b5aac2-33a7-41ec-878c-7dd928ac85cf,184:ae9a001517d39cec11e3fca5bc9b620e}(|)Лохвиця, Полтавська, вул.Леніна, 57(|)
{"#",47e6dd42-cd5c-4e3a-9bc4-14816ed53d38,66:ae9a001517d39cec11e3fca2abb4f8f5}(|){"#",a2b5aac2-33a7-41ec-878c-7dd928ac85cf,184:ae9a001517d39cec11e3fca5bc9b6210}(|)Суми, Сумська, вул.Білопільський Шлях, 16(|)м-н Рута
{"#",47e6dd42-cd5c-4e3a-9bc4-14816ed53d38,66:ae9a001517d39cec11e3fca06dcead09}(|){"#",a2b5aac2-33a7-41ec-878c-7dd928ac85cf,184:ae9a001517d39cec11e3fca5bc9b6212}(|)Кролевець, Сумська, вул.8-го Березня, 9(|)
{"#",47e6dd42-cd5c-4e3a-9bc4-14816ed53d38,66:ae9a001517d39cec11e3fca13d38e0ac}(|){"#",a2b5aac2-33a7-41ec-878c-7dd928ac85cf,184:ae9a001517d39cec11e3fca5bc9b6214}(|)Кролевець, Сумська, вул.Роменця, 9(|)
{"#",47e6dd42-cd5c-4e3a-9bc4-14816ed53d38,66:ae9a001517d39cec11e3fca1a4ffdc22}(|){"#",a2b5aac2-33a7-41ec-878c-7dd928ac85cf,184:ae9a001517d39cec11e3fca5bc9b6214}(|)Кролевець, Сумська, вул.Роменця, 9(|)
{"#",47e6dd42-cd5c-4e3a-9bc4-14816ed53d38,66:ae9a001517d39cec11e3fca22beb8f37}(|){"#",a2b5aac2-33a7-41ec-878c-7dd928ac85cf,184:ae9a001517d39cec11e3fca5bc9b6214}(|)Кролевець, Сумська, вул.Роменця, 9(|)
{"#",47e6dd42-cd5c-4e3a-9bc4-14816ed53d38,66:ae9a001517d39cec11e3fca244358419}(|){"#",a2b5aac2-33a7-41ec-878c-7dd928ac85cf,184:ae9a001517d39cec11e3fca5bc9b6214}(|)Кролевець, Сумська, вул.Роменця, 9(|)
{"#",47e6dd42-cd5c-4e3a-9bc4-14816ed53d38,66:ae9a001517d39cec11e3fca2c4526027}(|){"#",a2b5aac2-33a7-41ec-878c-7dd928ac85cf,184:ae9a001517d39cec11e3fca5bc9b6214}(|)Кролевець, Сумська, вул.Роменця, 9(|)
{"#",47e6dd42-cd5c-4e3a-9bc4-14816ed53d38,66:ae9a001517d39cec11e3fca3c4eb7676}(|){"#",a2b5aac2-33a7-41ec-878c-7dd928ac85cf,184:ae9a001517d39cec11e3fca5bc9b6214}(|)Кролевець, Сумська, вул.Роменця, 9(|)
{"#",47e6dd42-cd5c-4e3a-9bc4-14816ed53d38,66:ae9a001517d39cec11e3fca3dd415710}(|){"#",a2b5aac2-33a7-41ec-878c-7dd928ac85cf,184:ae9a001517d39cec11e3fca5bc9b6214}(|)Кролевець, Сумська, вул.Роменця, 9(|)
{"#",47e6dd42-cd5c-4e3a-9bc4-14816ed53d38,66:ae9a001517d39cec11e3fca100197759}(|){"#",a2b5aac2-33a7-41ec-878c-7dd928ac85cf,184:ae9a001517d39cec11e3fca5bc9b6216}(|)Кролевець, Сумська, вул.8-го Березня, 22(|)
{"#",47e6dd42-cd5c-4e3a-9bc4-14816ed53d38,66:ae9a001517d39cec11e3fca0edab2993}(|){"#",a2b5aac2-33a7-41ec-878c-7dd928ac85cf,184:ae9a001517d39cec11e3fca5bc9b6218}(|)Шостка, Сумська, вул.Привокзальна, 21(|)
{"#",47e6dd42-cd5c-4e3a-9bc4-14816ed53d38,66:ae9a001517d39cec11e3fca16e229f13}(|){"#",a2b5aac2-33a7-41ec-878c-7dd928ac85cf,184:ae9a001517d39cec11e3fca5bc9b621c}(|)Шостка, Сумська, вул.Миру, 15(|)
{"#",47e6dd42-cd5c-4e3a-9bc4-14816ed53d38,66:ae9a001517d39cec11e3fca1ab08cffa}(|){"#",a2b5aac2-33a7-41ec-878c-7dd928ac85cf,184:ae9a001517d39cec11e3fca5bc9b621e}(|)Шостка, Сумська, вул.Шевченка, 45-А(|)
{"#",47e6dd42-cd5c-4e3a-9bc4-14816ed53d38,66:ae9a001517d39cec11e3fca2812a0313}(|){"#",a2b5aac2-33a7-41ec-878c-7dd928ac85cf,184:ae9a001517d39cec11e3fca5bc9b621e}(|)Шостка, Сумська, вул.Шевченка, 45-А(|)
{"#",47e6dd42-cd5c-4e3a-9bc4-14816ed53d38,66:ae9a001517d39cec11e3fca100197761}(|){"#",a2b5aac2-33a7-41ec-878c-7dd928ac85cf,184:ae9a001517d39cec11e3fca5bc9b6220}(|)Новгород-Сіверський, Чернігівська, вул.Леніна, 13(|)
{"#",47e6dd42-cd5c-4e3a-9bc4-14816ed53d38,66:ae9a001517d39cec11e3fca206c2a872}(|){"#",a2b5aac2-33a7-41ec-878c-7dd928ac85cf,184:ae9a001517d39cec11e3fca5bc9b6222}(|)Новгород-Сіверський, Чернігівська, вул.Леніна, 25(|)
{"#",47e6dd42-cd5c-4e3a-9bc4-14816ed53d38,66:ae9a001517d39cec11e3fca2999558d1}(|){"#",a2b5aac2-33a7-41ec-878c-7dd928ac85cf,184:ae9a001517d39cec11e3fca5bc9b6224}(|)Новгород-Сіверський, Чернігівська, вул.Базарна, 3(|)
{"#",47e6dd42-cd5c-4e3a-9bc4-14816ed53d38,66:ae9a001517d39cec11e3fca39a7f7f18}(|){"#",a2b5aac2-33a7-41ec-878c-7dd928ac85cf,184:ae9a001517d39cec11e3fca5bc9b6224}(|)Новгород-Сіверський, Чернігівська, вул.Базарна, 3(|)
{"#",47e6dd42-cd5c-4e3a-9bc4-14816ed53d38,66:ae9a001517d39cec11e3fca24a53ed12}(|){"#",a2b5aac2-33a7-41ec-878c-7dd928ac85cf,184:ae9a001517d39cec11e3fca5bc9b6226}(|)Новгород-Сіверський, Чернігівська, вул.Поштова, 4(|)
{"#",47e6dd42-cd5c-4e3a-9bc4-14816ed53d38,66:ae9a001517d39cec11e3fca2999558d8}(|){"#",a2b5aac2-33a7-41ec-878c-7dd928ac85cf,184:ae9a001517d39cec11e3fca5bc9b6229}(|)Семенівка(Чернігівська обл.), Чернігівська, вул.Жовтнева, 3(|)
{"#",47e6dd42-cd5c-4e3a-9bc4-14816ed53d38,66:ae9a001517d39cec11e3fca3c4eb7672}(|){"#",a2b5aac2-33a7-41ec-878c-7dd928ac85cf,184:ae9a001517d39cec11e3fca5bc9b622b}(|)Семенівка(Чернігівська обл.), Чернігівська, вул.Червона Площа, 58(|)
{"#",47e6dd42-cd5c-4e3a-9bc4-14816ed53d38,66:ae9a001517d39cec11e3fca1126fed9c}(|){"#",a2b5aac2-33a7-41ec-878c-7dd928ac85cf,184:ae9a001517d39cec11e3fca5bc9b622d}(|)Корюківка, Чернігівська, вул.Передзаводська, 12(|)
{"#",47e6dd42-cd5c-4e3a-9bc4-14816ed53d38,66:ae9a001517d39cec11e3fca16e229f12}(|){"#",a2b5aac2-33a7-41ec-878c-7dd928ac85cf,184:ae9a001517d39cec11e3fca5bc9b622f}(|)Мена, Чернігівська, вул.Сіверський Шлях (Леніна), 84(|)
{"#",47e6dd42-cd5c-4e3a-9bc4-14816ed53d38,66:ae9a001517d39cec11e3fca3085150e5}(|){"#",a2b5aac2-33a7-41ec-878c-7dd928ac85cf,184:ae9a001517d39cec11e3fca5bc9b6231}(|)Запоріжжя, Запорізька, вул.Стартова, 3(|)
{"#",47e6dd42-cd5c-4e3a-9bc4-14816ed53d38,66:ae9a001517d39cec11e3fca16217de8b}(|){"#",a2b5aac2-33a7-41ec-878c-7dd928ac85cf,184:ae9a001517d39cec11e3fca5bc9b6233}(|)Київ, Київська, вул.Булаховського Академіка, 5-Г(|)
{"#",47e6dd42-cd5c-4e3a-9bc4-14816ed53d38,66:ae9a001517d39cec11e3fca2b1eb3983}(|){"#",a2b5aac2-33a7-41ec-878c-7dd928ac85cf,184:ae9a001517d39cec11e3fca5bc9b6235}(|)Нові Петрівці, Київська, вул.Леніна, 12(|)
{"#",47e6dd42-cd5c-4e3a-9bc4-14816ed53d38,66:ae9a001517d39cec11e3fca1c39cadaf}(|){"#",a2b5aac2-33a7-41ec-878c-7dd928ac85cf,184:ae9a001517d39cec11e3fca5bc9b6237}(|)Демидів, Київська, вул.Київська, 67(|)
{"#",47e6dd42-cd5c-4e3a-9bc4-14816ed53d38,66:ae9a001517d39cec11e3fca2b1eb3986}(|){"#",a2b5aac2-33a7-41ec-878c-7dd928ac85cf,184:ae9a001517d39cec11e3fca5bc9b623c}(|)Клавдієво-Тарасове, Київська, вул.Маркса Карла, 19(|)
{"#",47e6dd42-cd5c-4e3a-9bc4-14816ed53d38,66:ae9a001517d39cec11e3fca28d4c9b22}(|){"#",a2b5aac2-33a7-41ec-878c-7dd928ac85cf,184:ae9a001517d39cec11e3fca5bc9b623e}(|)Ірпінь, Київська, смт.Гостомель, Рекунова34/2(|)
{"#",47e6dd42-cd5c-4e3a-9bc4-14816ed53d38,66:ae9a001517d39cec11e3fca5bc9b6241}(|){"#",a2b5aac2-33a7-41ec-878c-7dd928ac85cf,184:ae9a001517d39cec11e3fca5bc9b6240}(|)Ірпінь, Київська, вул.Центральна, 8-А(|)
{"#",47e6dd42-cd5c-4e3a-9bc4-14816ed53d38,66:ae9a001517d39cec11e3fca0d533e80e}(|){"#",a2b5aac2-33a7-41ec-878c-7dd928ac85cf,184:ae9a001517d39cec11e3fca5c29d2eb3}(|)Борзна, Чернігівська, вул.Садова, 1-А(|)
{"#",47e6dd42-cd5c-4e3a-9bc4-14816ed53d38,66:ae9a001517d39cec11e3fca16217de81}(|){"#",a2b5aac2-33a7-41ec-878c-7dd928ac85cf,184:ae9a001517d39cec11e3fca5c29d2eb5}(|)Київ, Київська, вул.Мельниченка, 1-А(|)
{"#",47e6dd42-cd5c-4e3a-9bc4-14816ed53d38,66:ae9a001517d39cec11e3fca1373713f2}(|){"#",a2b5aac2-33a7-41ec-878c-7dd928ac85cf,184:ae9a001517d39cec11e3fca5c29d2eb7}(|)Борзна, Чернігівська, вул.Леніна, 5-А(|)
{"#",47e6dd42-cd5c-4e3a-9bc4-14816ed53d38,66:ae9a001517d39cec11e3fca3c4eb7662}(|){"#",a2b5aac2-33a7-41ec-878c-7dd928ac85cf,184:ae9a001517d39cec11e3fca5c29d2eb9}(|)Борзна, Чернігівська, вул.Барвінок, 20(|)
{"#",47e6dd42-cd5c-4e3a-9bc4-14816ed53d38,66:ae9a001517d39cec11e3fca0c2dfd424}(|){"#",a2b5aac2-33a7-41ec-878c-7dd928ac85cf,184:ae9a001517d39cec11e3fca5c29d2ebb}(|)Борзна, Чернігівська, вул.Паризької Комуни, 18(|)
{"#",47e6dd42-cd5c-4e3a-9bc4-14816ed53d38,66:ae9a001517d39cec11e3fca33f381768}(|){"#",a2b5aac2-33a7-41ec-878c-7dd928ac85cf,184:ae9a001517d39cec11e3fca5c29d2ebd}(|)Куликівка, Чернігівська, вул.Шевченка, 68(|)
{"#",47e6dd42-cd5c-4e3a-9bc4-14816ed53d38,66:ae9a001517d39cec11e3fca5c29d2ec1}(|){"#",a2b5aac2-33a7-41ec-878c-7dd928ac85cf,184:ae9a001517d39cec11e3fca5c29d2ec0}(|)Мена, Чернігівська, вул.Радянська, 29(|)Радянська буд № 29, Мена, Чернігівська, Чернігівська
{"#",47e6dd42-cd5c-4e3a-9bc4-14816ed53d38,66:ae9a001517d39cec11e3fca11eed1f0e}(|){"#",a2b5aac2-33a7-41ec-878c-7dd928ac85cf,184:ae9a001517d39cec11e3fca5c29d2ec3}(|)Київ, Київська, вул.Мельниченка, 1-А(|)
{"#",47e6dd42-cd5c-4e3a-9bc4-14816ed53d38,66:ae9a001517d39cec11e3fca198c7cee1}(|){"#",a2b5aac2-33a7-41ec-878c-7dd928ac85cf,184:ae9a001517d39cec11e3fca5c29d2ec5}(|)Київ, Київська, дорогаКільцева, 12-В(|)
{"#",47e6dd42-cd5c-4e3a-9bc4-14816ed53d38,66:ae9a001517d39cec11e3fca2e345066a}(|){"#",a2b5aac2-33a7-41ec-878c-7dd928ac85cf,184:ae9a001517d39cec11e3fca5c29d2ec7}(|)Київ, Київська, вул.Янтарна, 7/5(|)
{"#",47e6dd42-cd5c-4e3a-9bc4-14816ed53d38,66:aa8e0025909438d711e8171c87b9e602}(|){"#",a2b5aac2-33a7-41ec-878c-7dd928ac85cf,184:ae9a001517d39cec11e3fca5c29d2ec9}(|)Київ, Київська, дорогаКільцева, 15-А(|)
{"#",47e6dd42-cd5c-4e3a-9bc4-14816ed53d38,66:ae9a001517d39cec11e3fca1dc32edd0}(|){"#",a2b5aac2-33a7-41ec-878c-7dd928ac85cf,184:ae9a001517d39cec11e3fca5c29d2ec9}(|)Київ, Київська, дорогаКільцева, 15-А(|)
{"#",47e6dd42-cd5c-4e3a-9bc4-14816ed53d38,66:ae9a001517d39cec11e3fca0fa0497c9}(|){"#",a2b5aac2-33a7-41ec-878c-7dd928ac85cf,184:ae9a001517d39cec11e3fca5c29d2ecb}(|)Київ, Київська, с.Петропавлівська Борщагівка, 16(|)
{"#",47e6dd42-cd5c-4e3a-9bc4-14816ed53d38,66:ae9a001517d39cec11e3fca1126fed9a}(|){"#",a2b5aac2-33a7-41ec-878c-7dd928ac85cf,184:ae9a001517d39cec11e3fca5c29d2ecd}(|)Київ, Київська, дорогаКільцева, 4-Б(|)
{"#",47e6dd42-cd5c-4e3a-9bc4-14816ed53d38,66:ae9a001517d39cec11e3fca231e89747}(|){"#",a2b5aac2-33a7-41ec-878c-7dd928ac85cf,184:ae9a001517d39cec11e3fca5c29d2ecf}(|)Київ, Київська, дорогаКільцева, 5(|)
{"#",47e6dd42-cd5c-4e3a-9bc4-14816ed53d38,66:ae9a001517d39cec11e3fca262c8cc46}(|){"#",a2b5aac2-33a7-41ec-878c-7dd928ac85cf,184:ae9a001517d39cec11e3fca5c29d2ed1}(|)Київ, Київська, дорогаКільцева, 15(|)
{"#",47e6dd42-cd5c-4e3a-9bc4-14816ed53d38,66:ae9a001517d39cec11e3fca2ef9c1234}(|){"#",a2b5aac2-33a7-41ec-878c-7dd928ac85cf,184:ae9a001517d39cec11e3fca5c29d2ed6}(|)Харків, Харківська, вул.Блюхера, 66(|)
{"#",47e6dd42-cd5c-4e3a-9bc4-14816ed53d38,66:ae9a001517d39cec11e3fca375de7e60}(|){"#",a2b5aac2-33a7-41ec-878c-7dd928ac85cf,184:ae9a001517d39cec11e3fca5c29d2ed9}(|)Київ, Київська, вул.Зодчих, 5(|)
{"#",47e6dd42-cd5c-4e3a-9bc4-14816ed53d38,66:ae9a001517d39cec11e3fca2a5a0196e}(|){"#",a2b5aac2-33a7-41ec-878c-7dd928ac85cf,184:ae9a001517d39cec11e3fca5c29d2edc}(|)Черкаси, Черкаська, вул.Бидгощська, 1(|)
{"#",47e6dd42-cd5c-4e3a-9bc4-14816ed53d38,66:ae9a001517d39cec11e3fca0e17f0819}(|){"#",a2b5aac2-33a7-41ec-878c-7dd928ac85cf,184:ae9a001517d39cec11e3fca5c29d2edf}(|)60 років СРСР буд № 20а, Маріуполь, Донецька, 87514(|)
{"#",47e6dd42-cd5c-4e3a-9bc4-14816ed53d38,66:ae9a001517d39cec11e3fca29f94c34b}(|){"#",a2b5aac2-33a7-41ec-878c-7dd928ac85cf,184:ae9a001517d39cec11e3fca5c29d2ee3}(|)Київ, Київська, вул.Північно-Сирецька, 3(|)
{"#",47e6dd42-cd5c-4e3a-9bc4-14816ed53d38,66:ae9a001517d39cec11e3fca293663f6a}(|){"#",a2b5aac2-33a7-41ec-878c-7dd928ac85cf,184:ae9a001517d39cec11e3fca5c29d2ee5}(|)Одеса, Одеська, дорогаОвідіопольська, 10(|)Піонерська буд № 11, Одеса, Одеська
{"#",47e6dd42-cd5c-4e3a-9bc4-14816ed53d38,66:ae9a001517d39cec11e3fca1cffae08a}(|){"#",a2b5aac2-33a7-41ec-878c-7dd928ac85cf,184:ae9a001517d39cec11e3fca5c29d2ee7}(|)Одеса, Одеська, вул.Хімічна, 3(|)Леонова буд № 34, Одеса, Одеська
{"#",47e6dd42-cd5c-4e3a-9bc4-14816ed53d38,66:ae9a001517d39cec11e3fca21faebd4a}(|){"#",a2b5aac2-33a7-41ec-878c-7dd928ac85cf,184:ae9a001517d39cec11e3fca5c29d2eec}(|)Херсон, Херсонська, вул.Східна 23-я, 31(|)23-я Восточная буд № 31, Херсон, Херсонська
{"#",47e6dd42-cd5c-4e3a-9bc4-14816ed53d38,66:ae9a001517d39cec11e3fca1310a5cc6}(|){"#",a2b5aac2-33a7-41ec-878c-7dd928ac85cf,184:ae9a001517d39cec11e3fca5c29d2eee}(|)Авторинок 5-й км, Херсон, Херсонська(|)Авторинок 5-й км, Херсон, Херсонська
{"#",47e6dd42-cd5c-4e3a-9bc4-14816ed53d38,66:ae9a001517d39cec11e3fca21faebd44}(|){"#",a2b5aac2-33a7-41ec-878c-7dd928ac85cf,184:ae9a001517d39cec11e3fca5c29d2eee}(|)Авторинок 5-й км, Херсон, Херсонська(|)
{"#",47e6dd42-cd5c-4e3a-9bc4-14816ed53d38,66:ae9a001517d39cec11e3fca1ab08cfed}(|){"#",a2b5aac2-33a7-41ec-878c-7dd928ac85cf,184:ae9a001517d39cec11e3fca5c29d2ef0}(|)Київ, Київська, вул.Симиренка, 36(|)Симиренка буд № 36, Київ, Київська, Київська, 3 134
{"#",6896b257-d719-4862-b17d-45711cc3c5d0,118:911f001517d39cec11e43904f249ae88}(|){"#",a2b5aac2-33a7-41ec-878c-7dd928ac85cf,184:ae9a001517d39cec11e3fca5c29d2ef0}(|)Київ, Київська, вул.Симиренка, 36(|)Симиренка буд № 36, Київ, Київська, Київська, 3 134
{"#",47e6dd42-cd5c-4e3a-9bc4-14816ed53d38,66:ae9a001517d39cec11e3fca1ab08cfed}(|){"#",a2b5aac2-33a7-41ec-878c-7dd928ac85cf,184:ae9a001517d39cec11e3fca5c29d2ef2}(|)Київ, Київська, вул.Симиренка, 42(|)АТЛ 1
{"#",47e6dd42-cd5c-4e3a-9bc4-14816ed53d38,66:ae9a001517d39cec11e3fca1ab08cfed}(|){"#",a2b5aac2-33a7-41ec-878c-7dd928ac85cf,184:ae9a001517d39cec11e3fca5c29d2ef4}(|)Київ, Київська, шосеХарківське, 201/203(|)АТЛ Каскад
{"#",47e6dd42-cd5c-4e3a-9bc4-14816ed53d38,66:ae9a001517d39cec11e3fca1ab08cfed}(|){"#",a2b5aac2-33a7-41ec-878c-7dd928ac85cf,184:ae9a001517d39cec11e3fca5c29d2ef6}(|)Київ, Київська, вул.Автозаводська, 8(|)АТЛ Автозаводская
{"#",47e6dd42-cd5c-4e3a-9bc4-14816ed53d38,66:ae9a001517d39cec11e3fca1ab08cfed}(|){"#",a2b5aac2-33a7-41ec-878c-7dd928ac85cf,184:ae9a001517d39cec11e3fca5c29d2ef8}(|)Київ, Київська, вул.Братиславська, 52(|)АТЛ Братиславская
{"#",47e6dd42-cd5c-4e3a-9bc4-14816ed53d38,66:ae9a001517d39cec11e3fca1ab08cfed}(|){"#",a2b5aac2-33a7-41ec-878c-7dd928ac85cf,184:ae9a001517d39cec11e3fca5c29d2efa}(|)Київ, Київська, вул.Довженка Олександра, 4(|)АТЛ Довженко
{"#",47e6dd42-cd5c-4e3a-9bc4-14816ed53d38,66:ae9a001517d39cec11e3fca1ab08cfed}(|){"#",a2b5aac2-33a7-41ec-878c-7dd928ac85cf,184:ae9a001517d39cec11e3fca5c29d2efc}(|)Бровари, Київська, вул.Київська, 152(|)АТЛ Бровары
{"#",47e6dd42-cd5c-4e3a-9bc4-14816ed53d38,66:ae9a001517d39cec11e3fca1e240a65c}(|){"#",a2b5aac2-33a7-41ec-878c-7dd928ac85cf,184:ae9a001517d39cec11e3fca5c29d2f00}(|)Гадяч, Полтавська, вул.Лохвицька, 28(|)
{"#",47e6dd42-cd5c-4e3a-9bc4-14816ed53d38,66:ae9a001517d39cec11e3fca31a735379}(|){"#",a2b5aac2-33a7-41ec-878c-7dd928ac85cf,184:ae9a001517d39cec11e3fca5c29d2f02}(|)Обухів, Київська, вул.Промислова, 1-А(|)
{"#",47e6dd42-cd5c-4e3a-9bc4-14816ed53d38,66:ae9a001517d39cec11e3fca36fc4da14}(|){"#",a2b5aac2-33a7-41ec-878c-7dd928ac85cf,184:ae9a001517d39cec11e3fca5c29d2f04}(|)Гадяч, Полтавська, вул.Лохвицька, 20(|)
{"#",47e6dd42-cd5c-4e3a-9bc4-14816ed53d38,66:ae9a001517d39cec11e3fca3a6857aef}(|){"#",a2b5aac2-33a7-41ec-878c-7dd928ac85cf,184:ae9a001517d39cec11e3fca5c29d2f04}(|)Гадяч, Полтавська, вул.Лохвицька, 20(|)
{"#",47e6dd42-cd5c-4e3a-9bc4-14816ed53d38,66:ae9a001517d39cec11e3fca10c5d7063}(|){"#",a2b5aac2-33a7-41ec-878c-7dd928ac85cf,184:ae9a001517d39cec11e3fca5c89efb75}(|)Коростишів, Житомирська, вул.Червона Площа, 1(|)
{"#",47e6dd42-cd5c-4e3a-9bc4-14816ed53d38,66:ae9a001517d39cec11e3fca13d38e0b6}(|){"#",a2b5aac2-33a7-41ec-878c-7dd928ac85cf,184:ae9a001517d39cec11e3fca5c89efb7a}(|)Коломия, Івано-Франківська, вул.Карпатська, 152(|)
{"#",47e6dd42-cd5c-4e3a-9bc4-14816ed53d38,66:ae9a001517d39cec11e3fca30218ae0d}(|){"#",a2b5aac2-33a7-41ec-878c-7dd928ac85cf,184:ae9a001517d39cec11e3fca5c89efb7a}(|)Коломия, Івано-Франківська, вул.Карпатська, 152(|)
{"#",47e6dd42-cd5c-4e3a-9bc4-14816ed53d38,66:ae9a001517d39cec11e3fca1436597c9}(|){"#",a2b5aac2-33a7-41ec-878c-7dd928ac85cf,184:ae9a001517d39cec11e3fca5c89efb7c}(|)Ломоносова буд № 347, Мелітополь, Запорізька(|)
{"#",47e6dd42-cd5c-4e3a-9bc4-14816ed53d38,66:ae9a001517d39cec11e3fca1e240a660}(|){"#",a2b5aac2-33a7-41ec-878c-7dd928ac85cf,184:ae9a001517d39cec11e3fca5c89efb7e}(|)Арциз, Одеська, вул.Маркса Карла, 45(|)
{"#",47e6dd42-cd5c-4e3a-9bc4-14816ed53d38,66:ae9a001517d39cec11e3fca27b105ed0}(|){"#",a2b5aac2-33a7-41ec-878c-7dd928ac85cf,184:ae9a001517d39cec11e3fca5c89efb80}(|)Львів, Львівська, вул.Шевченка, 11(|)
{"#",47e6dd42-cd5c-4e3a-9bc4-14816ed53d38,66:ae9a001517d39cec11e3fca30e4bf6ab}(|){"#",a2b5aac2-33a7-41ec-878c-7dd928ac85cf,184:ae9a001517d39cec11e3fca5c89efb80}(|)Львів, Львівська, вул.Шевченка, 11(|)
{"#",47e6dd42-cd5c-4e3a-9bc4-14816ed53d38,66:ae9a001517d39cec11e3fca149a09cea}(|){"#",a2b5aac2-33a7-41ec-878c-7dd928ac85cf,184:ae9a001517d39cec11e3fca5c89efb82}(|)Кременчук, Полтавська, вул.Приходька Івана, 23(|)
{"#",47e6dd42-cd5c-4e3a-9bc4-14816ed53d38,66:ae9a001517d39cec11e3fca3a6857af6}(|){"#",a2b5aac2-33a7-41ec-878c-7dd928ac85cf,184:ae9a001517d39cec11e3fca5c89efb8c}(|)Херсон, Херсонська, вул.Мудрого Ярослава (Радянська), 38(|)
{"#",47e6dd42-cd5c-4e3a-9bc4-14816ed53d38,66:ae9a001517d39cec11e3fca09e56ab0c}(|){"#",a2b5aac2-33a7-41ec-878c-7dd928ac85cf,184:ae9a001517d39cec11e3fca5c89efb90}(|)Київ, Київська, вул.Першого Травня (Бортничі), 1-А(|)
{"#",47e6dd42-cd5c-4e3a-9bc4-14816ed53d38,66:ae9a001517d39cec11e3fca32085d09e}(|){"#",a2b5aac2-33a7-41ec-878c-7dd928ac85cf,184:ae9a001517d39cec11e3fca5c89efb94}(|)Полтава, Полтавська, вул.Ковпака, 21-Б(|)
{"#",47e6dd42-cd5c-4e3a-9bc4-14816ed53d38,66:ae9a001517d39cec11e3fca5c89efba2}(|){"#",a2b5aac2-33a7-41ec-878c-7dd928ac85cf,184:ae9a001517d39cec11e3fca5c89efba1}(|)Лубни, Полтавська, вул.Драгоманова, 32-Б(|)
{"#",47e6dd42-cd5c-4e3a-9bc4-14816ed53d38,66:ae9a001517d39cec11e3fca36fc4da18}(|){"#",a2b5aac2-33a7-41ec-878c-7dd928ac85cf,184:ae9a001517d39cec11e3fca5c89efba9}(|)Погреби, Київська, вул.Кірова, 59(|)
{"#",47e6dd42-cd5c-4e3a-9bc4-14816ed53d38,66:ae9a001517d39cec11e3fca21faebd39}(|){"#",a2b5aac2-33a7-41ec-878c-7dd928ac85cf,184:ae9a001517d39cec11e3fca5c89efbb6}(|)Бровари, Київська, вул.Москаленка Сергія (Красовського Маршала), 26-А(|)
{"#",47e6dd42-cd5c-4e3a-9bc4-14816ed53d38,66:ae9a001517d39cec11e3fca28d4c9b30}(|){"#",a2b5aac2-33a7-41ec-878c-7dd928ac85cf,184:ae9a001517d39cec11e3fca5ceaa51a7}(|)Черкаси, Черкаська, вул.Смілянська, 149(|)
{"#",47e6dd42-cd5c-4e3a-9bc4-14816ed53d38,66:ae9a001517d39cec11e3fca1808c2822}(|){"#",a2b5aac2-33a7-41ec-878c-7dd928ac85cf,184:ae9a001517d39cec11e3fca5ceaa51a9}(|)Лутугінська буд № 26, м.Луганськ(|)
{"#",47e6dd42-cd5c-4e3a-9bc4-14816ed53d38,66:ae9a001517d39cec11e3fca1e240a652}(|){"#",a2b5aac2-33a7-41ec-878c-7dd928ac85cf,184:ae9a001517d39cec11e3fca5ceaa51a9}(|)Лутугінська буд № 26, м.Луганськ(|)
{"#",47e6dd42-cd5c-4e3a-9bc4-14816ed53d38,66:ae9a001517d39cec11e3fca0f3dca56c}(|){"#",a2b5aac2-33a7-41ec-878c-7dd928ac85cf,184:ae9a001517d39cec11e3fca5ceaa51ac}(|)Кропивницький, Кіровоградська, вул.Сухомлинського, 28(|)
{"#",47e6dd42-cd5c-4e3a-9bc4-14816ed53d38,66:ae9a001517d39cec11e3fca262c8cc3d}(|){"#",a2b5aac2-33a7-41ec-878c-7dd928ac85cf,184:ae9a001517d39cec11e3fca5ceaa51ae}(|)Кропивницький, Кіровоградська, вул.Яновського, 42(|)
{"#",47e6dd42-cd5c-4e3a-9bc4-14816ed53d38,66:ae9a001517d39cec11e3fca3a6857ae6}(|){"#",a2b5aac2-33a7-41ec-878c-7dd928ac85cf,184:ae9a001517d39cec11e3fca5ceaa51b0}(|)Еліваторна буд № 1б Донецьк, Донецька(|)
{"#",47e6dd42-cd5c-4e3a-9bc4-14816ed53d38,66:ae9a001517d39cec11e3fca1bd74bb49}(|){"#",a2b5aac2-33a7-41ec-878c-7dd928ac85cf,184:ae9a001517d39cec11e3fca5ceaa51b2}(|)Кропивницький, Кіровоградська, просп.Інженерів, 6(|)
{"#",47e6dd42-cd5c-4e3a-9bc4-14816ed53d38,66:ae9a001517d39cec11e3fca0c2dfd438}(|){"#",a2b5aac2-33a7-41ec-878c-7dd928ac85cf,184:ae9a001517d39cec11e3fca5ceaa51b5}(|)Авторинок Південний, Маріуполь, Донецька(|)
{"#",47e6dd42-cd5c-4e3a-9bc4-14816ed53d38,66:ae9a001517d39cec11e3fca155ee1f64}(|){"#",a2b5aac2-33a7-41ec-878c-7dd928ac85cf,184:ae9a001517d39cec11e3fca5ceaa51b7}(|)Черепановых буд № 119, кв. 12, Макеевка, Донецька(|)
{"#",47e6dd42-cd5c-4e3a-9bc4-14816ed53d38,66:ae9a001517d39cec11e3fca0c8fbdad1}(|){"#",a2b5aac2-33a7-41ec-878c-7dd928ac85cf,184:ae9a001517d39cec11e3fca5ceaa51b9}(|)Степана Щипачова буд № 16, кв. 28, Донецьк, Донецька(|)
{"#",47e6dd42-cd5c-4e3a-9bc4-14816ed53d38,66:ae9a001517d39cec11e3fca0925a3882}(|){"#",a2b5aac2-33a7-41ec-878c-7dd928ac85cf,184:ae9a001517d39cec11e3fca5ceaa51bb}(|)Уварова, Макеевка, Донецька(|)
{"#",47e6dd42-cd5c-4e3a-9bc4-14816ed53d38,66:ae9a001517d39cec11e3fca3a6857af1}(|){"#",a2b5aac2-33a7-41ec-878c-7dd928ac85cf,184:ae9a001517d39cec11e3fca5ceaa51bd}(|)Донецька, Донецьк, Воздушна,,автокооператив"Южний", дом № 1а(|)
{"#",47e6dd42-cd5c-4e3a-9bc4-14816ed53d38,66:ae9a001517d39cec11e3fca33f38175c}(|){"#",a2b5aac2-33a7-41ec-878c-7dd928ac85cf,184:ae9a001517d39cec11e3fca5ceaa51bf}(|)Київ, Київська, вул.Ревуцького, 1-А(|)
{"#",47e6dd42-cd5c-4e3a-9bc4-14816ed53d38,66:ae9a001517d39cec11e3fca3d7313c26}(|){"#",a2b5aac2-33a7-41ec-878c-7dd928ac85cf,184:ae9a001517d39cec11e3fca5ceaa51bf}(|)Київ, Київська, вул.Ревуцького, 1-А(|)
{"#",47e6dd42-cd5c-4e3a-9bc4-14816ed53d38,66:ae9a001517d39cec11e3fca5e0ad55c1}(|){"#",a2b5aac2-33a7-41ec-878c-7dd928ac85cf,184:ae9a001517d39cec11e3fca5ceaa51bf}(|)Київ, Київська, вул.Ревуцького, 1-А(|)
{"#",47e6dd42-cd5c-4e3a-9bc4-14816ed53d38,66:ae9a001517d39cec11e3fca262c8cc4d}(|){"#",a2b5aac2-33a7-41ec-878c-7dd928ac85cf,184:ae9a001517d39cec11e3fca5ceaa51c1}(|)Лубни, Полтавська, пров.Осовської 1-й, 7/2(|)
{"#",47e6dd42-cd5c-4e3a-9bc4-14816ed53d38,66:ae9a001517d39cec11e3fca23e197d6a}(|){"#",a2b5aac2-33a7-41ec-878c-7dd928ac85cf,184:ae9a001517d39cec11e3fca5ceaa51c3}(|)Лубни, Полтавська, вул.Фабрична, 1/30(|)
{"#",47e6dd42-cd5c-4e3a-9bc4-14816ed53d38,66:ae9a001517d39cec11e3fca1ee765136}(|){"#",a2b5aac2-33a7-41ec-878c-7dd928ac85cf,184:ae9a001517d39cec11e3fca5ceaa51c5}(|)Полтава, Полтавська, пров.Ломаний, 38(|)
{"#",47e6dd42-cd5c-4e3a-9bc4-14816ed53d38,66:ae9a001517d39cec11e3fca3c4eb7663}(|){"#",a2b5aac2-33a7-41ec-878c-7dd928ac85cf,184:ae9a001517d39cec11e3fca5ceaa51c7}(|)Ілона Зрині, 57, Мукачево, Закарпатська обл.(|)
{"#",47e6dd42-cd5c-4e3a-9bc4-14816ed53d38,66:ae9a001517d39cec11e3fca0b0b6aa98}(|){"#",a2b5aac2-33a7-41ec-878c-7dd928ac85cf,184:ae9a001517d39cec11e3fca5ceaa51c9}(|)Ярослава Мудрого,45/2, Мукачево, Закарпатська обл.(|)Ярослава Мудрого,45/2, Мукачево,Закарпатська обл.
{"#",47e6dd42-cd5c-4e3a-9bc4-14816ed53d38,66:ae9a001517d39cec11e3fca32cc9c9ab}(|){"#",a2b5aac2-33a7-41ec-878c-7dd928ac85cf,184:ae9a001517d39cec11e3fca5ceaa51cc}(|)Київ, Київська, вул.Усенка Павла, 8(|)
{"#",47e6dd42-cd5c-4e3a-9bc4-14816ed53d38,66:ae9a001517d39cec11e3fca1ab08cfed}(|){"#",a2b5aac2-33a7-41ec-878c-7dd928ac85cf,184:ae9a001517d39cec11e3fca5ceaa51ce}(|)Вінниця, Вінницька, шосеХмельницьке, 130-А(|)АТЛ Винница
{"#",47e6dd42-cd5c-4e3a-9bc4-14816ed53d38,66:ae9a001517d39cec11e3fca1ab08cfed}(|){"#",a2b5aac2-33a7-41ec-878c-7dd928ac85cf,184:ae9a001517d39cec11e3fca5ceaa51d0}(|)Дніпро, Дніпропетровська, вул.Старокодацька, 9(|)АТЛ Днепропетровск
{"#",47e6dd42-cd5c-4e3a-9bc4-14816ed53d38,66:ae9a001517d39cec11e3fca1ab08cfed}(|){"#",a2b5aac2-33a7-41ec-878c-7dd928ac85cf,184:ae9a001517d39cec11e3fca5ceaa51d2}(|)пр-кт. Ленінський буд № 51В, Донецьк, Донецьк, Донецька, 3 134(|)АТЛ Донецк
{"#",47e6dd42-cd5c-4e3a-9bc4-14816ed53d38,66:ae9a001517d39cec11e3fca1ab08cfed}(|){"#",a2b5aac2-33a7-41ec-878c-7dd928ac85cf,184:ae9a001517d39cec11e3fca5ceaa51d4}(|)Одеса, Одеська, вул.Головатого Отамана, 22(|)АТЛ Одесса
{"#",47e6dd42-cd5c-4e3a-9bc4-14816ed53d38,66:ae9a001517d39cec11e3fca1ab08cfed}(|){"#",a2b5aac2-33a7-41ec-878c-7dd928ac85cf,184:ae9a001517d39cec11e3fca5ceaa51d6}(|)Полтава, Полтавська, шосеХарківське, 2(|)АТЛ Полтава
{"#",47e6dd42-cd5c-4e3a-9bc4-14816ed53d38,66:ae9a001517d39cec11e3fca1ab08cfed}(|){"#",a2b5aac2-33a7-41ec-878c-7dd928ac85cf,184:ae9a001517d39cec11e3fca5ceaa51d8}(|)Харків, Харківська, пров.Павлова Академіка, 130(|)АТЛ Харьков 3
{"#",47e6dd42-cd5c-4e3a-9bc4-14816ed53d38,66:ae9a001517d39cec11e3fca1ab08cfed}(|){"#",a2b5aac2-33a7-41ec-878c-7dd928ac85cf,184:ae9a001517d39cec11e3fca5ceaa51da}(|)Миколаїв, Миколаївська, вул.Космонавтів, 61-А(|)АТЛ Николаев
{"#",47e6dd42-cd5c-4e3a-9bc4-14816ed53d38,66:ae9a001517d39cec11e3fca1ab08cfed}(|){"#",a2b5aac2-33a7-41ec-878c-7dd928ac85cf,184:ae9a001517d39cec11e3fca5ceaa51dc}(|)Капушанська буд № 106А, Ужгород, Ужгород, Закарпатська, 3 134(|)АТЛ Ужгород
{"#",47e6dd42-cd5c-4e3a-9bc4-14816ed53d38,66:ae9a001517d39cec11e3fca1ab08cfed}(|){"#",a2b5aac2-33a7-41ec-878c-7dd928ac85cf,184:ae9a001517d39cec11e3fca5ceaa51de}(|)Чернігів, Чернігівська, вул.Щорса, 60(|)АТЛ Чернигов
{"#",47e6dd42-cd5c-4e3a-9bc4-14816ed53d38,66:ae9a001517d39cec11e3fca1ab08cfed}(|){"#",a2b5aac2-33a7-41ec-878c-7dd928ac85cf,184:ae9a001517d39cec11e3fca5ceaa51e0}(|)Прилуки, Чернігівська, вул.Київська, 209(|)АТЛ Прилуки
{"#",47e6dd42-cd5c-4e3a-9bc4-14816ed53d38,66:ae9a001517d39cec11e3fca32cc9c9a1}(|){"#",a2b5aac2-33a7-41ec-878c-7dd928ac85cf,184:ae9a001517d39cec11e3fca5ceaa51e2}(|)Бровари, Київська, вул.Богунська, 26-Б(|)
{"#",47e6dd42-cd5c-4e3a-9bc4-14816ed53d38,66:ae9a001517d39cec11e3fca38214293e}(|){"#",a2b5aac2-33a7-41ec-878c-7dd928ac85cf,184:ae9a001517d39cec11e3fca5ceaa51e4}(|)Лохвиця, Полтавська, вул.Бурмистенка, 2-А(|)
{"#",47e6dd42-cd5c-4e3a-9bc4-14816ed53d38,66:ae9a001517d39cec11e3fca3d11797e9}(|){"#",a2b5aac2-33a7-41ec-878c-7dd928ac85cf,184:ae9a001517d39cec11e3fca5ceaa51e4}(|)Лохвиця, Полтавська, вул.Бурмистенка, 2-А(|)
{"#",47e6dd42-cd5c-4e3a-9bc4-14816ed53d38,66:ae9a001517d39cec11e3fca31a73536c}(|){"#",a2b5aac2-33a7-41ec-878c-7dd928ac85cf,184:ae9a001517d39cec11e3fca5ceaa51e6}(|)Бровари, Київська, вул.Броварської сотні (Чкалова), 21(|)
{"#",47e6dd42-cd5c-4e3a-9bc4-14816ed53d38,66:ae9a001517d39cec11e3fca31a735372}(|){"#",a2b5aac2-33a7-41ec-878c-7dd928ac85cf,184:ae9a001517d39cec11e3fca5ceaa51e6}(|)Бровари, Київська, вул.Броварської сотні (Чкалова), 21(|)
{"#",47e6dd42-cd5c-4e3a-9bc4-14816ed53d38,66:ae9a001517d39cec11e3fca124fad794}(|){"#",a2b5aac2-33a7-41ec-878c-7dd928ac85cf,184:ae9a001517d39cec11e3fca5ceaa51e8}(|)Полтава, Полтавська, вул.Мирного Панаса, 62(|)
{"#",47e6dd42-cd5c-4e3a-9bc4-14816ed53d38,66:ae9a001517d39cec11e3fca0bccd56f5}(|){"#",a2b5aac2-33a7-41ec-878c-7dd928ac85cf,184:ae9a001517d39cec11e3fca5ceaa51ea}(|)Авторинок Спортек, Полтава, Полтавська(|)
{"#",47e6dd42-cd5c-4e3a-9bc4-14816ed53d38,66:ae9a001517d39cec11e3fca2999558e0}(|){"#",a2b5aac2-33a7-41ec-878c-7dd928ac85cf,184:ae9a001517d39cec11e3fca5ceaa51ea}(|)Авторинок Спортек, Полтава, Полтавська(|)
{"#",47e6dd42-cd5c-4e3a-9bc4-14816ed53d38,66:ae9a001517d39cec11e3fca2d0a96c0c}(|){"#",a2b5aac2-33a7-41ec-878c-7dd928ac85cf,184:ae9a001517d39cec11e3fca5ceaa51ea}(|)Авторинок Спортек, Полтава, Полтавська(|)
{"#",47e6dd42-cd5c-4e3a-9bc4-14816ed53d38,66:ae9a001517d39cec11e3fca2d6dd4a1c}(|){"#",a2b5aac2-33a7-41ec-878c-7dd928ac85cf,184:ae9a001517d39cec11e3fca5ceaa51ea}(|)Авторинок Спортек, Полтава, Полтавська(|)
{"#",47e6dd42-cd5c-4e3a-9bc4-14816ed53d38,66:ae9a001517d39cec11e3fca32cc9c99c}(|){"#",a2b5aac2-33a7-41ec-878c-7dd928ac85cf,184:ae9a001517d39cec11e3fca5ceaa51ea}(|)Авторинок Спортек, Полтава, Полтавська(|)
{"#",47e6dd42-cd5c-4e3a-9bc4-14816ed53d38,66:ae9a001517d39cec11e3fca35171f169}(|){"#",a2b5aac2-33a7-41ec-878c-7dd928ac85cf,184:ae9a001517d39cec11e3fca5ceaa51ea}(|)Авторинок Спортек, Полтава, Полтавська(|)
{"#",47e6dd42-cd5c-4e3a-9bc4-14816ed53d38,66:ae9a001517d39cec11e3fca3a6857af2}(|){"#",a2b5aac2-33a7-41ec-878c-7dd928ac85cf,184:ae9a001517d39cec11e3fca5ceaa51f0}(|)Вінниця, Вінницька, вул.Шепеля Якова (Примакова Віталія), 3-А(|)
{"#",47e6dd42-cd5c-4e3a-9bc4-14816ed53d38,66:ae9a001517d39cec11e3fca1dc32edca}(|){"#",a2b5aac2-33a7-41ec-878c-7dd928ac85cf,184:ae9a001517d39cec11e3fca5ceaa51f2}(|)Бориспіль, Київська, вул.Київський Шлях, 10(|)
{"#",47e6dd42-cd5c-4e3a-9bc4-14816ed53d38,66:ae9a001517d39cec11e3fca38214293d}(|){"#",a2b5aac2-33a7-41ec-878c-7dd928ac85cf,184:ae9a001517d39cec11e3fca5ceaa51f2}(|)Бориспіль, Київська, вул.Київський Шлях, 10(|)
{"#",47e6dd42-cd5c-4e3a-9bc4-14816ed53d38,66:ae9a001517d39cec11e3fca0c8fbdad2}(|){"#",a2b5aac2-33a7-41ec-878c-7dd928ac85cf,184:ae9a001517d39cec11e3fca5ceaa51f4}(|)Авторинок Героїв Дніпра, Київ, Київська(|)
{"#",47e6dd42-cd5c-4e3a-9bc4-14816ed53d38,66:ae9a001517d39cec11e3fca0fa0497cd}(|){"#",a2b5aac2-33a7-41ec-878c-7dd928ac85cf,184:ae9a001517d39cec11e3fca5ceaa51f4}(|)Авторинок Героїв Дніпра, Київ, Київська(|)
{"#",47e6dd42-cd5c-4e3a-9bc4-14816ed53d38,66:ae9a001517d39cec11e3fca1a4ffdc2a}(|){"#",a2b5aac2-33a7-41ec-878c-7dd928ac85cf,184:ae9a001517d39cec11e3fca5ceaa51f4}(|)Авторинок Героїв Дніпра, Київ, Київська(|)
{"#",47e6dd42-cd5c-4e3a-9bc4-14816ed53d38,66:ae9a001517d39cec11e3fca1bd74bb5c}(|){"#",a2b5aac2-33a7-41ec-878c-7dd928ac85cf,184:ae9a001517d39cec11e3fca5ceaa51f4}(|)Авторинок Героїв Дніпра, Київ, Київська(|)
{"#",47e6dd42-cd5c-4e3a-9bc4-14816ed53d38,66:ae9a001517d39cec11e3fca2e96a966c}(|){"#",a2b5aac2-33a7-41ec-878c-7dd928ac85cf,184:ae9a001517d39cec11e3fca5ceaa51f4}(|)Авторинок Героїв Дніпра, Київ, Київська(|)
{"#",47e6dd42-cd5c-4e3a-9bc4-14816ed53d38,66:ae9a001517d39cec11e3fca3d11797e6}(|){"#",a2b5aac2-33a7-41ec-878c-7dd928ac85cf,184:ae9a001517d39cec11e3fca5ceaa51f4}(|)Авторинок Героїв Дніпра, Київ, Київська(|)
{"#",47e6dd42-cd5c-4e3a-9bc4-14816ed53d38,66:ae9a001517d39cec11e3fca2e96a9671}(|){"#",a2b5aac2-33a7-41ec-878c-7dd928ac85cf,184:ae9a001517d39cec11e3fca5d4ae80bc}(|)Київ, Київська, бульварВацлава Гавели (Лепсе Івана), 16(|)
{"#",47e6dd42-cd5c-4e3a-9bc4-14816ed53d38,66:ae9a001517d39cec11e3fca31a735377}(|){"#",a2b5aac2-33a7-41ec-878c-7dd928ac85cf,184:ae9a001517d39cec11e3fca5d4ae80bf}(|)Хорол, Полтавська, вул.Героїв Небесної Сотні (Леніна), 35(|)
{"#",47e6dd42-cd5c-4e3a-9bc4-14816ed53d38,66:ae9a001517d39cec11e3fca1b7433f80}(|){"#",a2b5aac2-33a7-41ec-878c-7dd928ac85cf,184:ae9a001517d39cec11e3fca5d4ae80c1}(|)Стрий, Львівська, вул.Галицька, 4(|)
{"#",47e6dd42-cd5c-4e3a-9bc4-14816ed53d38,66:ae9a001517d39cec11e3fca1b130c24c}(|){"#",a2b5aac2-33a7-41ec-878c-7dd928ac85cf,184:ae9a001517d39cec11e3fca5d4ae80c3}(|)Тернопіль, Тернопільська, вул.Чернівецька, 44-Б(|)
{"#",47e6dd42-cd5c-4e3a-9bc4-14816ed53d38,66:ae9a001517d39cec11e3fca31a73536f}(|){"#",a2b5aac2-33a7-41ec-878c-7dd928ac85cf,184:ae9a001517d39cec11e3fca5d4ae80c5}(|)Решетилівка, Полтавська, вул.Жовтнева, 17(|)
{"#",47e6dd42-cd5c-4e3a-9bc4-14816ed53d38,66:ae9a001517d39cec11e3fca3b29c2749}(|){"#",a2b5aac2-33a7-41ec-878c-7dd928ac85cf,184:ae9a001517d39cec11e3fca5d4ae80c8}(|)Яготин, Київська, вул.Лисенка Миколи, 4(|)
{"#",47e6dd42-cd5c-4e3a-9bc4-14816ed53d38,66:ae9a001517d39cec11e3fca16e229f0b}(|){"#",a2b5aac2-33a7-41ec-878c-7dd928ac85cf,184:ae9a001517d39cec11e3fca5d4ae80cc}(|)Ужгород, Закарпатська(|)
{"#",47e6dd42-cd5c-4e3a-9bc4-14816ed53d38,66:ae9a001517d39cec11e3fca079e094aa}(|){"#",a2b5aac2-33a7-41ec-878c-7dd928ac85cf,184:ae9a001517d39cec11e3fca5d4ae80ce}(|)Вінниця, Вінницька, с.Майдан-Чапельський, 2-й пров. Лісовий6(|)
{"#",47e6dd42-cd5c-4e3a-9bc4-14816ed53d38,66:ae9a001517d39cec11e3fca1f470f6f5}(|){"#",a2b5aac2-33a7-41ec-878c-7dd928ac85cf,184:ae9a001517d39cec11e3fca5d4ae80d0}(|)Івано-Франківськ, Івано-Франківська, вул.Вовчинецька, 198(|)
{"#",47e6dd42-cd5c-4e3a-9bc4-14816ed53d38,66:ae9a001517d39cec11e3fca174541adb}(|){"#",a2b5aac2-33a7-41ec-878c-7dd928ac85cf,184:ae9a001517d39cec11e3fca5d4ae80d3}(|)Олега Кошового буд № 10, Ужгород, Закарпатська(|)
{"#",47e6dd42-cd5c-4e3a-9bc4-14816ed53d38,66:ae9a001517d39cec11e3fca27b105ed5}(|){"#",a2b5aac2-33a7-41ec-878c-7dd928ac85cf,184:ae9a001517d39cec11e3fca5d4ae80d7}(|)Вишневе, Київська, вул.Київська, 8-А(|)
{"#",47e6dd42-cd5c-4e3a-9bc4-14816ed53d38,66:ae9a001517d39cec11e3fca382142944}(|){"#",a2b5aac2-33a7-41ec-878c-7dd928ac85cf,184:ae9a001517d39cec11e3fca5d4ae80d9}(|)Тетіїв, Київська, вул.Першотравнева, 30(|)
{"#",47e6dd42-cd5c-4e3a-9bc4-14816ed53d38,66:ae9a001517d39cec11e3fc9fe332d6d1}(|){"#",a2b5aac2-33a7-41ec-878c-7dd928ac85cf,184:ae9a001517d39cec11e3fca5d4ae80db}(|)Конотоп, Сумська, вул.Леніна, 2(|)
{"#",47e6dd42-cd5c-4e3a-9bc4-14816ed53d38,66:ae9a001517d39cec11e3fca2ca732b82}(|){"#",a2b5aac2-33a7-41ec-878c-7dd928ac85cf,184:ae9a001517d39cec11e3fca5d4ae80db}(|)Конотоп, Сумська, вул.Леніна, 2(|)
{"#",47e6dd42-cd5c-4e3a-9bc4-14816ed53d38,66:ae9a001517d39cec11e3fca2135c761a}(|){"#",a2b5aac2-33a7-41ec-878c-7dd928ac85cf,184:ae9a001517d39cec11e3fca5d4ae80dd}(|)Київ, Київська, просп.Порика Василя, 8-А(|)
{"#",47e6dd42-cd5c-4e3a-9bc4-14816ed53d38,66:ae9a001517d39cec11e3fca1ee76513a}(|){"#",a2b5aac2-33a7-41ec-878c-7dd928ac85cf,184:ae9a001517d39cec11e3fca5d4ae80e0}(|)Нікополь (Дніпропетровська обл.), Дніпропетровська, вул.Світла (Головко), 28(|)
{"#",47e6dd42-cd5c-4e3a-9bc4-14816ed53d38,66:ae9a001517d39cec11e3fca2b810c98b}(|){"#",a2b5aac2-33a7-41ec-878c-7dd928ac85cf,184:ae9a001517d39cec11e3fca5d4ae80e0}(|)Нікополь (Дніпропетровська обл.), Дніпропетровська, вул.Світла (Головко), 28(|)
{"#",47e6dd42-cd5c-4e3a-9bc4-14816ed53d38,66:ae9a001517d39cec11e3fca36fc4da1b}(|){"#",a2b5aac2-33a7-41ec-878c-7dd928ac85cf,184:ae9a001517d39cec11e3fca5d4ae80e2}(|)Бровари, Київська, вул.Металургів, 51(|)
{"#",47e6dd42-cd5c-4e3a-9bc4-14816ed53d38,66:ae9a001517d39cec11e3fca2e96a9674}(|){"#",a2b5aac2-33a7-41ec-878c-7dd928ac85cf,184:ae9a001517d39cec11e3fca5d4ae80e5}(|)Надвірна, Івано-Франківська, вул.Вокзальна, 2-А(|)
{"#",47e6dd42-cd5c-4e3a-9bc4-14816ed53d38,66:ae9a001517d39cec11e3fca1dc32edd8}(|){"#",a2b5aac2-33a7-41ec-878c-7dd928ac85cf,184:ae9a001517d39cec11e3fca5d4ae80e7}(|)Котельва, Полтавська, вул.Полтавський Шлях (Жовтнева), 230(|)
{"#",47e6dd42-cd5c-4e3a-9bc4-14816ed53d38,66:ae9a001517d39cec11e3fca1681c0d9a}(|){"#",a2b5aac2-33a7-41ec-878c-7dd928ac85cf,184:ae9a001517d39cec11e3fca5d4ae80eb}(|)м.Луганськ, вул.Фрунзе, дом № 123В(|)
{"#",47e6dd42-cd5c-4e3a-9bc4-14816ed53d38,66:ae9a001517d39cec11e3fca2008eca4b}(|){"#",a2b5aac2-33a7-41ec-878c-7dd928ac85cf,184:ae9a001517d39cec11e3fca5d4ae80eb}(|)м.Луганськ, вул.Фрунзе, дом № 123В(|)
{"#",47e6dd42-cd5c-4e3a-9bc4-14816ed53d38,66:ae9a001517d39cec11e3fca19efe0f59}(|){"#",a2b5aac2-33a7-41ec-878c-7dd928ac85cf,184:ae9a001517d39cec11e3fca5d4ae80ed}(|)Лубни, Полтавська, вул.Радонська, 138(|)
{"#",47e6dd42-cd5c-4e3a-9bc4-14816ed53d38,66:ae9a001517d39cec11e3fca1e85585f5}(|){"#",a2b5aac2-33a7-41ec-878c-7dd928ac85cf,184:ae9a001517d39cec11e3fca5d4ae80f0}(|)Авторинок Спортек, Полтава, Полтавська(|)
{"#",47e6dd42-cd5c-4e3a-9bc4-14816ed53d38,66:ae9a001517d39cec11e3fca34b394e89}(|){"#",a2b5aac2-33a7-41ec-878c-7dd928ac85cf,184:ae9a001517d39cec11e3fca5d4ae80f0}(|)Авторинок Спортек, Полтава, Полтавська(|)
{"#",47e6dd42-cd5c-4e3a-9bc4-14816ed53d38,66:ae9a001517d39cec11e3fca394578cb1}(|){"#",a2b5aac2-33a7-41ec-878c-7dd928ac85cf,184:ae9a001517d39cec11e3fca5d4ae80f0}(|)Авторинок Спортек, Полтава, Полтавська(|)
{"#",47e6dd42-cd5c-4e3a-9bc4-14816ed53d38,66:ae9a001517d39cec11e3fca3d11797e5}(|){"#",a2b5aac2-33a7-41ec-878c-7dd928ac85cf,184:ae9a001517d39cec11e3fca5d4ae80f0}(|)Авторинок Спортек, Полтава, Полтавська(|)
{"#",47e6dd42-cd5c-4e3a-9bc4-14816ed53d38,66:ae9a001517d39cec11e3fca0b6bd3c11}(|){"#",a2b5aac2-33a7-41ec-878c-7dd928ac85cf,184:ae9a001517d39cec11e3fca5d4ae80f3}(|)Полтава, Полтавська, вул.Європейська (Фрунзе), 386(|)
{"#",47e6dd42-cd5c-4e3a-9bc4-14816ed53d38,66:ae9a001517d39cec11e3fca13d38e0b4}(|){"#",a2b5aac2-33a7-41ec-878c-7dd928ac85cf,184:ae9a001517d39cec11e3fca5d4ae80f5}(|)Полтава, Полтавська, вул.Автобазівська, 7(|)
{"#",47e6dd42-cd5c-4e3a-9bc4-14816ed53d38,66:ae9a001517d39cec11e3fca17a61d364}(|){"#",a2b5aac2-33a7-41ec-878c-7dd928ac85cf,184:ae9a001517d39cec11e3fca5d4ae80f5}(|)Полтава, Полтавська, вул.Автобазівська, 7(|)
{"#",47e6dd42-cd5c-4e3a-9bc4-14816ed53d38,66:ae9a001517d39cec11e3fca1f470f6ee}(|){"#",a2b5aac2-33a7-41ec-878c-7dd928ac85cf,184:ae9a001517d39cec11e3fca5d4ae80f5}(|)Полтава, Полтавська, вул.Автобазівська, 7(|)
{"#",47e6dd42-cd5c-4e3a-9bc4-14816ed53d38,66:ae9a001517d39cec11e3fca174541ae4}(|){"#",a2b5aac2-33a7-41ec-878c-7dd928ac85cf,184:ae9a001517d39cec11e3fca5d4ae80f8}(|)Полтава, Полтавська, вул.Кагамлика, 42(|)
{"#",47e6dd42-cd5c-4e3a-9bc4-14816ed53d38,66:ae9a001517d39cec11e3fca24435841a}(|){"#",a2b5aac2-33a7-41ec-878c-7dd928ac85cf,184:ae9a001517d39cec11e3fca5d4ae80f8}(|)Полтава, Полтавська, вул.Кагамлика, 42(|)
{"#",47e6dd42-cd5c-4e3a-9bc4-14816ed53d38,66:ae9a001517d39cec11e3fca0d533e810}(|){"#",a2b5aac2-33a7-41ec-878c-7dd928ac85cf,184:ae9a001517d39cec11e3fca5d4ae80fb}(|)Полтава, Полтавська, вул.Кагамлика, 37-Б(|)
{"#",47e6dd42-cd5c-4e3a-9bc4-14816ed53d38,66:ae9a001517d39cec11e3fca15c114d11}(|){"#",a2b5aac2-33a7-41ec-878c-7dd928ac85cf,184:ae9a001517d39cec11e3fca5d4ae80fd}(|)Полтава, Полтавська, вул.Зіньківська, 21(|)
{"#",47e6dd42-cd5c-4e3a-9bc4-14816ed53d38,66:ae9a001517d39cec11e3fca1d6122277}(|){"#",a2b5aac2-33a7-41ec-878c-7dd928ac85cf,184:ae9a001517d39cec11e3fca5d4ae80ff}(|)Полтава, Полтавська, вул.Сінна, 20(|)
{"#",47e6dd42-cd5c-4e3a-9bc4-14816ed53d38,66:ae9a001517d39cec11e3fca3c4eb7671}(|){"#",a2b5aac2-33a7-41ec-878c-7dd928ac85cf,184:ae9a001517d39cec11e3fca5d4ae80ff}(|)Полтава, Полтавська, вул.Сінна, 20(|)
{"#",47e6dd42-cd5c-4e3a-9bc4-14816ed53d38,66:ae9a001517d39cec11e3fca198c7ced9}(|){"#",a2b5aac2-33a7-41ec-878c-7dd928ac85cf,184:ae9a001517d39cec11e3fca5d4ae8101}(|)Полтава, Полтавська, вул.Стрітенська (Комсомольська), 40(|)
{"#",47e6dd42-cd5c-4e3a-9bc4-14816ed53d38,66:ae9a001517d39cec11e3fca1d612227d}(|){"#",a2b5aac2-33a7-41ec-878c-7dd928ac85cf,184:ae9a001517d39cec11e3fca5d4ae8103}(|)Полтава, Полтавська, вул.Панянка, 65-А(|)
{"#",47e6dd42-cd5c-4e3a-9bc4-14816ed53d38,66:ae9a001517d39cec11e3fca268ca98ff}(|){"#",a2b5aac2-33a7-41ec-878c-7dd928ac85cf,184:ae9a001517d39cec11e3fca5d4ae8105}(|)Полтава, Полтавська, вул.Миру, 12(|)
{"#",47e6dd42-cd5c-4e3a-9bc4-14816ed53d38,66:ae9a001517d39cec11e3fca1808c2824}(|){"#",a2b5aac2-33a7-41ec-878c-7dd928ac85cf,184:ae9a001517d39cec11e3fca5d4ae8107}(|)Полтава, Полтавська, вул.Визволення, 21-А(|)
{"#",47e6dd42-cd5c-4e3a-9bc4-14816ed53d38,66:ae9a001517d39cec11e3fca25093b6f0}(|){"#",a2b5aac2-33a7-41ec-878c-7dd928ac85cf,184:ae9a001517d39cec11e3fca5d4ae8107}(|)Полтава, Полтавська, вул.Визволення, 21-А(|)
{"#",47e6dd42-cd5c-4e3a-9bc4-14816ed53d38,66:ae9a001517d39cec11e3fca3cae87e86}(|){"#",a2b5aac2-33a7-41ec-878c-7dd928ac85cf,184:ae9a001517d39cec11e3fca5d4ae8107}(|)Полтава, Полтавська, вул.Визволення, 21-А(|)
{"#",47e6dd42-cd5c-4e3a-9bc4-14816ed53d38,66:ae9a001517d39cec11e3fca22beb8f2b}(|){"#",a2b5aac2-33a7-41ec-878c-7dd928ac85cf,184:ae9a001517d39cec11e3fca5d4ae810b}(|)Полтава, Полтавська, вул.Визволення, 18(|)
{"#",47e6dd42-cd5c-4e3a-9bc4-14816ed53d38,66:ae9a001517d39cec11e3fca0d533e806}(|){"#",a2b5aac2-33a7-41ec-878c-7dd928ac85cf,184:ae9a001517d39cec11e3fca5d4ae810f}(|)Полтава, Полтавська, вул.Бірюзова Маршала, 26-А(|)
{"#",47e6dd42-cd5c-4e3a-9bc4-14816ed53d38,66:ae9a001517d39cec11e3fca5dab04d7e}(|){"#",a2b5aac2-33a7-41ec-878c-7dd928ac85cf,184:ae9a001517d39cec11e3fca5dab04d7d}(|)Полтава, Полтавська, вул.Бірюзова Маршала, 48/2(|)
{"#",47e6dd42-cd5c-4e3a-9bc4-14816ed53d38,66:ae9a001517d39cec11e3fca10019775d}(|){"#",a2b5aac2-33a7-41ec-878c-7dd928ac85cf,184:ae9a001517d39cec11e3fca5dab04d80}(|)Полтава, Полтавська, вул.Механізаторів, 8(|)
{"#",47e6dd42-cd5c-4e3a-9bc4-14816ed53d38,66:ae9a001517d39cec11e3fca293663f60}(|){"#",a2b5aac2-33a7-41ec-878c-7dd928ac85cf,184:ae9a001517d39cec11e3fca5dab04d82}(|)Полтава, Полтавська, вул.Ковпака, 24(|)
{"#",47e6dd42-cd5c-4e3a-9bc4-14816ed53d38,66:ae9a001517d39cec11e3fca0f3dca55e}(|){"#",a2b5aac2-33a7-41ec-878c-7dd928ac85cf,184:ae9a001517d39cec11e3fca5dab04d84}(|)Полтава, Полтавська, вул.Ковпака, 39(|)
{"#",47e6dd42-cd5c-4e3a-9bc4-14816ed53d38,66:ae9a001517d39cec11e3fca30218ae12}(|){"#",a2b5aac2-33a7-41ec-878c-7dd928ac85cf,184:ae9a001517d39cec11e3fca5dab04d87}(|)б-р 30-річчя Перемоги буд № 22, кв. 141, м.Мелітополь, Запорізька обл., 72318(|)
{"#",47e6dd42-cd5c-4e3a-9bc4-14816ed53d38,66:ae9a001517d39cec11e3fca32cc9c9a6}(|){"#",a2b5aac2-33a7-41ec-878c-7dd928ac85cf,184:ae9a001517d39cec11e3fca5dab04d89}(|)Київ, Київська, просп.Правди, 66(|)
{"#",47e6dd42-cd5c-4e3a-9bc4-14816ed53d38,66:ae9a001517d39cec11e3fca2812a030f}(|){"#",a2b5aac2-33a7-41ec-878c-7dd928ac85cf,184:ae9a001517d39cec11e3fca5dab04d8b}(|)Диканька, Полтавська, вул.Куйбишева, 2-А(|)
{"#",47e6dd42-cd5c-4e3a-9bc4-14816ed53d38,66:ae9a001517d39cec11e3fca2d6dd4a28}(|){"#",a2b5aac2-33a7-41ec-878c-7dd928ac85cf,184:ae9a001517d39cec11e3fca5dab04d8f}(|)Решетилівка, Полтавська, вул.Фрунзе, 2(|)
{"#",47e6dd42-cd5c-4e3a-9bc4-14816ed53d38,66:ae9a001517d39cec11e3fca1ab08cff8}(|){"#",a2b5aac2-33a7-41ec-878c-7dd928ac85cf,184:ae9a001517d39cec11e3fca5dab04d91}(|)Кам'янське(Дніпропетровська обл), Дніпропетровська, просп.Аношкіна, 6(|)
{"#",47e6dd42-cd5c-4e3a-9bc4-14816ed53d38,66:ae9a001517d39cec11e3fca3ac9f1f2a}(|){"#",a2b5aac2-33a7-41ec-878c-7dd928ac85cf,184:ae9a001517d39cec11e3fca5dab04d93}(|)вул.Краснофлотська буд № 165, м.Мелітополь, Запорізька обл.(|)
{"#",47e6dd42-cd5c-4e3a-9bc4-14816ed53d38,66:ae9a001517d39cec11e3fca5dab04d96}(|){"#",a2b5aac2-33a7-41ec-878c-7dd928ac85cf,184:ae9a001517d39cec11e3fca5dab04d95}(|)Суми, Сумська, вул.Чернігівська, 12-А(|)
{"#",47e6dd42-cd5c-4e3a-9bc4-14816ed53d38,66:ae9a001517d39cec11e3fca2e96a966b}(|){"#",a2b5aac2-33a7-41ec-878c-7dd928ac85cf,184:ae9a001517d39cec11e3fca5dab04d98}(|)Київ, Київська, просп.Бандери Степана (Московський), 21(|)
{"#",47e6dd42-cd5c-4e3a-9bc4-14816ed53d38,66:ae9a001517d39cec11e3fca30218ae11}(|){"#",a2b5aac2-33a7-41ec-878c-7dd928ac85cf,184:ae9a001517d39cec11e3fca5dab04d9c}(|)Київ, Київська, вул.Кримського Академіка, 4-А(|)
{"#",47e6dd42-cd5c-4e3a-9bc4-14816ed53d38,66:ae9a001517d39cec11e3fca2c4526039}(|){"#",a2b5aac2-33a7-41ec-878c-7dd928ac85cf,184:ae9a001517d39cec11e3fca5dab04d9e}(|)Хмельницький, Хмельницька, пров.Мирний 1-й, 20/3(|)
{"#",47e6dd42-cd5c-4e3a-9bc4-14816ed53d38,66:ae9a001517d39cec11e3fca11eed1f0a}(|){"#",a2b5aac2-33a7-41ec-878c-7dd928ac85cf,184:ae9a001517d39cec11e3fca5dab04da0}(|)Кременчук, Полтавська, вул.Троїцька (Красіна), 63/62(|)
{"#",47e6dd42-cd5c-4e3a-9bc4-14816ed53d38,66:ae9a001517d39cec11e3fca21faebd37}(|){"#",a2b5aac2-33a7-41ec-878c-7dd928ac85cf,184:ae9a001517d39cec11e3fca5dab04da3}(|)Березна (Чернігівська обл.), Чернігівська, вул.Гагаріна, 46-А(|)
{"#",47e6dd42-cd5c-4e3a-9bc4-14816ed53d38,66:ae9a001517d39cec11e3fca1f470f6f9}(|){"#",a2b5aac2-33a7-41ec-878c-7dd928ac85cf,184:ae9a001517d39cec11e3fca5dab04da5}(|)Прилуки, Чернігівська, вул.Костянтинівська, 174-Г(|)Костянтинівська,174-Г,Прилуки,Чернігівська обл.
{"#",47e6dd42-cd5c-4e3a-9bc4-14816ed53d38,66:ae9a001517d39cec11e3fca1ab08cfed}(|){"#",a2b5aac2-33a7-41ec-878c-7dd928ac85cf,184:ae9a001517d39cec11e3fca5dab04dac}(|)Харків, Харківська, шосеМереф'янське, 9-А(|)АТЛ Харьков 6
{"#",47e6dd42-cd5c-4e3a-9bc4-14816ed53d38,66:ae9a001517d39cec11e3fca1ab08cfed}(|){"#",a2b5aac2-33a7-41ec-878c-7dd928ac85cf,184:ae9a001517d39cec11e3fca5dab04dae}(|)Київ, Київська, вул.Нижній Вал, 9(|)АТЛ Подол
{"#",47e6dd42-cd5c-4e3a-9bc4-14816ed53d38,66:ae9a001517d39cec11e3fca1ab08cfed}(|){"#",a2b5aac2-33a7-41ec-878c-7dd928ac85cf,184:ae9a001517d39cec11e3fca5dab04db0}(|)Київ, Київська, вул.Борщагівська, 99(|)АТЛ Польова
{"#",47e6dd42-cd5c-4e3a-9bc4-14816ed53d38,66:9c80001517d39cec11e5142aecc81c30}(|){"#",a2b5aac2-33a7-41ec-878c-7dd928ac85cf,184:ae9a001517d39cec11e3fca5dab04db2}(|)Київ, Київська, вул.Симиренка, 36(|)
{"#",47e6dd42-cd5c-4e3a-9bc4-14816ed53d38,66:ae9a001517d39cec11e3fca1ab08cfed}(|){"#",a2b5aac2-33a7-41ec-878c-7dd928ac85cf,184:ae9a001517d39cec11e3fca5dab04db2}(|)Київ, Київська, вул.Симиренка, 36(|)АТЛ Полярна
{"#",47e6dd42-cd5c-4e3a-9bc4-14816ed53d38,66:ae9a001517d39cec11e3fca1ab08cfed}(|){"#",a2b5aac2-33a7-41ec-878c-7dd928ac85cf,184:ae9a001517d39cec11e3fca5dab04db4}(|)Київ, Київська, вул.Електриків, 21(|)АТЛ Електриків
{"#",47e6dd42-cd5c-4e3a-9bc4-14816ed53d38,66:ae9a001517d39cec11e3fca1ab08cfed}(|){"#",a2b5aac2-33a7-41ec-878c-7dd928ac85cf,184:ae9a001517d39cec11e3fca5dab04db6}(|)Київ, Київська, вул.Малиновського Маршала, 4(|)АТЛ Оболонь
{"#",47e6dd42-cd5c-4e3a-9bc4-14816ed53d38,66:ae9a001517d39cec11e3fca1ab08cfed}(|){"#",a2b5aac2-33a7-41ec-878c-7dd928ac85cf,184:ae9a001517d39cec11e3fca5dab04db8}(|)Київ, Київська, просп.Тичини Павла, 8(|)АТЛ Березняки
{"#",47e6dd42-cd5c-4e3a-9bc4-14816ed53d38,66:ae9a001517d39cec11e3fca2d6dd4a2c}(|){"#",a2b5aac2-33a7-41ec-878c-7dd928ac85cf,184:ae9a001517d39cec11e3fca5dab04dba}(|)Чернігів, Чернігівська, вул.77-ї Гвардійської Дивізії, 1-Б(|)
{"#",47e6dd42-cd5c-4e3a-9bc4-14816ed53d38,66:ae9a001517d39cec11e3fca5dab04dbd}(|){"#",a2b5aac2-33a7-41ec-878c-7dd928ac85cf,184:ae9a001517d39cec11e3fca5dab04dbc}(|)Горішні Плавні, Полтавська, вул.Строна, 43(|)
{"#",47e6dd42-cd5c-4e3a-9bc4-14816ed53d38,66:ae9a001517d39cec11e3fca09859a2fe}(|){"#",a2b5aac2-33a7-41ec-878c-7dd928ac85cf,184:ae9a001517d39cec11e3fca5dab04dbf}(|)Полтава, Полтавська, вул.Визволення, 21-А(|)
{"#",47e6dd42-cd5c-4e3a-9bc4-14816ed53d38,66:ae9a001517d39cec11e3fca0b6bd3c21}(|){"#",a2b5aac2-33a7-41ec-878c-7dd928ac85cf,184:ae9a001517d39cec11e3fca5dab04dc1}(|)Кременчук, Полтавська, вул.Леонова, 96(|)
{"#",47e6dd42-cd5c-4e3a-9bc4-14816ed53d38,66:ae9a001517d39cec11e3fca1e85585ef}(|){"#",a2b5aac2-33a7-41ec-878c-7dd928ac85cf,184:ae9a001517d39cec11e3fca5dab04dc1}(|)Кременчук, Полтавська, вул.Леонова, 96(|)
{"#",47e6dd42-cd5c-4e3a-9bc4-14816ed53d38,66:ae9a001517d39cec11e3fca20d322170}(|){"#",a2b5aac2-33a7-41ec-878c-7dd928ac85cf,184:ae9a001517d39cec11e3fca5dab04dc3}(|)Миргород, Полтавська, вул.Гоголя, 10(|)
{"#",47e6dd42-cd5c-4e3a-9bc4-14816ed53d38,66:ae9a001517d39cec11e3fca5dab04dc6}(|){"#",a2b5aac2-33a7-41ec-878c-7dd928ac85cf,184:ae9a001517d39cec11e3fca5dab04dc5}(|)Миргород, Полтавська, вул.Котляревського, 17(|)
{"#",47e6dd42-cd5c-4e3a-9bc4-14816ed53d38,66:ae9a001517d39cec11e3fca33f38175d}(|){"#",a2b5aac2-33a7-41ec-878c-7dd928ac85cf,184:ae9a001517d39cec11e3fca5e0ad558a}(|)Авторинок Станиславського, Полтава, Полтавська(|)
{"#",47e6dd42-cd5c-4e3a-9bc4-14816ed53d38,66:ae9a001517d39cec11e3fca1ab08cfed}(|){"#",a2b5aac2-33a7-41ec-878c-7dd928ac85cf,184:ae9a001517d39cec11e3fca5e0ad558e}(|)Хмельницький, Хмельницька, вул.Пілотська, 10/2(|)АТЛ Хмельницький
{"#",47e6dd42-cd5c-4e3a-9bc4-14816ed53d38,66:ae9a001517d39cec11e3fca36fc4da20}(|){"#",a2b5aac2-33a7-41ec-878c-7dd928ac85cf,184:ae9a001517d39cec11e3fca5e0ad5591}(|)Дніпро, Дніпропетровська, вул.Роторна, 17(|)
{"#",47e6dd42-cd5c-4e3a-9bc4-14816ed53d38,66:ae9a001517d39cec11e3fca5e0ad5594}(|){"#",a2b5aac2-33a7-41ec-878c-7dd928ac85cf,184:ae9a001517d39cec11e3fca5e0ad5593}(|)Дніпро, Дніпропетровська, просп.Праці, 16(|)
{"#",47e6dd42-cd5c-4e3a-9bc4-14816ed53d38,66:ae9a001517d39cec11e3fca1ab08cfed}(|){"#",a2b5aac2-33a7-41ec-878c-7dd928ac85cf,184:ae9a001517d39cec11e3fca5e0ad5596}(|)Харків, Харківська, вул.Матюшенка, 3(|)АТЛ Харьков 5
{"#",47e6dd42-cd5c-4e3a-9bc4-14816ed53d38,66:ae9a001517d39cec11e3fca29f94c33d}(|){"#",a2b5aac2-33a7-41ec-878c-7dd928ac85cf,184:ae9a001517d39cec11e3fca5e0ad5598}(|)Прилуки, Чернігівська, вул.Фрунзе, 4(|)
{"#",47e6dd42-cd5c-4e3a-9bc4-14816ed53d38,66:ae9a001517d39cec11e3fca1ab08cfed}(|){"#",a2b5aac2-33a7-41ec-878c-7dd928ac85cf,184:ae9a001517d39cec11e3fca5e0ad559a}(|)Радянська буд № 3, Луганськ, Луганськ, Луганська, 3 134(|)АТЛ Луганск
{"#",47e6dd42-cd5c-4e3a-9bc4-14816ed53d38,66:ae9a001517d39cec11e3fca1ab08cfed}(|){"#",a2b5aac2-33a7-41ec-878c-7dd928ac85cf,184:ae9a001517d39cec11e3fca5e0ad559c}(|)Кам'янець-Подільський, Хмельницька, просп.Грушевського, 31/3(|)АТЛ Каменец-Подольский
{"#",47e6dd42-cd5c-4e3a-9bc4-14816ed53d38,66:ae9a001517d39cec11e3fca1ab08cfed}(|){"#",a2b5aac2-33a7-41ec-878c-7dd928ac85cf,184:ae9a001517d39cec11e3fca5e0ad559e}(|)Лубни, Полтавська, вул.Шевченка, 4(|)АТЛ Лубны
{"#",47e6dd42-cd5c-4e3a-9bc4-14816ed53d38,66:ae9a001517d39cec11e3fca1ab08cfed}(|){"#",a2b5aac2-33a7-41ec-878c-7dd928ac85cf,184:ae9a001517d39cec11e3fca5e0ad55a0}(|)Мира буд № 151, Мукачево, Мукачево, Закарпатська, 3 134(|)АТЛ Мукачево
{"#",47e6dd42-cd5c-4e3a-9bc4-14816ed53d38,66:ae9a001517d39cec11e3fca31454ea6f}(|){"#",a2b5aac2-33a7-41ec-878c-7dd928ac85cf,184:ae9a001517d39cec11e3fca5e0ad55a2}(|)Лобойківка, Дніпропетровська, вул.Центральна, 44-Б(|)
{"#",47e6dd42-cd5c-4e3a-9bc4-14816ed53d38,66:ae9a001517d39cec11e3fca31454ea69}(|){"#",a2b5aac2-33a7-41ec-878c-7dd928ac85cf,184:ae9a001517d39cec11e3fca5e0ad55a9}(|)Харків, Харківська, шосеСалтівське, 155(|)
{"#",47e6dd42-cd5c-4e3a-9bc4-14816ed53d38,66:ae9a001517d39cec11e3fca2135c7621}(|){"#",a2b5aac2-33a7-41ec-878c-7dd928ac85cf,184:ae9a001517d39cec11e3fca5e0ad55ab}(|)Харків, Харківська, вул.Гарібальді, 10/13(|)
{"#",47e6dd42-cd5c-4e3a-9bc4-14816ed53d38,66:ae9a001517d39cec11e3fca31454ea6a}(|){"#",a2b5aac2-33a7-41ec-878c-7dd928ac85cf,184:ae9a001517d39cec11e3fca5e0ad55ad}(|)Харків, Харківська, вул.Шевченка, 152(|)
{"#",47e6dd42-cd5c-4e3a-9bc4-14816ed53d38,66:ae9a001517d39cec11e3fca0925a3888}(|){"#",a2b5aac2-33a7-41ec-878c-7dd928ac85cf,184:ae9a001517d39cec11e3fca5e0ad55af}(|)Київ, Київська, вул.Вишгородська, 28(|)
{"#",47e6dd42-cd5c-4e3a-9bc4-14816ed53d38,66:ae9a001517d39cec11e3fca3ac9f1f2d}(|){"#",a2b5aac2-33a7-41ec-878c-7dd928ac85cf,184:ae9a001517d39cec11e3fca5e0ad55b1}(|)Авторинок Барабашова, Харків, Харківська(|)
{"#",47e6dd42-cd5c-4e3a-9bc4-14816ed53d38,66:ae9a001517d39cec11e3fca20d322174}(|){"#",a2b5aac2-33a7-41ec-878c-7dd928ac85cf,184:ae9a001517d39cec11e3fca5e0ad55b3}(|)Херсон, Херсонська, вул.Філатова, 38(|)
{"#",47e6dd42-cd5c-4e3a-9bc4-14816ed53d38,66:ae63001517d39cec11e6f90802b23c8e}(|){"#",a2b5aac2-33a7-41ec-878c-7dd928ac85cf,184:ae9a001517d39cec11e3fca5e0ad55b5}(|)Авторинок Новоорловский, Дніпро, Дніпропетровська(|)
{"#",47e6dd42-cd5c-4e3a-9bc4-14816ed53d38,66:ae9a001517d39cec11e3fca2135c7624}(|){"#",a2b5aac2-33a7-41ec-878c-7dd928ac85cf,184:ae9a001517d39cec11e3fca5e0ad55b5}(|)Авторинок Новоорловский, Дніпро, Дніпропетровська(|)
{"#",47e6dd42-cd5c-4e3a-9bc4-14816ed53d38,66:ae9a001517d39cec11e3fca369ad9828}(|){"#",a2b5aac2-33a7-41ec-878c-7dd928ac85cf,184:ae9a001517d39cec11e3fca5e0ad55b5}(|)Авторинок Новоорловский, Дніпро, Дніпропетровська(|)
{"#",47e6dd42-cd5c-4e3a-9bc4-14816ed53d38,66:ae9a001517d39cec11e3fca30218ae15}(|){"#",a2b5aac2-33a7-41ec-878c-7dd928ac85cf,184:ae9a001517d39cec11e3fca5e0ad55b7}(|)Кривий Ріг, Дніпропетровська, вул.Всебратська, 2(|)
{"#",47e6dd42-cd5c-4e3a-9bc4-14816ed53d38,66:ae9a001517d39cec11e3fca29f94c349}(|){"#",a2b5aac2-33a7-41ec-878c-7dd928ac85cf,184:ae9a001517d39cec11e3fca5e0ad55b9}(|)Хорол, Полтавська, вул.Героїв Небесної Сотні (Леніна), 80/13(|)
{"#",47e6dd42-cd5c-4e3a-9bc4-14816ed53d38,66:ae9a001517d39cec11e3fca32cc9c9b0}(|){"#",a2b5aac2-33a7-41ec-878c-7dd928ac85cf,184:ae9a001517d39cec11e3fca5e0ad55be}(|)Баштанка, Миколаївська, вул.Ювілейна, 82-А(|)
{"#",47e6dd42-cd5c-4e3a-9bc4-14816ed53d38,66:ae9a001517d39cec11e3fca31454ea6d}(|){"#",a2b5aac2-33a7-41ec-878c-7dd928ac85cf,184:ae9a001517d39cec11e3fca5e0ad55c3}(|)Кременчук, Полтавська, вул.Пугачова Вадима (Московська), 10(|)
{"#",47e6dd42-cd5c-4e3a-9bc4-14816ed53d38,66:ae9a001517d39cec11e3fca345351f6c}(|){"#",a2b5aac2-33a7-41ec-878c-7dd928ac85cf,184:ae9a001517d39cec11e3fca5e0ad55c6}(|)Обухівка, Дніпропетровська, вул.Леніна, 59(|)
{"#",47e6dd42-cd5c-4e3a-9bc4-14816ed53d38,66:ae9a001517d39cec11e3fca2d6dd4a2d}(|){"#",a2b5aac2-33a7-41ec-878c-7dd928ac85cf,184:ae9a001517d39cec11e3fca5e0ad55ca}(|)Білопілля, Сумська, вул.Полтавський Полк, 1(|)
{"#",47e6dd42-cd5c-4e3a-9bc4-14816ed53d38,66:ae9a001517d39cec11e3fca32085d0a3}(|){"#",a2b5aac2-33a7-41ec-878c-7dd928ac85cf,184:ae9a001517d39cec11e3fca5e0ad55ce}(|)Харків, Харківська, вул.Елізарова, 2-А(|)
{"#",47e6dd42-cd5c-4e3a-9bc4-14816ed53d38,66:ae9a001517d39cec11e3fca382142943}(|){"#",a2b5aac2-33a7-41ec-878c-7dd928ac85cf,184:ae9a001517d39cec11e3fca5e0ad55d0}(|)Святопетрівське (Києво-Свят.р-н), Київська, вул.Білогородська, 1(|)
{"#",47e6dd42-cd5c-4e3a-9bc4-14816ed53d38,66:ae9a001517d39cec11e3fca2135c7626}(|){"#",a2b5aac2-33a7-41ec-878c-7dd928ac85cf,184:ae9a001517d39cec11e3fca5e0ad55d2}(|)Коломия, Івано-Франківська, с.Матеївці, вул Грушевського7-Б(|)
{"#",47e6dd42-cd5c-4e3a-9bc4-14816ed53d38,66:ae9a001517d39cec11e3fca1fa8a9b44}(|){"#",a2b5aac2-33a7-41ec-878c-7dd928ac85cf,184:ae9a001517d39cec11e3fca5e0ad55d4}(|)Васильків (Київська обл., Васильківський р-н), Київська, вул.Декабристів, 145(|)
{"#",47e6dd42-cd5c-4e3a-9bc4-14816ed53d38,66:ae9a001517d39cec11e3fca3ac9f1f2f}(|){"#",a2b5aac2-33a7-41ec-878c-7dd928ac85cf,184:ae9a001517d39cec11e3fca5e0ad55d6}(|)Глухів (Сумська обл.), Сумська, вул.Терещенків, 55(|)
{"#",47e6dd42-cd5c-4e3a-9bc4-14816ed53d38,66:ae9a001517d39cec11e3fca30e4bf6a6}(|){"#",a2b5aac2-33a7-41ec-878c-7dd928ac85cf,184:ae9a001517d39cec11e3fca5e0ad55d8}(|)Біла Церква, Київська, вул.Робоча, 35(|)
{"#",47e6dd42-cd5c-4e3a-9bc4-14816ed53d38,66:ae9a001517d39cec11e3fca0925a3896}(|){"#",a2b5aac2-33a7-41ec-878c-7dd928ac85cf,184:ae9a001517d39cec11e3fca5e6aa5d99}(|)Біла Церква, Київська, вул.Першотравнева, 11(|)
{"#",47e6dd42-cd5c-4e3a-9bc4-14816ed53d38,66:ae9a001517d39cec11e3fca35171f16e}(|){"#",a2b5aac2-33a7-41ec-878c-7dd928ac85cf,184:ae9a001517d39cec11e3fca5e6aa5d9b}(|)Івано-Франківськ, Івано-Франківська, вул.Макухи, 41(|)
{"#",47e6dd42-cd5c-4e3a-9bc4-14816ed53d38,66:ae9a001517d39cec11e3fca1373713ea}(|){"#",a2b5aac2-33a7-41ec-878c-7dd928ac85cf,184:ae9a001517d39cec11e3fca5e6aa5d9f}(|)Івано-Франківськ, Івано-Франківська, шосеКалуське, 9-А(|)
{"#",47e6dd42-cd5c-4e3a-9bc4-14816ed53d38,66:ae9a001517d39cec11e3fca3880c6c93}(|){"#",a2b5aac2-33a7-41ec-878c-7dd928ac85cf,184:ae9a001517d39cec11e3fca5e6aa5da1}(|)Шостка, Сумська, вул.Молодіжна, 30/1(|)
{"#",47e6dd42-cd5c-4e3a-9bc4-14816ed53d38,66:ae9a001517d39cec11e3fca332c46f54}(|){"#",a2b5aac2-33a7-41ec-878c-7dd928ac85cf,184:ae9a001517d39cec11e3fca5e6aa5da3}(|)Центр.базар, конт.№1193, м.Ізмаїл, Одеська обл.(|)
{"#",47e6dd42-cd5c-4e3a-9bc4-14816ed53d38,66:ae9a001517d39cec11e3fca2812a031b}(|){"#",a2b5aac2-33a7-41ec-878c-7dd928ac85cf,184:ae9a001517d39cec11e3fca5e6aa5da5}(|)Салгани, Одеська, вул.Шабська, 57-Є(|)
{"#",47e6dd42-cd5c-4e3a-9bc4-14816ed53d38,66:ae9a001517d39cec11e3fca2a5a01967}(|){"#",a2b5aac2-33a7-41ec-878c-7dd928ac85cf,184:ae9a001517d39cec11e3fca5e6aa5da7}(|)Підгородне (Дніпропетровська обл.), Дніпропетровська, вул.Шосейна, 1-А(|)
{"#",47e6dd42-cd5c-4e3a-9bc4-14816ed53d38,66:ae9a001517d39cec11e3fca3e37c5c45}(|){"#",a2b5aac2-33a7-41ec-878c-7dd928ac85cf,184:ae9a001517d39cec11e3fca5e6aa5dab}(|)вул.Карла Маркса буд № 45, м.Арциз, Одеська обл.(|)
{"#",47e6dd42-cd5c-4e3a-9bc4-14816ed53d38,66:ae9a001517d39cec11e3fca2135c7631}(|){"#",a2b5aac2-33a7-41ec-878c-7dd928ac85cf,184:ae9a001517d39cec11e3fca5e6aa5dae}(|)Білгород-Дністровський, Одеська, вул.Шкільна, 1-А(|)
{"#",47e6dd42-cd5c-4e3a-9bc4-14816ed53d38,66:ae9a001517d39cec11e3fca3880c6c96}(|){"#",a2b5aac2-33a7-41ec-878c-7dd928ac85cf,184:ae9a001517d39cec11e3fca5e6aa5db1}(|)Харків, Харківська, просп.Московський, 237-А(|)
{"#",47e6dd42-cd5c-4e3a-9bc4-14816ed53d38,66:ae9a001517d39cec11e3fca32085d0b0}(|){"#",a2b5aac2-33a7-41ec-878c-7dd928ac85cf,184:ae9a001517d39cec11e3fca5e6aa5db3}(|)Жовті Води, Дніпропетровська, вул.8-го  Березня, 73(|)
{"#",47e6dd42-cd5c-4e3a-9bc4-14816ed53d38,66:ae9a001517d39cec11e3fca3e37c5c4a}(|){"#",a2b5aac2-33a7-41ec-878c-7dd928ac85cf,184:ae9a001517d39cec11e3fca5e6aa5db5}(|)Харків, Харківська, вул.Полтавський Шлях, 47/49(|)
{"#",47e6dd42-cd5c-4e3a-9bc4-14816ed53d38,66:ae9a001517d39cec11e3fca14fbca389}(|){"#",a2b5aac2-33a7-41ec-878c-7dd928ac85cf,184:ae9a001517d39cec11e3fca5e6aa5dba}(|)Запоріжжя, Запорізька, вул.Східна, 9(|)
{"#",47e6dd42-cd5c-4e3a-9bc4-14816ed53d38,66:ae9a001517d39cec11e3fca2e96a967e}(|){"#",a2b5aac2-33a7-41ec-878c-7dd928ac85cf,184:ae9a001517d39cec11e3fca5e6aa5dbc}(|)Авторинок Центральний, Ромни, Сумська(|)
{"#",47e6dd42-cd5c-4e3a-9bc4-14816ed53d38,66:ae9a001517d39cec11e3fca2a5a01969}(|){"#",a2b5aac2-33a7-41ec-878c-7dd928ac85cf,184:ae9a001517d39cec11e3fca5e6aa5dbe}(|)Кривий Ріг, Дніпропетровська, вул.Тухачевського, 22(|)
{"#",47e6dd42-cd5c-4e3a-9bc4-14816ed53d38,66:ae9a001517d39cec11e3fca2199518f5}(|){"#",a2b5aac2-33a7-41ec-878c-7dd928ac85cf,184:ae9a001517d39cec11e3fca5e6aa5dc2}(|)Болград (Одеська обл.), Одеська, вул.25-ї Чапаївської дивізії, 36(|)
{"#",47e6dd42-cd5c-4e3a-9bc4-14816ed53d38,66:ae9a001517d39cec11e3fca5e6aa5dc5}(|){"#",a2b5aac2-33a7-41ec-878c-7dd928ac85cf,184:ae9a001517d39cec11e3fca5e6aa5dc4}(|)Київ, Київська, вул.Березняківська, 29-Б(|)
{"#",47e6dd42-cd5c-4e3a-9bc4-14816ed53d38,66:911f001517d39cec11e45529b52817e2}(|){"#",a2b5aac2-33a7-41ec-878c-7dd928ac85cf,184:ae9a001517d39cec11e3fca5e6aa5dc9}(|)Ринок "Росинка" маг.№201, м.Ізмаїл, Одеська обл.(|)
{"#",47e6dd42-cd5c-4e3a-9bc4-14816ed53d38,66:ae9a001517d39cec11e3fca332c46f5d}(|){"#",a2b5aac2-33a7-41ec-878c-7dd928ac85cf,184:ae9a001517d39cec11e3fca5e6aa5dc9}(|)Ринок "Росинка" маг.№201, м.Ізмаїл, Одеська обл.(|)
{"#",47e6dd42-cd5c-4e3a-9bc4-14816ed53d38,66:ae9a001517d39cec11e3fca1e85585e7}(|){"#",a2b5aac2-33a7-41ec-878c-7dd928ac85cf,184:ae9a001517d39cec11e3fca5e6aa5dcb}(|)Варненська буд № 25, м.Болград, Одеська обл.(|)
{"#",47e6dd42-cd5c-4e3a-9bc4-14816ed53d38,66:ae9a001517d39cec11e3fca149a09cfd}(|){"#",a2b5aac2-33a7-41ec-878c-7dd928ac85cf,184:ae9a001517d39cec11e3fca5e6aa5dce}(|)Харків, Харківська, вул.Шишківська, 9(|)
{"#",47e6dd42-cd5c-4e3a-9bc4-14816ed53d38,66:ae9a001517d39cec11e3fca1ab08cfed}(|){"#",a2b5aac2-33a7-41ec-878c-7dd928ac85cf,184:ae9a001517d39cec11e3fca5e6aa5dd2}(|)Київ, Київська, с.Петропавлівська Борщагівка, 18(|)АТЛ Окружная
{"#",47e6dd42-cd5c-4e3a-9bc4-14816ed53d38,66:ae9a001517d39cec11e3fca2e96a9670}(|){"#",a2b5aac2-33a7-41ec-878c-7dd928ac85cf,184:ae9a001517d39cec11e3fca5e6aa5dd4}(|)Вертіївка, Чернігівська, вул.Миру, 128(|)
{"#",47e6dd42-cd5c-4e3a-9bc4-14816ed53d38,66:ae9a001517d39cec11e3fca12b0fb71d}(|){"#",a2b5aac2-33a7-41ec-878c-7dd928ac85cf,184:ae9a001517d39cec11e3fca5e6aa5dd7}(|)князя великого, Львов, Львов(|)
{"#",47e6dd42-cd5c-4e3a-9bc4-14816ed53d38,66:ae9a001517d39cec11e3fca3a6857aeb}(|){"#",a2b5aac2-33a7-41ec-878c-7dd928ac85cf,184:ae9a001517d39cec11e3fca5e6aa5dda}(|)Мукачево, Закарпатська(|)
{"#",47e6dd42-cd5c-4e3a-9bc4-14816ed53d38,66:ae9a001517d39cec11e3fca5f2adf74b}(|){"#",a2b5aac2-33a7-41ec-878c-7dd928ac85cf,184:ae9a001517d39cec11e3fca5e6aa5dda}(|)Мукачево, Закарпатська(|)
{"#",47e6dd42-cd5c-4e3a-9bc4-14816ed53d38,66:ae9a001517d39cec11e3fca30e4bf6ae}(|){"#",a2b5aac2-33a7-41ec-878c-7dd928ac85cf,184:ae9a001517d39cec11e3fca5e6aa5ddd}(|)Кременчук, Полтавська, вул.Набережна лейтенанта Дніпрова, 17(|)
{"#",47e6dd42-cd5c-4e3a-9bc4-14816ed53d38,66:ae9a001517d39cec11e3fca18cc1d2fd}(|){"#",a2b5aac2-33a7-41ec-878c-7dd928ac85cf,184:ae9a001517d39cec11e3fca5e6aa5de0}(|)Скоморохи (Житомирська обл.), Житомирська, вул.Набережна, 104(|)
{"#",47e6dd42-cd5c-4e3a-9bc4-14816ed53d38,66:ae9a001517d39cec11e3fca2568e5ca9}(|){"#",a2b5aac2-33a7-41ec-878c-7dd928ac85cf,184:ae9a001517d39cec11e3fca5e6aa5de0}(|)Скоморохи (Житомирська обл.), Житомирська, вул.Набережна, 104(|)
{"#",47e6dd42-cd5c-4e3a-9bc4-14816ed53d38,66:ae9a001517d39cec11e3fca1e240a664}(|){"#",a2b5aac2-33a7-41ec-878c-7dd928ac85cf,184:ae9a001517d39cec11e3fca5e6aa5de2}(|)Арциз, Одеська, вул.Добровольського, 1(|)
{"#",47e6dd42-cd5c-4e3a-9bc4-14816ed53d38,66:ae9a001517d39cec11e3fca2ca732b7f}(|){"#",a2b5aac2-33a7-41ec-878c-7dd928ac85cf,184:ae9a001517d39cec11e3fca5e6aa5de5}(|)Глухів (Сумська обл.), Сумська, вул.Інститутська, 54(|)
{"#",47e6dd42-cd5c-4e3a-9bc4-14816ed53d38,66:ae9a001517d39cec11e3fca2135c7627}(|){"#",a2b5aac2-33a7-41ec-878c-7dd928ac85cf,184:ae9a001517d39cec11e3fca5eca2a0f9}(|)Ринок, м.Ізмаїл, Одеська обл.(|)Ринок,конт.1007 м.Ізмаїл, Одеська обл.
{"#",47e6dd42-cd5c-4e3a-9bc4-14816ed53d38,66:ae9a001517d39cec11e3fca2135c762a}(|){"#",a2b5aac2-33a7-41ec-878c-7dd928ac85cf,184:ae9a001517d39cec11e3fca5eca2a0fc}(|)Авторинок Автодром, Харків, Харківська(|)
{"#",47e6dd42-cd5c-4e3a-9bc4-14816ed53d38,66:ae9a001517d39cec11e3fca375de7e53}(|){"#",a2b5aac2-33a7-41ec-878c-7dd928ac85cf,184:ae9a001517d39cec11e3fca5eca2a100}(|)Вишневе, Київська, вул.Київська, 2-В(|)
{"#",47e6dd42-cd5c-4e3a-9bc4-14816ed53d38,66:ae9a001517d39cec11e3fca375de7e56}(|){"#",a2b5aac2-33a7-41ec-878c-7dd928ac85cf,184:ae9a001517d39cec11e3fca5eca2a102}(|)Арцизька буд № 4, с.Новоселівка, Одеська обл.(|)
{"#",47e6dd42-cd5c-4e3a-9bc4-14816ed53d38,66:ae9a001517d39cec11e3fca2199518f4}(|){"#",a2b5aac2-33a7-41ec-878c-7dd928ac85cf,184:ae9a001517d39cec11e3fca5eca2a108}(|)Петриківка, Дніпропетровська, вул.Калініна, 21(|)
{"#",47e6dd42-cd5c-4e3a-9bc4-14816ed53d38,66:ae9a001517d39cec11e3fca1e85585e4}(|){"#",a2b5aac2-33a7-41ec-878c-7dd928ac85cf,184:ae9a001517d39cec11e3fca5eca2a10a}(|)РИНОК, м.Татарбунари, Одеська обл.(|)
{"#",47e6dd42-cd5c-4e3a-9bc4-14816ed53d38,66:ae9a001517d39cec11e3fca1c39cadaa}(|){"#",a2b5aac2-33a7-41ec-878c-7dd928ac85cf,184:ae9a001517d39cec11e3fca5eca2a10e}(|)Кременчук, Полтавська, вул.Шевченка, 6(|)
{"#",47e6dd42-cd5c-4e3a-9bc4-14816ed53d38,66:ae9a001517d39cec11e3fca22beb8f40}(|){"#",a2b5aac2-33a7-41ec-878c-7dd928ac85cf,184:ae9a001517d39cec11e3fca5eca2a10e}(|)Кременчук, Полтавська, вул.Шевченка, 6(|)
{"#",47e6dd42-cd5c-4e3a-9bc4-14816ed53d38,66:aa930025909438d611e919652ce2387f}(|){"#",a2b5aac2-33a7-41ec-878c-7dd928ac85cf,184:ae9a001517d39cec11e3fca5eca2a111}(|)Кременчук, Полтавська, квартал274-й, 4(|)
{"#",47e6dd42-cd5c-4e3a-9bc4-14816ed53d38,66:ae9a001517d39cec11e3fca34b394e9a}(|){"#",a2b5aac2-33a7-41ec-878c-7dd928ac85cf,184:ae9a001517d39cec11e3fca5eca2a111}(|)Кременчук, Полтавська, квартал274-й, 4(|)Квартал 274 буд № 4, м.Кременчуг, Полтавська обл.
{"#",47e6dd42-cd5c-4e3a-9bc4-14816ed53d38,66:ae9a001517d39cec11e3fca11eed1f08}(|){"#",a2b5aac2-33a7-41ec-878c-7dd928ac85cf,184:ae9a001517d39cec11e3fca5eca2a114}(|)Лубни, Полтавська, вул.Радонська, 98(|)
{"#",47e6dd42-cd5c-4e3a-9bc4-14816ed53d38,66:ae9a001517d39cec11e3fca073dc6581}(|){"#",a2b5aac2-33a7-41ec-878c-7dd928ac85cf,184:ae9a001517d39cec11e3fca5eca2a116}(|)Лубни, Полтавська, вул.Франка, 1(|)
{"#",47e6dd42-cd5c-4e3a-9bc4-14816ed53d38,66:ae9a001517d39cec11e3fca3cae87e70}(|){"#",a2b5aac2-33a7-41ec-878c-7dd928ac85cf,184:ae9a001517d39cec11e3fca5eca2a118}(|)Лубни, Полтавська, вул.Радонська, 9292(|)
{"#",47e6dd42-cd5c-4e3a-9bc4-14816ed53d38,66:ae9a001517d39cec11e3fca13d38e09f}(|){"#",a2b5aac2-33a7-41ec-878c-7dd928ac85cf,184:ae9a001517d39cec11e3fca5eca2a11a}(|)Лубни, Полтавська, вул.Лермонтова, 17(|)
{"#",47e6dd42-cd5c-4e3a-9bc4-14816ed53d38,66:ae9a001517d39cec11e3fca20d32215c}(|){"#",a2b5aac2-33a7-41ec-878c-7dd928ac85cf,184:ae9a001517d39cec11e3fca5eca2a11c}(|)Лубни, Полтавська, вул.Радонська, 41(|)
{"#",47e6dd42-cd5c-4e3a-9bc4-14816ed53d38,66:ae9a001517d39cec11e3fca0db67c62c}(|){"#",a2b5aac2-33a7-41ec-878c-7dd928ac85cf,184:ae9a001517d39cec11e3fca5eca2a11e}(|)Лубни, Полтавська, вул.Радонська, 2-А(|)
{"#",47e6dd42-cd5c-4e3a-9bc4-14816ed53d38,66:ae9a001517d39cec11e3fca3cae87e88}(|){"#",a2b5aac2-33a7-41ec-878c-7dd928ac85cf,184:ae9a001517d39cec11e3fca5eca2a120}(|)Лубни, Полтавська, вул.Рєпіна, 2-А(|)
{"#",47e6dd42-cd5c-4e3a-9bc4-14816ed53d38,66:ae9a001517d39cec11e3fca1e85585ed}(|){"#",a2b5aac2-33a7-41ec-878c-7dd928ac85cf,184:ae9a001517d39cec11e3fca5eca2a122}(|)Лубни, Полтавська, вул.Радонська, 3(|)
{"#",47e6dd42-cd5c-4e3a-9bc4-14816ed53d38,66:ae9a001517d39cec11e3fca118d37acd}(|){"#",a2b5aac2-33a7-41ec-878c-7dd928ac85cf,184:ae9a001517d39cec11e3fca5eca2a124}(|)Миргород, Полтавська, пров.Мокрий, 20(|)
{"#",47e6dd42-cd5c-4e3a-9bc4-14816ed53d38,66:ae9a001517d39cec11e3fca17a61d36a}(|){"#",a2b5aac2-33a7-41ec-878c-7dd928ac85cf,184:ae9a001517d39cec11e3fca5eca2a126}(|)Миргород, Полтавська, вул.Філянського, 11(|)
{"#",47e6dd42-cd5c-4e3a-9bc4-14816ed53d38,66:ae9a001517d39cec11e3fca2b810c97e}(|){"#",a2b5aac2-33a7-41ec-878c-7dd928ac85cf,184:ae9a001517d39cec11e3fca5eca2a128}(|)Миргород, Полтавська, вул.Бережанська, 81(|)
{"#",47e6dd42-cd5c-4e3a-9bc4-14816ed53d38,66:ae9a001517d39cec11e3fca0925a3894}(|){"#",a2b5aac2-33a7-41ec-878c-7dd928ac85cf,184:ae9a001517d39cec11e3fca5eca2a12a}(|)Велика Багачка, Полтавська, вул.Жовтнева, 68-Б(|)
{"#",47e6dd42-cd5c-4e3a-9bc4-14816ed53d38,66:ae9a001517d39cec11e3fca1ab08cff0}(|){"#",a2b5aac2-33a7-41ec-878c-7dd928ac85cf,184:ae9a001517d39cec11e3fca5eca2a12c}(|)Велика Багачка, Полтавська, вул.Котляревського, 17(|)
{"#",47e6dd42-cd5c-4e3a-9bc4-14816ed53d38,66:ae9a001517d39cec11e3fca13d38e0b2}(|){"#",a2b5aac2-33a7-41ec-878c-7dd928ac85cf,184:ae9a001517d39cec11e3fca5eca2a12e}(|)Велика Багачка, Полтавська, вул.Шевченка, 31(|)
{"#",47e6dd42-cd5c-4e3a-9bc4-14816ed53d38,66:ae9a001517d39cec11e3fca124fad78c}(|){"#",a2b5aac2-33a7-41ec-878c-7dd928ac85cf,184:ae9a001517d39cec11e3fca5eca2a130}(|)Полтава, Полтавська, вул.Великотирнівська, 1(|)
{"#",47e6dd42-cd5c-4e3a-9bc4-14816ed53d38,66:ae9a001517d39cec11e3fca394578ca9}(|){"#",a2b5aac2-33a7-41ec-878c-7dd928ac85cf,184:ae9a001517d39cec11e3fca5eca2a132}(|)Розсошенці(Полтавська обл.), Полтавська, вул.Фрунзе, 8(|)
{"#",47e6dd42-cd5c-4e3a-9bc4-14816ed53d38,66:ae9a001517d39cec11e3fca23e197d81}(|){"#",a2b5aac2-33a7-41ec-878c-7dd928ac85cf,184:ae9a001517d39cec11e3fca5eca2a137}(|)Чернівці, Чернівецька, вул.Калинівська, 1-А(|)
{"#",47e6dd42-cd5c-4e3a-9bc4-14816ed53d38,66:ae9a001517d39cec11e3fca206c2a878}(|){"#",a2b5aac2-33a7-41ec-878c-7dd928ac85cf,184:ae9a001517d39cec11e3fca5eca2a13b}(|)Полтава, Полтавська, вул.Кагамлика, 4(|)
{"#",47e6dd42-cd5c-4e3a-9bc4-14816ed53d38,66:ae9a001517d39cec11e3fca1b130c259}(|){"#",a2b5aac2-33a7-41ec-878c-7dd928ac85cf,184:ae9a001517d39cec11e3fca5eca2a13d}(|)Полтава, Полтавська, вул.Половки, 72-А(|)
{"#",47e6dd42-cd5c-4e3a-9bc4-14816ed53d38,66:ae9a001517d39cec11e3fca27b105ec1}(|){"#",a2b5aac2-33a7-41ec-878c-7dd928ac85cf,184:ae9a001517d39cec11e3fca5eca2a140}(|)Полтава, Полтавська, вул.Половки, 83(|)
{"#",47e6dd42-cd5c-4e3a-9bc4-14816ed53d38,66:ae9a001517d39cec11e3fca1808c2818}(|){"#",a2b5aac2-33a7-41ec-878c-7dd928ac85cf,184:ae9a001517d39cec11e3fca5eca2a142}(|)Полтава, Полтавська, вул.Гончара Олеся (Енгельса), 20(|)
{"#",47e6dd42-cd5c-4e3a-9bc4-14816ed53d38,66:ae9a001517d39cec11e3fca5eca2a145}(|){"#",a2b5aac2-33a7-41ec-878c-7dd928ac85cf,184:ae9a001517d39cec11e3fca5eca2a144}(|)Полтава, Полтавська, вул.Кириченко Раїси (Люксембург Рози), 56(|)
{"#",47e6dd42-cd5c-4e3a-9bc4-14816ed53d38,66:ae9a001517d39cec11e3fca24a53ed08}(|){"#",a2b5aac2-33a7-41ec-878c-7dd928ac85cf,184:ae9a001517d39cec11e3fca5f2adf71d}(|)Полтава, Полтавська, вул.Зіньківська, 49(|)
{"#",47e6dd42-cd5c-4e3a-9bc4-14816ed53d38,66:ae9a001517d39cec11e3fca11eed1efd}(|){"#",a2b5aac2-33a7-41ec-878c-7dd928ac85cf,184:ae9a001517d39cec11e3fca5f2adf71f}(|)Полтава, Полтавська, вул.Визволення, 21-А(|)
{"#",47e6dd42-cd5c-4e3a-9bc4-14816ed53d38,66:ae9a001517d39cec11e3fca16e229f19}(|){"#",a2b5aac2-33a7-41ec-878c-7dd928ac85cf,184:ae9a001517d39cec11e3fca5f2adf722}(|)Полтава, Полтавська, вул.Бірюзова Маршала, 36(|)
{"#",47e6dd42-cd5c-4e3a-9bc4-14816ed53d38,66:ae9a001517d39cec11e3fca1f470f6ff}(|){"#",a2b5aac2-33a7-41ec-878c-7dd928ac85cf,184:ae9a001517d39cec11e3fca5f2adf724}(|)Опішня, Полтавська, вул.Нафтовиків, 1(|)
{"#",47e6dd42-cd5c-4e3a-9bc4-14816ed53d38,66:ae9a001517d39cec11e3fca33f38176f}(|){"#",a2b5aac2-33a7-41ec-878c-7dd928ac85cf,184:ae9a001517d39cec11e3fca5f2adf726}(|)Котельва, Полтавська, вул.Полтавський Шлях (Жовтнева), 166(|)
{"#",47e6dd42-cd5c-4e3a-9bc4-14816ed53d38,66:ae9a001517d39cec11e3fca29f94c341}(|){"#",a2b5aac2-33a7-41ec-878c-7dd928ac85cf,184:ae9a001517d39cec11e3fca5f2adf728}(|)Київ, Київська, вул.Бориспільська, 181(|)
{"#",47e6dd42-cd5c-4e3a-9bc4-14816ed53d38,66:ae9a001517d39cec11e3fca192cf8b81}(|){"#",a2b5aac2-33a7-41ec-878c-7dd928ac85cf,184:ae9a001517d39cec11e3fca5f2adf72a}(|)Гагарина1, Ужгород, ужгород(|)
{"#",47e6dd42-cd5c-4e3a-9bc4-14816ed53d38,66:ae9a001517d39cec11e3fca2999558d0}(|){"#",a2b5aac2-33a7-41ec-878c-7dd928ac85cf,184:ae9a001517d39cec11e3fca5f2adf72a}(|)Гагарина1, Ужгород, ужгород(|)Гагарина1, Ужгород, ужгород
{"#",47e6dd42-cd5c-4e3a-9bc4-14816ed53d38,66:ae9a001517d39cec11e3fca1ab08cfed}(|){"#",a2b5aac2-33a7-41ec-878c-7dd928ac85cf,184:ae9a001517d39cec11e3fca5f2adf72c}(|)Чернігів, Чернігівська, вул.Кримська, 1(|)АТЛ Чернигов 2
{"#",47e6dd42-cd5c-4e3a-9bc4-14816ed53d38,66:ae9a001517d39cec11e3fca1ab08cfed}(|){"#",a2b5aac2-33a7-41ec-878c-7dd928ac85cf,184:ae9a001517d39cec11e3fca5f2adf72e}(|)Тернопіль, Тернопільська, вул.Бродівська, 44(|)АТЛ Тернополь
{"#",47e6dd42-cd5c-4e3a-9bc4-14816ed53d38,66:ae9a001517d39cec11e3fca2c452602c}(|){"#",a2b5aac2-33a7-41ec-878c-7dd928ac85cf,184:ae9a001517d39cec11e3fca5f2adf731}(|)Вінниця, Вінницька, вул.Єрмака, 6(|)
{"#",47e6dd42-cd5c-4e3a-9bc4-14816ed53d38,66:ae9a001517d39cec11e3fca1373713de}(|){"#",a2b5aac2-33a7-41ec-878c-7dd928ac85cf,184:ae9a001517d39cec11e3fca5f2adf733}(|)Баришівка, Київська, вул.Софіївська, 34(|)
{"#",47e6dd42-cd5c-4e3a-9bc4-14816ed53d38,66:ae9a001517d39cec11e3fca0edab2998}(|){"#",a2b5aac2-33a7-41ec-878c-7dd928ac85cf,184:ae9a001517d39cec11e3fca5f2adf735}(|)Прилуки, Чернігівська, вул.Київська, 78-А(|)
{"#",47e6dd42-cd5c-4e3a-9bc4-14816ed53d38,66:ae9a001517d39cec11e3fca1e240a654}(|){"#",a2b5aac2-33a7-41ec-878c-7dd928ac85cf,184:ae9a001517d39cec11e3fca5f2adf737}(|)Прилуки, Чернігівська, вул.Войкова, 4(|)
{"#",47e6dd42-cd5c-4e3a-9bc4-14816ed53d38,66:ae9a001517d39cec11e3fca09e56aafb}(|){"#",a2b5aac2-33a7-41ec-878c-7dd928ac85cf,184:ae9a001517d39cec11e3fca5f2adf739}(|)Бровари, Київська, вул.Бандери Степана (Димитрова), 28(|)
{"#",47e6dd42-cd5c-4e3a-9bc4-14816ed53d38,66:ae9a001517d39cec11e3fca2812a0308}(|){"#",a2b5aac2-33a7-41ec-878c-7dd928ac85cf,184:ae9a001517d39cec11e3fca5f2adf73d}(|)Короп, Чернігівська, вул.Київська, 4(|)
{"#",47e6dd42-cd5c-4e3a-9bc4-14816ed53d38,66:ae9a001517d39cec11e3fca25093b6ea}(|){"#",a2b5aac2-33a7-41ec-878c-7dd928ac85cf,184:ae9a001517d39cec11e3fca5f2adf73f}(|)Хмельницький, Хмельницька, просп.Миру, 60/3(|)
{"#",47e6dd42-cd5c-4e3a-9bc4-14816ed53d38,66:ae9a001517d39cec11e3fca38e4771d6}(|){"#",a2b5aac2-33a7-41ec-878c-7dd928ac85cf,184:ae9a001517d39cec11e3fca5f2adf741}(|)Авторинок Мотор, Тернопіль, Тернопільська(|)
{"#",47e6dd42-cd5c-4e3a-9bc4-14816ed53d38,66:ae9a001517d39cec11e3fca2999558da}(|){"#",a2b5aac2-33a7-41ec-878c-7dd928ac85cf,184:ae9a001517d39cec11e3fca5f2adf743}(|)м.Ужгород,вул,Щедріна,38/59(|)
{"#",47e6dd42-cd5c-4e3a-9bc4-14816ed53d38,66:ae9a001517d39cec11e3fca345351f68}(|){"#",a2b5aac2-33a7-41ec-878c-7dd928ac85cf,184:ae9a001517d39cec11e3fca5f2adf745}(|)Умань, Черкаська, шосеЛенінградське, 1(|)
{"#",47e6dd42-cd5c-4e3a-9bc4-14816ed53d38,66:ae9a001517d39cec11e3fc9fe9324113}(|){"#",a2b5aac2-33a7-41ec-878c-7dd928ac85cf,184:ae9a001517d39cec11e3fca5f2adf749}(|)Полтава, Полтавська, вул.Мазепи Івана (Калініна), 14-А(|)
{"#",47e6dd42-cd5c-4e3a-9bc4-14816ed53d38,66:ae9a001517d39cec11e3fca16217de84}(|){"#",a2b5aac2-33a7-41ec-878c-7dd928ac85cf,184:ae9a001517d39cec11e3fca5f2adf74e}(|)Житомир, Житомирська, вул.Покровська (Щорса), 18(|)
{"#",47e6dd42-cd5c-4e3a-9bc4-14816ed53d38,66:ae9a001517d39cec11e3fca09e56aafd}(|){"#",a2b5aac2-33a7-41ec-878c-7dd928ac85cf,184:ae9a001517d39cec11e3fca5f2adf750}(|)Аральська буд № 71/88, Сімферополь, АР Крим(|)
{"#",47e6dd42-cd5c-4e3a-9bc4-14816ed53d38,66:ae9a001517d39cec11e3fca1dc32edda}(|){"#",a2b5aac2-33a7-41ec-878c-7dd928ac85cf,184:ae9a001517d39cec11e3fca5f2adf752}(|)Миргород, Полтавська, вул.Миргородської дивізії, 18-А(|)
{"#",47e6dd42-cd5c-4e3a-9bc4-14816ed53d38,66:ae9a001517d39cec11e3fca07fee4d33}(|){"#",a2b5aac2-33a7-41ec-878c-7dd928ac85cf,184:ae9a001517d39cec11e3fca5f2adf755}(|)вул.60-років Жовтня буд № 6, м.Сімферополь, 95044(|)
{"#",47e6dd42-cd5c-4e3a-9bc4-14816ed53d38,66:ae9a001517d39cec11e3fca1fa8a9b3e}(|){"#",a2b5aac2-33a7-41ec-878c-7dd928ac85cf,184:ae9a001517d39cec11e3fca5f2adf757}(|)Луцьк, Волинська, вул.Зв'язківців, 23(|)
{"#",47e6dd42-cd5c-4e3a-9bc4-14816ed53d38,66:ae9a001517d39cec11e3fca29f94c34d}(|){"#",a2b5aac2-33a7-41ec-878c-7dd928ac85cf,184:ae9a001517d39cec11e3fca5f2adf759}(|)Авторинок Спортек, Полтава, Полтавська(|)
{"#",47e6dd42-cd5c-4e3a-9bc4-14816ed53d38,66:ae9a001517d39cec11e3fca3577fa9e3}(|){"#",a2b5aac2-33a7-41ec-878c-7dd928ac85cf,184:ae9a001517d39cec11e3fca5f2adf75b}(|)вул.Оноківська буд № 86, м.Ужгород, Закарпатська обл., 88000(|)
{"#",47e6dd42-cd5c-4e3a-9bc4-14816ed53d38,66:ae9a001517d39cec11e3fca5f2adf75e}(|){"#",a2b5aac2-33a7-41ec-878c-7dd928ac85cf,184:ae9a001517d39cec11e3fca5f2adf75d}(|)Снятин, Івано-Франківська, вул.Лотоцького, 87(|)
{"#",47e6dd42-cd5c-4e3a-9bc4-14816ed53d38,66:ae9a001517d39cec11e3fca1436597c5}(|){"#",a2b5aac2-33a7-41ec-878c-7dd928ac85cf,184:ae9a001517d39cec11e3fca5f2adf760}(|)Путивль, Сумська, вул.Червоноармійська, 117/2(|)
{"#",47e6dd42-cd5c-4e3a-9bc4-14816ed53d38,66:ae9a001517d39cec11e3fca2e3450676}(|){"#",a2b5aac2-33a7-41ec-878c-7dd928ac85cf,184:ae9a001517d39cec11e3fca5f2adf765}(|)Миргород, Полтавська, вул.Незалежності, 12(|)
{"#",47e6dd42-cd5c-4e3a-9bc4-14816ed53d38,66:ae9a001517d39cec11e3fca2ca732b7b}(|){"#",a2b5aac2-33a7-41ec-878c-7dd928ac85cf,184:ae9a001517d39cec11e3fca5f2adf768}(|)Полтава, Полтавська, вул.Дорошенка Петра (Островського), 2(|)
{"#",47e6dd42-cd5c-4e3a-9bc4-14816ed53d38,66:ae9a001517d39cec11e3fca2d6dd4a20}(|){"#",a2b5aac2-33a7-41ec-878c-7dd928ac85cf,184:ae9a001517d39cec11e3fca5f2adf76a}(|)Хорол, Полтавська, вул.1-го Травня, 12-А(|)
{"#",47e6dd42-cd5c-4e3a-9bc4-14816ed53d38,66:ae9a001517d39cec11e3fca26edab3e8}(|){"#",a2b5aac2-33a7-41ec-878c-7dd928ac85cf,184:ae9a001517d39cec11e3fca5f2adf76c}(|)Полтава, Полтавська, пров.Братів Шеметів (Інтернаціональний), 21(|)
{"#",47e6dd42-cd5c-4e3a-9bc4-14816ed53d38,66:ae9a001517d39cec11e3fca29f94c34e}(|){"#",a2b5aac2-33a7-41ec-878c-7dd928ac85cf,184:ae9a001517d39cec11e3fca5f8d124ce}(|)Берчені буд № 40, Ужгород, Закарпатська(|)
{"#",47e6dd42-cd5c-4e3a-9bc4-14816ed53d38,66:ae9a001517d39cec11e3fca30218ae1b}(|){"#",a2b5aac2-33a7-41ec-878c-7dd928ac85cf,184:ae9a001517d39cec11e3fca5f8d124d0}(|)Біла Церква, Київська, вул.Таращанська, 196(|)
{"#",47e6dd42-cd5c-4e3a-9bc4-14816ed53d38,66:ae9a001517d39cec11e3fca3ac9f1f28}(|){"#",a2b5aac2-33a7-41ec-878c-7dd928ac85cf,184:ae9a001517d39cec11e3fca5f8d124d2}(|)Авторинок Спортек, Полтава, Полтавська(|)
{"#",47e6dd42-cd5c-4e3a-9bc4-14816ed53d38,66:aa930025909438d611e901fd1026ce96}(|){"#",a2b5aac2-33a7-41ec-878c-7dd928ac85cf,184:ae9a001517d39cec11e3fca5f8d124d4}(|)Лубни, Полтавська, вул.Чкалова, 7(|)
{"#",47e6dd42-cd5c-4e3a-9bc4-14816ed53d38,66:ae9a001517d39cec11e3fca3e37c5c3a}(|){"#",a2b5aac2-33a7-41ec-878c-7dd928ac85cf,184:ae9a001517d39cec11e3fca5f8d124d4}(|)Лубни, Полтавська, вул.Чкалова, 7(|)
{"#",47e6dd42-cd5c-4e3a-9bc4-14816ed53d38,66:ae9a001517d39cec11e3fca237fd76d5}(|){"#",a2b5aac2-33a7-41ec-878c-7dd928ac85cf,184:ae9a001517d39cec11e3fca5f8d124d6}(|)Івано-Франківськ, Івано-Франківська, вул.Юності, 41(|)
{"#",47e6dd42-cd5c-4e3a-9bc4-14816ed53d38,66:ae9a001517d39cec11e3fca5f8d124da}(|){"#",a2b5aac2-33a7-41ec-878c-7dd928ac85cf,184:ae9a001517d39cec11e3fca5f8d124d9}(|)вул.Горького буд № 62, с.Тарнівці, Ужгородський р-н, Закарпатська обл., 89420(|)
{"#",47e6dd42-cd5c-4e3a-9bc4-14816ed53d38,66:ae9a001517d39cec11e3fca30e4bf6ac}(|){"#",a2b5aac2-33a7-41ec-878c-7dd928ac85cf,184:ae9a001517d39cec11e3fca5f8d124dd}(|)Київ, Київська, вул.Жмеринська, 2(|)
{"#",47e6dd42-cd5c-4e3a-9bc4-14816ed53d38,66:ae9a001517d39cec11e3fca3b8bcf292}(|){"#",a2b5aac2-33a7-41ec-878c-7dd928ac85cf,184:ae9a001517d39cec11e3fca5f8d124e1}(|)Житомир, Житомирська, вул.Вітрука, 8-А(|)
{"#",47e6dd42-cd5c-4e3a-9bc4-14816ed53d38,66:ae9a001517d39cec11e3fca1e240a65d}(|){"#",a2b5aac2-33a7-41ec-878c-7dd928ac85cf,184:ae9a001517d39cec11e3fca5f8d124e3}(|)Білгород-Дністровський, Одеська, вул.Карла Маркса, 12(|)
{"#",47e6dd42-cd5c-4e3a-9bc4-14816ed53d38,66:ae9a001517d39cec11e3fca1ee76513c}(|){"#",a2b5aac2-33a7-41ec-878c-7dd928ac85cf,184:ae9a001517d39cec11e3fca5f8d124e5}(|)Біла Церква, Київська, вул.Шевченка, 146(|)
{"#",47e6dd42-cd5c-4e3a-9bc4-14816ed53d38,66:ae9a001517d39cec11e3fca1ab08cfef}(|){"#",a2b5aac2-33a7-41ec-878c-7dd928ac85cf,184:ae9a001517d39cec11e3fca5f8d124e8}(|)Прилуки, Чернігівська, вул.Половецька, 36(|)
{"#",47e6dd42-cd5c-4e3a-9bc4-14816ed53d38,66:ae9a001517d39cec11e3fca36fc4da1a}(|){"#",a2b5aac2-33a7-41ec-878c-7dd928ac85cf,184:ae9a001517d39cec11e3fca5f8d124ea}(|)Авторинок Авторинок, Кременчук, Полтавська(|)
{"#",47e6dd42-cd5c-4e3a-9bc4-14816ed53d38,66:ae9a001517d39cec11e3fca36fc4da1c}(|){"#",a2b5aac2-33a7-41ec-878c-7dd928ac85cf,184:ae9a001517d39cec11e3fca5f8d124ef}(|)Лермонтова буд № 19, Ужгород, Закарпатська(|)
{"#",47e6dd42-cd5c-4e3a-9bc4-14816ed53d38,66:ae9a001517d39cec11e3fca149a09cf1}(|){"#",a2b5aac2-33a7-41ec-878c-7dd928ac85cf,184:ae9a001517d39cec11e3fca5f8d124f1}(|)Київ, Київська, вул.Пухівська, 2(|)
{"#",47e6dd42-cd5c-4e3a-9bc4-14816ed53d38,66:ae9a001517d39cec11e3fca1dc32ede2}(|){"#",a2b5aac2-33a7-41ec-878c-7dd928ac85cf,184:ae9a001517d39cec11e3fca5f8d124f3}(|)Гадяч, Полтавська, вул.Лохвицька, 9(|)
{"#",47e6dd42-cd5c-4e3a-9bc4-14816ed53d38,66:ae9a001517d39cec11e3fca1436597c7}(|){"#",a2b5aac2-33a7-41ec-878c-7dd928ac85cf,184:ae9a001517d39cec11e3fca5f8d124f5}(|)Київ, Київська, вул.Головка Андрія, 12(|)
{"#",47e6dd42-cd5c-4e3a-9bc4-14816ed53d38,66:ae9a001517d39cec11e3fca149a09cfa}(|){"#",a2b5aac2-33a7-41ec-878c-7dd928ac85cf,184:ae9a001517d39cec11e3fca5f8d124fa}(|)вул.Циолковского буд № 10-А, м.Феодосія, АРК, 98100(|)
{"#",47e6dd42-cd5c-4e3a-9bc4-14816ed53d38,66:ae9a001517d39cec11e3fca2d6dd4a2a}(|){"#",a2b5aac2-33a7-41ec-878c-7dd928ac85cf,184:ae9a001517d39cec11e3fca5f8d124fe}(|)Білопілля, Сумська, вул.Бані Павла, 99(|)
{"#",47e6dd42-cd5c-4e3a-9bc4-14816ed53d38,66:ae9a001517d39cec11e3fca1ab08cfed}(|){"#",a2b5aac2-33a7-41ec-878c-7dd928ac85cf,184:ae9a001517d39cec11e3fca5f8d1250a}(|)Київ, Київська, вул.Боженка, 86-В(|)АТЛ Боженко
{"#",47e6dd42-cd5c-4e3a-9bc4-14816ed53d38,66:ae9a001517d39cec11e3fca1ab08cfed}(|){"#",a2b5aac2-33a7-41ec-878c-7dd928ac85cf,184:ae9a001517d39cec11e3fca5f8d1250d}(|)Київ, Київська, просп.Лобановського Валерія (Червонозоряний), 126-Г(|)АТЛ Червонозоряний
{"#",47e6dd42-cd5c-4e3a-9bc4-14816ed53d38,66:ae9a001517d39cec11e3fca244358412}(|){"#",a2b5aac2-33a7-41ec-878c-7dd928ac85cf,184:ae9a001517d39cec11e3fca5f8d12510}(|)Авторинок Центральний, Вознесенськ, Миколаївська(|)
{"#",47e6dd42-cd5c-4e3a-9bc4-14816ed53d38,66:ae9a001517d39cec11e3fca1373713e9}(|){"#",a2b5aac2-33a7-41ec-878c-7dd928ac85cf,184:ae9a001517d39cec11e3fca5f8d12513}(|)Чабани, Київська, вул.Машинобудівників, 2(|)
{"#",47e6dd42-cd5c-4e3a-9bc4-14816ed53d38,66:ae9a001517d39cec11e3fca1a4ffdc27}(|){"#",a2b5aac2-33a7-41ec-878c-7dd928ac85cf,184:ae9a001517d39cec11e3fca5f8d12515}(|)Авторинок Столичиний, Київ, Київська(|)
{"#",47e6dd42-cd5c-4e3a-9bc4-14816ed53d38,66:ae9a001517d39cec11e3fca25093b6f8}(|){"#",a2b5aac2-33a7-41ec-878c-7dd928ac85cf,184:ae9a001517d39cec11e3fca5f8d12515}(|)Авторинок Столичиний, Київ, Київська(|)
{"#",47e6dd42-cd5c-4e3a-9bc4-14816ed53d38,66:ae9a001517d39cec11e3fca394578cb0}(|){"#",a2b5aac2-33a7-41ec-878c-7dd928ac85cf,184:ae9a001517d39cec11e3fca5f8d12515}(|)Авторинок Столичиний, Київ, Київська(|)
{"#",47e6dd42-cd5c-4e3a-9bc4-14816ed53d38,66:ae9a001517d39cec11e3fca35171f162}(|){"#",a2b5aac2-33a7-41ec-878c-7dd928ac85cf,184:ae9a001517d39cec11e3fca5f8d12517}(|)Обухів, Київська, вул.Каштанова, 7-Г(|)
{"#",47e6dd42-cd5c-4e3a-9bc4-14816ed53d38,66:ae9a001517d39cec11e3fca192cf8b83}(|){"#",a2b5aac2-33a7-41ec-878c-7dd928ac85cf,184:ae9a001517d39cec11e3fca5fec96826}(|)Вишгород, Київська, вул.Набережна, 2(|)
{"#",47e6dd42-cd5c-4e3a-9bc4-14816ed53d38,66:ae9a001517d39cec11e3fca0925a3888}(|){"#",a2b5aac2-33a7-41ec-878c-7dd928ac85cf,184:ae9a001517d39cec11e3fca5fec9682b}(|)Київ, Київська, вул.Васильківська, 22(|)
{"#",47e6dd42-cd5c-4e3a-9bc4-14816ed53d38,66:ae9a001517d39cec11e3fca293663f63}(|){"#",a2b5aac2-33a7-41ec-878c-7dd928ac85cf,184:ae9a001517d39cec11e3fca5fec9682f}(|)Київ, Київська, вул.Знам'янська, 31(|)
{"#",47e6dd42-cd5c-4e3a-9bc4-14816ed53d38,66:ae9a001517d39cec11e3fca28d4c9b1e}(|){"#",a2b5aac2-33a7-41ec-878c-7dd928ac85cf,184:ae9a001517d39cec11e3fca5fec96831}(|)Київ, Київська, вул.Машинобудівна, 34(|)
{"#",47e6dd42-cd5c-4e3a-9bc4-14816ed53d38,66:ae9a001517d39cec11e3fca186c00637}(|){"#",a2b5aac2-33a7-41ec-878c-7dd928ac85cf,184:ae9a001517d39cec11e3fca5fec96833}(|)Київ, Київська, вул.Курбаса Леся, 2-В(|)
{"#",47e6dd42-cd5c-4e3a-9bc4-14816ed53d38,66:ae9a001517d39cec11e3fca2008eca5a}(|){"#",a2b5aac2-33a7-41ec-878c-7dd928ac85cf,184:ae9a001517d39cec11e3fca5fec96833}(|)Київ, Київська, вул.Курбаса Леся, 2-В(|)
{"#",47e6dd42-cd5c-4e3a-9bc4-14816ed53d38,66:ae9a001517d39cec11e3fca10c5d705c}(|){"#",a2b5aac2-33a7-41ec-878c-7dd928ac85cf,184:ae9a001517d39cec11e3fca5fec96835}(|)Ніжин, Чернігівська, вул.Московська, 11(|)
{"#",47e6dd42-cd5c-4e3a-9bc4-14816ed53d38,66:ae9a001517d39cec11e3fca06dcead13}(|){"#",a2b5aac2-33a7-41ec-878c-7dd928ac85cf,184:ae9a001517d39cec11e3fca5fec96837}(|)Авторинок Центральний, Ніжин, Чернігівська(|)
{"#",47e6dd42-cd5c-4e3a-9bc4-14816ed53d38,66:ae9a001517d39cec11e3fca085fe6800}(|){"#",a2b5aac2-33a7-41ec-878c-7dd928ac85cf,184:ae9a001517d39cec11e3fca5fec96837}(|)Авторинок Центральний, Ніжин, Чернігівська(|)
{"#",47e6dd42-cd5c-4e3a-9bc4-14816ed53d38,66:ae9a001517d39cec11e3fca085fe6807}(|){"#",a2b5aac2-33a7-41ec-878c-7dd928ac85cf,184:ae9a001517d39cec11e3fca5fec96837}(|)Авторинок Центральний, Ніжин, Чернігівська(|)
{"#",47e6dd42-cd5c-4e3a-9bc4-14816ed53d38,66:ae9a001517d39cec11e3fca0b0b6aaa6}(|){"#",a2b5aac2-33a7-41ec-878c-7dd928ac85cf,184:ae9a001517d39cec11e3fca5fec96837}(|)Авторинок Центральний, Ніжин, Чернігівська(|)
{"#",47e6dd42-cd5c-4e3a-9bc4-14816ed53d38,66:ae9a001517d39cec11e3fca0edab299a}(|){"#",a2b5aac2-33a7-41ec-878c-7dd928ac85cf,184:ae9a001517d39cec11e3fca5fec96837}(|)Авторинок Центральний, Ніжин, Чернігівська(|)
{"#",47e6dd42-cd5c-4e3a-9bc4-14816ed53d38,66:ae9a001517d39cec11e3fca0edab29a2}(|){"#",a2b5aac2-33a7-41ec-878c-7dd928ac85cf,184:ae9a001517d39cec11e3fca5fec96837}(|)Авторинок Центральний, Ніжин, Чернігівська(|)
{"#",47e6dd42-cd5c-4e3a-9bc4-14816ed53d38,66:ae9a001517d39cec11e3fca100197765}(|){"#",a2b5aac2-33a7-41ec-878c-7dd928ac85cf,184:ae9a001517d39cec11e3fca5fec96837}(|)Авторинок Центральний, Ніжин, Чернігівська(|)
{"#",47e6dd42-cd5c-4e3a-9bc4-14816ed53d38,66:ae9a001517d39cec11e3fca1126fed98}(|){"#",a2b5aac2-33a7-41ec-878c-7dd928ac85cf,184:ae9a001517d39cec11e3fca5fec96837}(|)Авторинок Центральний, Ніжин, Чернігівська(|)
{"#",47e6dd42-cd5c-4e3a-9bc4-14816ed53d38,66:ae9a001517d39cec11e3fca13d38e0a8}(|){"#",a2b5aac2-33a7-41ec-878c-7dd928ac85cf,184:ae9a001517d39cec11e3fca5fec96837}(|)Авторинок Центральний, Ніжин, Чернігівська(|)
{"#",47e6dd42-cd5c-4e3a-9bc4-14816ed53d38,66:ae9a001517d39cec11e3fca16217de7d}(|){"#",a2b5aac2-33a7-41ec-878c-7dd928ac85cf,184:ae9a001517d39cec11e3fca5fec96837}(|)Авторинок Центральний, Ніжин, Чернігівська(|)
{"#",47e6dd42-cd5c-4e3a-9bc4-14816ed53d38,66:ae9a001517d39cec11e3fca174541ad2}(|){"#",a2b5aac2-33a7-41ec-878c-7dd928ac85cf,184:ae9a001517d39cec11e3fca5fec96837}(|)Авторинок Центральний, Ніжин, Чернігівська(|)
{"#",47e6dd42-cd5c-4e3a-9bc4-14816ed53d38,66:ae9a001517d39cec11e3fca17a61d366}(|){"#",a2b5aac2-33a7-41ec-878c-7dd928ac85cf,184:ae9a001517d39cec11e3fca5fec96837}(|)Авторинок Центральний, Ніжин, Чернігівська(|)
{"#",47e6dd42-cd5c-4e3a-9bc4-14816ed53d38,66:ae9a001517d39cec11e3fca1d6122285}(|){"#",a2b5aac2-33a7-41ec-878c-7dd928ac85cf,184:ae9a001517d39cec11e3fca5fec96837}(|)Авторинок Центральний, Ніжин, Чернігівська(|)
{"#",47e6dd42-cd5c-4e3a-9bc4-14816ed53d38,66:ae9a001517d39cec11e3fca1ee765146}(|){"#",a2b5aac2-33a7-41ec-878c-7dd928ac85cf,184:ae9a001517d39cec11e3fca5fec96837}(|)Авторинок Центральний, Ніжин, Чернігівська(|)
{"#",47e6dd42-cd5c-4e3a-9bc4-14816ed53d38,66:ae9a001517d39cec11e3fca20d32216c}(|){"#",a2b5aac2-33a7-41ec-878c-7dd928ac85cf,184:ae9a001517d39cec11e3fca5fec96837}(|)Авторинок Центральний, Ніжин, Чернігівська(|)
{"#",47e6dd42-cd5c-4e3a-9bc4-14816ed53d38,66:ae9a001517d39cec11e3fca26edab3d8}(|){"#",a2b5aac2-33a7-41ec-878c-7dd928ac85cf,184:ae9a001517d39cec11e3fca5fec96837}(|)Авторинок Центральний, Ніжин, Чернігівська(|)
{"#",47e6dd42-cd5c-4e3a-9bc4-14816ed53d38,66:ae9a001517d39cec11e3fca2b1eb3980}(|){"#",a2b5aac2-33a7-41ec-878c-7dd928ac85cf,184:ae9a001517d39cec11e3fca5fec96837}(|)Авторинок Центральний, Ніжин, Чернігівська(|)
{"#",47e6dd42-cd5c-4e3a-9bc4-14816ed53d38,66:ae9a001517d39cec11e3fca3c4eb7664}(|){"#",a2b5aac2-33a7-41ec-878c-7dd928ac85cf,184:ae9a001517d39cec11e3fca5fec96837}(|)Авторинок Центральний, Ніжин, Чернігівська(|)
{"#",47e6dd42-cd5c-4e3a-9bc4-14816ed53d38,66:ae9a001517d39cec11e3fca3cae87e7e}(|){"#",a2b5aac2-33a7-41ec-878c-7dd928ac85cf,184:ae9a001517d39cec11e3fca5fec96837}(|)Авторинок Центральний, Ніжин, Чернігівська(|)
{"#",47e6dd42-cd5c-4e3a-9bc4-14816ed53d38,66:ae9a001517d39cec11e3fca24a53ed0f}(|){"#",a2b5aac2-33a7-41ec-878c-7dd928ac85cf,184:ae9a001517d39cec11e3fca5fec9683f}(|)Ніжин, Чернігівська, вул.Московська, 13(|)
{"#",47e6dd42-cd5c-4e3a-9bc4-14816ed53d38,66:ae9a001517d39cec11e3fca206c2a87e}(|){"#",a2b5aac2-33a7-41ec-878c-7dd928ac85cf,184:ae9a001517d39cec11e3fca5fec96842}(|)Семиполки, Київська, вул.Старий Шлях, СТО Пішохідний міст1(|)
{"#",47e6dd42-cd5c-4e3a-9bc4-14816ed53d38,66:ae9a001517d39cec11e3fca174541ae3}(|){"#",a2b5aac2-33a7-41ec-878c-7dd928ac85cf,184:ae9a001517d39cec11e3fca5fec96844}(|)Остер, Чернігівська, вул.Лесі Українки, 136(|)
{"#",47e6dd42-cd5c-4e3a-9bc4-14816ed53d38,66:ae9a001517d39cec11e3fca0b6bd3c1f}(|){"#",a2b5aac2-33a7-41ec-878c-7dd928ac85cf,184:ae9a001517d39cec11e3fca5fec96846}(|)Авторинок Усатово (новий ринок), Одеса, Одеська(|)
{"#",47e6dd42-cd5c-4e3a-9bc4-14816ed53d38,66:aa930025909438d611e8e34ed41b76d6}(|){"#",a2b5aac2-33a7-41ec-878c-7dd928ac85cf,184:ae9a001517d39cec11e3fca5fec96849}(|)Обухів, Київська, вул.Каштанова, 21-А(|)
{"#",47e6dd42-cd5c-4e3a-9bc4-14816ed53d38,66:ae9a001517d39cec11e3fca15c114d03}(|){"#",a2b5aac2-33a7-41ec-878c-7dd928ac85cf,184:ae9a001517d39cec11e3fca5fec96849}(|)Обухів, Київська, вул.Каштанова, 21-А(|)
{"#",47e6dd42-cd5c-4e3a-9bc4-14816ed53d38,66:ae9a001517d39cec11e3fca061bcc57c}(|){"#",a2b5aac2-33a7-41ec-878c-7dd928ac85cf,184:ae9a001517d39cec11e3fca5fec9684b}(|)Обухів, Київська, вул.Каштанова, 52(|)
{"#",47e6dd42-cd5c-4e3a-9bc4-14816ed53d38,66:ae9a001517d39cec11e3fca06dceacfb}(|){"#",a2b5aac2-33a7-41ec-878c-7dd928ac85cf,184:ae9a001517d39cec11e3fca5fec9684d}(|)Обухів, Київська, вул.Каштанова, 7(|)
{"#",47e6dd42-cd5c-4e3a-9bc4-14816ed53d38,66:911f001517d39cec11e459fd83fb5ba6}(|){"#",a2b5aac2-33a7-41ec-878c-7dd928ac85cf,184:ae9a001517d39cec11e3fca5fec96850}(|)Київ, Київська, вул.Північна, 5(|)
{"#",47e6dd42-cd5c-4e3a-9bc4-14816ed53d38,66:ae9a001517d39cec11e3fca28d4c9b20}(|){"#",a2b5aac2-33a7-41ec-878c-7dd928ac85cf,184:ae9a001517d39cec11e3fca5fec96850}(|)Київ, Київська, вул.Північна, 5(|)
{"#",47e6dd42-cd5c-4e3a-9bc4-14816ed53d38,66:ae9a001517d39cec11e3fca5fec96853}(|){"#",a2b5aac2-33a7-41ec-878c-7dd928ac85cf,184:ae9a001517d39cec11e3fca5fec96852}(|)Київ, Київська, вул.Кондратюка Юрія, 1(|)
{"#",47e6dd42-cd5c-4e3a-9bc4-14816ed53d38,66:ae9a001517d39cec11e3fca1c39cadb4}(|){"#",a2b5aac2-33a7-41ec-878c-7dd928ac85cf,184:ae9a001517d39cec11e3fca5fec96855}(|)Київ, Київська, бульварВацлава Гавели (Лепсе Івана), 10(|)
{"#",47e6dd42-cd5c-4e3a-9bc4-14816ed53d38,66:ae9a001517d39cec11e3fca30218ae20}(|){"#",a2b5aac2-33a7-41ec-878c-7dd928ac85cf,184:ae9a001517d39cec11e3fca5fec9685c}(|)Харків, Харківська, вул.Уборевича Командарма, 3-А(|)
{"#",47e6dd42-cd5c-4e3a-9bc4-14816ed53d38,66:ae9a001517d39cec11e3fca198c7cede}(|){"#",a2b5aac2-33a7-41ec-878c-7dd928ac85cf,184:ae9a001517d39cec11e3fca5fec9685e}(|)Остер, Чернігівська, вул.Незалежності, 37(|)
{"#",47e6dd42-cd5c-4e3a-9bc4-14816ed53d38,66:ae9a001517d39cec11e3fca08c2d8187}(|){"#",a2b5aac2-33a7-41ec-878c-7dd928ac85cf,184:ae9a001517d39cec11e3fca5fec96860}(|)Козелець, Чернігівська, вул.Комсомольська, 40(|)
{"#",47e6dd42-cd5c-4e3a-9bc4-14816ed53d38,66:ae9a001517d39cec11e3fca3c4eb7674}(|){"#",a2b5aac2-33a7-41ec-878c-7dd928ac85cf,184:ae9a001517d39cec11e3fca5fec96862}(|)Козелець, Чернігівська, вул.Комсомольська, 24(|)
{"#",47e6dd42-cd5c-4e3a-9bc4-14816ed53d38,66:ae9a001517d39cec11e3fca085fe67fa}(|){"#",a2b5aac2-33a7-41ec-878c-7dd928ac85cf,184:ae9a001517d39cec11e3fca5fec96864}(|)Козелець, Чернігівська, вул.1-го Травня, 2-А(|)
{"#",47e6dd42-cd5c-4e3a-9bc4-14816ed53d38,66:ae9a001517d39cec11e3fca0edab299e}(|){"#",a2b5aac2-33a7-41ec-878c-7dd928ac85cf,184:ae9a001517d39cec11e3fca5fec96866}(|)Бобровиця, Київська, вул.Незалежності, 13(|)
{"#",47e6dd42-cd5c-4e3a-9bc4-14816ed53d38,66:ae9a001517d39cec11e3fca1373713f1}(|){"#",a2b5aac2-33a7-41ec-878c-7dd928ac85cf,184:ae9a001517d39cec11e3fca5fec96868}(|)Бобровиця, Київська, вул.Незалежності, 2(|)
{"#",47e6dd42-cd5c-4e3a-9bc4-14816ed53d38,66:ae9a001517d39cec11e3fca067bc2fd1}(|){"#",a2b5aac2-33a7-41ec-878c-7dd928ac85cf,184:ae9a001517d39cec11e3fca5fec9686a}(|)Бобровиця, Київська, вул.Незалежності, 98(|)
{"#",47e6dd42-cd5c-4e3a-9bc4-14816ed53d38,66:ae9a001517d39cec11e3fca198c7cee2}(|){"#",a2b5aac2-33a7-41ec-878c-7dd928ac85cf,184:ae9a001517d39cec11e3fca5fec9686c}(|)Ринок Центральний, с.Носовка, Чернігівська обл.(|)
{"#",47e6dd42-cd5c-4e3a-9bc4-14816ed53d38,66:ae9a001517d39cec11e3fca1d6122280}(|){"#",a2b5aac2-33a7-41ec-878c-7dd928ac85cf,184:ae9a001517d39cec11e3fca5fec9686c}(|)Ринок Центральний, с.Носовка, Чернігівська обл.(|)
{"#",47e6dd42-cd5c-4e3a-9bc4-14816ed53d38,66:ae9a001517d39cec11e3fca2ca732b7d}(|){"#",a2b5aac2-33a7-41ec-878c-7dd928ac85cf,184:ae9a001517d39cec11e3fca5fec9686f}(|)Носівка, Чернігівська, вул.Вокзальна, 6(|)
{"#",47e6dd42-cd5c-4e3a-9bc4-14816ed53d38,66:ae9a001517d39cec11e3fca0b0b6aaaa}(|){"#",a2b5aac2-33a7-41ec-878c-7dd928ac85cf,184:ae9a001517d39cec11e3fca5fec96871}(|)Носівка, Чернігівська, вул.Вокзальна, 10-Г(|)
{"#",47e6dd42-cd5c-4e3a-9bc4-14816ed53d38,66:ae9a001517d39cec11e3fc9fd7103ea5}(|){"#",a2b5aac2-33a7-41ec-878c-7dd928ac85cf,184:ae9a001517d39cec11e3fca5fec96873}(|)Херсон(|)
{"#",47e6dd42-cd5c-4e3a-9bc4-14816ed53d38,66:ae9a001517d39cec11e3fca0b6bd3c1d}(|){"#",a2b5aac2-33a7-41ec-878c-7dd928ac85cf,184:ae9a001517d39cec11e3fca5fec96876}(|)Прилуки, Чернігівська, вул.Київська, 138(|)
{"#",47e6dd42-cd5c-4e3a-9bc4-14816ed53d38,66:ae9a001517d39cec11e3fca1ab08cff9}(|){"#",a2b5aac2-33a7-41ec-878c-7dd928ac85cf,184:ae9a001517d39cec11e3fca604d4be4e}(|)Прилуки, Чернігівська, вул.Київська, 78(|)
{"#",47e6dd42-cd5c-4e3a-9bc4-14816ed53d38,66:ae9a001517d39cec11e3fca1ee765134}(|){"#",a2b5aac2-33a7-41ec-878c-7dd928ac85cf,184:ae9a001517d39cec11e3fca604d4be50}(|)Прилуки, Чернігівська, вул.Козача, 56-А(|)
{"#",47e6dd42-cd5c-4e3a-9bc4-14816ed53d38,66:ae9a001517d39cec11e3fca3d11797e4}(|){"#",a2b5aac2-33a7-41ec-878c-7dd928ac85cf,184:ae9a001517d39cec11e3fca604d4be52}(|)Прилуки, Чернігівська, вул.Фрунзе, 2-А(|)
{"#",47e6dd42-cd5c-4e3a-9bc4-14816ed53d38,66:ae9a001517d39cec11e3fca2999558dc}(|){"#",a2b5aac2-33a7-41ec-878c-7dd928ac85cf,184:ae9a001517d39cec11e3fca604d4be54}(|)Прилуки, Чернігівська, вул.Фрунзе, 2-А(|)
{"#",47e6dd42-cd5c-4e3a-9bc4-14816ed53d38,66:ae9a001517d39cec11e3fca13d38e0a4}(|){"#",a2b5aac2-33a7-41ec-878c-7dd928ac85cf,184:ae9a001517d39cec11e3fca604d4be56}(|)Прилуки, Чернігівська, вул.Пирятинська, 14(|)
{"#",47e6dd42-cd5c-4e3a-9bc4-14816ed53d38,66:ae9a001517d39cec11e3fca23e197d82}(|){"#",a2b5aac2-33a7-41ec-878c-7dd928ac85cf,184:ae9a001517d39cec11e3fca604d4be58}(|)Прилуки, Чернігівська, вул.Пирятинська, 14(|)
{"#",47e6dd42-cd5c-4e3a-9bc4-14816ed53d38,66:ae9a001517d39cec11e3fca2568e5ca2}(|){"#",a2b5aac2-33a7-41ec-878c-7dd928ac85cf,184:ae9a001517d39cec11e3fca604d4be58}(|)Прилуки, Чернігівська, вул.Пирятинська, 14(|)
{"#",47e6dd42-cd5c-4e3a-9bc4-14816ed53d38,66:ae9a001517d39cec11e3fca100197763}(|){"#",a2b5aac2-33a7-41ec-878c-7dd928ac85cf,184:ae9a001517d39cec11e3fca604d4be5b}(|)Прилуки, Чернігівська, вул.Костянтинівська, 172-Б(|)
{"#",47e6dd42-cd5c-4e3a-9bc4-14816ed53d38,66:ae9a001517d39cec11e3fca198c7cedc}(|){"#",a2b5aac2-33a7-41ec-878c-7dd928ac85cf,184:ae9a001517d39cec11e3fca604d4be5d}(|)Прилуки, Чернігівська, вул.Київська, 230-Ж(|)
{"#",47e6dd42-cd5c-4e3a-9bc4-14816ed53d38,66:ae9a001517d39cec11e3fca0f3dca56a}(|){"#",a2b5aac2-33a7-41ec-878c-7dd928ac85cf,184:ae9a001517d39cec11e3fca604d4be5f}(|)Прилуки, Чернігівська, вул.Вокзальна, 24(|)
{"#",47e6dd42-cd5c-4e3a-9bc4-14816ed53d38,66:ae9a001517d39cec11e3fca085fe6812}(|){"#",a2b5aac2-33a7-41ec-878c-7dd928ac85cf,184:ae9a001517d39cec11e3fca604d4be61}(|)Прилуки, Чернігівська, пров.Шмідта, 19-А(|)
{"#",47e6dd42-cd5c-4e3a-9bc4-14816ed53d38,66:ae9a001517d39cec11e3fca27b105ece}(|){"#",a2b5aac2-33a7-41ec-878c-7dd928ac85cf,184:ae9a001517d39cec11e3fca604d4be63}(|)Баришівка, Київська, вул.Софіївська, 49-А(|)
{"#",47e6dd42-cd5c-4e3a-9bc4-14816ed53d38,66:ae9a001517d39cec11e3fca25cb64f01}(|){"#",a2b5aac2-33a7-41ec-878c-7dd928ac85cf,184:ae9a001517d39cec11e3fca604d4be65}(|)Баришівка, Київська, вул.Жовтнева, 9(|)
{"#",47e6dd42-cd5c-4e3a-9bc4-14816ed53d38,66:ae9a001517d39cec11e3fca1ab08cfec}(|){"#",a2b5aac2-33a7-41ec-878c-7dd928ac85cf,184:ae9a001517d39cec11e3fca604d4be68}(|)Яготин, Київська, вул.Незалежності, 50(|)
{"#",47e6dd42-cd5c-4e3a-9bc4-14816ed53d38,66:ae9a001517d39cec11e3fca231e89746}(|){"#",a2b5aac2-33a7-41ec-878c-7dd928ac85cf,184:ae9a001517d39cec11e3fca604d4be6a}(|)Яготин, Київська, вул.Островського, 6(|)
{"#",47e6dd42-cd5c-4e3a-9bc4-14816ed53d38,66:ae9a001517d39cec11e3fca3b8bcf290}(|){"#",a2b5aac2-33a7-41ec-878c-7dd928ac85cf,184:ae9a001517d39cec11e3fca604d4be6f}(|)Бориспіль, Київська, вул.Київський Шлях, 50(|)
{"#",47e6dd42-cd5c-4e3a-9bc4-14816ed53d38,66:ae9a001517d39cec11e3fca1a4ffdc20}(|){"#",a2b5aac2-33a7-41ec-878c-7dd928ac85cf,184:ae9a001517d39cec11e3fca604d4be71}(|)Щасливе, Київська, вул.Леніна, 20-А(|)
{"#",47e6dd42-cd5c-4e3a-9bc4-14816ed53d38,66:ae9a001517d39cec11e3fca192cf8b84}(|){"#",a2b5aac2-33a7-41ec-878c-7dd928ac85cf,184:ae9a001517d39cec11e3fca604d4be73}(|)Київ, Київська, вул.Сортувальна, 20(|)
{"#",47e6dd42-cd5c-4e3a-9bc4-14816ed53d38,66:ae9a001517d39cec11e3fca21faebd41}(|){"#",a2b5aac2-33a7-41ec-878c-7dd928ac85cf,184:ae9a001517d39cec11e3fca604d4be75}(|)Київ, Київська, пров.Охтирський, 3(|)
{"#",47e6dd42-cd5c-4e3a-9bc4-14816ed53d38,66:ae9a001517d39cec11e3fca206c2a874}(|){"#",a2b5aac2-33a7-41ec-878c-7dd928ac85cf,184:ae9a001517d39cec11e3fca604d4be77}(|)Київ, Київська, вул.Кринична, 2(|)
{"#",47e6dd42-cd5c-4e3a-9bc4-14816ed53d38,66:ae9a001517d39cec11e3fca2be3b1e47}(|){"#",a2b5aac2-33a7-41ec-878c-7dd928ac85cf,184:ae9a001517d39cec11e3fca604d4be79}(|)Одеса, Одеська, шосеКиївське (Ленінградське), 1(|)
{"#",47e6dd42-cd5c-4e3a-9bc4-14816ed53d38,66:ae9a001517d39cec11e3fca106521a33}(|){"#",a2b5aac2-33a7-41ec-878c-7dd928ac85cf,184:ae9a001517d39cec11e3fca604d4be7b}(|)Одеса, Одеська, вул.Посмітного, 6(|)
{"#",47e6dd42-cd5c-4e3a-9bc4-14816ed53d38,66:ae9a001517d39cec11e3fca604d4be8f}(|){"#",a2b5aac2-33a7-41ec-878c-7dd928ac85cf,184:ae9a001517d39cec11e3fca604d4be8e}(|)Одеса, Одеська, дорогаМиколаївська, 140(|)
{"#",47e6dd42-cd5c-4e3a-9bc4-14816ed53d38,66:ae9a001517d39cec11e3fca17a61d35b}(|){"#",a2b5aac2-33a7-41ec-878c-7dd928ac85cf,184:ae9a001517d39cec11e3fca604d4be91}(|)Одеса, Одеська, вул.Чорноморського Козацтва, 123(|)
{"#",47e6dd42-cd5c-4e3a-9bc4-14816ed53d38,66:ae9a001517d39cec11e3fca33f38176c}(|){"#",a2b5aac2-33a7-41ec-878c-7dd928ac85cf,184:ae9a001517d39cec11e3fca604d4be93}(|)Одеса, Одеська, вул.Головатого Отамана, 17(|)
{"#",47e6dd42-cd5c-4e3a-9bc4-14816ed53d38,66:ae9a001517d39cec11e3fca2750c2fae}(|){"#",a2b5aac2-33a7-41ec-878c-7dd928ac85cf,184:ae9a001517d39cec11e3fca604d4be95}(|)Одеса, Одеська, узвізЧервонослобідський, 12(|)
{"#",47e6dd42-cd5c-4e3a-9bc4-14816ed53d38,66:ae9a001517d39cec11e3fca0cf321b4a}(|){"#",a2b5aac2-33a7-41ec-878c-7dd928ac85cf,184:ae9a001517d39cec11e3fca604d4be97}(|)Київ, Київська, вул.Кайсарова, 1(|)
{"#",47e6dd42-cd5c-4e3a-9bc4-14816ed53d38,66:ae9a001517d39cec11e3fca11eed1efc}(|){"#",a2b5aac2-33a7-41ec-878c-7dd928ac85cf,184:ae9a001517d39cec11e3fca604d4be99}(|)Київ, Київська, вул.Глушкова, 42(|)
{"#",47e6dd42-cd5c-4e3a-9bc4-14816ed53d38,66:ae9a001517d39cec11e3fca1bd74bb5a}(|){"#",a2b5aac2-33a7-41ec-878c-7dd928ac85cf,184:ae9a001517d39cec11e3fca604d4be9b}(|)Київ, Київська, вул.Метрологічна, 2-А(|)
{"#",47e6dd42-cd5c-4e3a-9bc4-14816ed53d38,66:ae9a001517d39cec11e3fca25cb64f12}(|){"#",a2b5aac2-33a7-41ec-878c-7dd928ac85cf,184:ae9a001517d39cec11e3fca604d4be9d}(|)Київ, Київська, вул.Заболотного Академіка, 156(|)
{"#",47e6dd42-cd5c-4e3a-9bc4-14816ed53d38,66:ae9a001517d39cec11e3fca1a4ffdc16}(|){"#",a2b5aac2-33a7-41ec-878c-7dd928ac85cf,184:ae9a001517d39cec11e3fca60ad8ed6b}(|)Обухів, Київська, вул.Каштанова, 11(|)
{"#",47e6dd42-cd5c-4e3a-9bc4-14816ed53d38,66:ae9a001517d39cec11e3fca2008eca57}(|){"#",a2b5aac2-33a7-41ec-878c-7dd928ac85cf,184:ae9a001517d39cec11e3fca60ad8ed6d}(|)Київ, Київська, вул.Сім'ї Кульженків (Дегтяренка Петра), 14-Б(|)
{"#",47e6dd42-cd5c-4e3a-9bc4-14816ed53d38,66:ae9a001517d39cec11e3fca21faebd38}(|){"#",a2b5aac2-33a7-41ec-878c-7dd928ac85cf,184:ae9a001517d39cec11e3fca60ad8ed71}(|)Київ, Київська, с.Софіївська Борщагівка, Озерна5(|)
{"#",47e6dd42-cd5c-4e3a-9bc4-14816ed53d38,66:ae9a001517d39cec11e3fca244358410}(|){"#",a2b5aac2-33a7-41ec-878c-7dd928ac85cf,184:ae9a001517d39cec11e3fca60ad8ed74}(|)Київ, Київська, бульварВацлава Гавели (Лепсе Івана), 23(|)
{"#",47e6dd42-cd5c-4e3a-9bc4-14816ed53d38,66:ae9a001517d39cec11e3fca3dd415709}(|){"#",a2b5aac2-33a7-41ec-878c-7dd928ac85cf,184:ae9a001517d39cec11e3fca60ad8ed78}(|)Авторинок Комунальний, Ніжин, Чернігівська(|)
{"#",47e6dd42-cd5c-4e3a-9bc4-14816ed53d38,66:ae9a001517d39cec11e3fca06dceacfe}(|){"#",a2b5aac2-33a7-41ec-878c-7dd928ac85cf,184:ae9a001517d39cec11e3fca60ad8ed7a}(|)Прилуки, Чернігівська, вул.Київська, 233-А(|)
{"#",47e6dd42-cd5c-4e3a-9bc4-14816ed53d38,66:ae9a001517d39cec11e3fca225bc75c3}(|){"#",a2b5aac2-33a7-41ec-878c-7dd928ac85cf,184:ae9a001517d39cec11e3fca60ad8ed7d}(|)Вороньків, Київська, вул.Центральна, 25(|)
{"#",47e6dd42-cd5c-4e3a-9bc4-14816ed53d38,66:ae9a001517d39cec11e3fca155ee1f5d}(|){"#",a2b5aac2-33a7-41ec-878c-7dd928ac85cf,184:ae9a001517d39cec11e3fca60ad8ed81}(|)Київ, Київська, вул.Сортувальна, 22(|)
{"#",47e6dd42-cd5c-4e3a-9bc4-14816ed53d38,66:ae9a001517d39cec11e3fed008ef3479}(|){"#",a2b5aac2-33a7-41ec-878c-7dd928ac85cf,184:ae9a001517d39cec11e3fca60ad8ed81}(|)Київ, Київська, вул.Сортувальна, 22(|)
{"#",47e6dd42-cd5c-4e3a-9bc4-14816ed53d38,66:ae9a001517d39cec11e3fca0edab29a9}(|){"#",a2b5aac2-33a7-41ec-878c-7dd928ac85cf,184:ae9a001517d39cec11e3fca60ad8ed84}(|)Київ, Київська, пров.Жуковського Василя, 15(|)
{"#",47e6dd42-cd5c-4e3a-9bc4-14816ed53d38,66:ae9a001517d39cec11e3fca338f5eb24}(|){"#",a2b5aac2-33a7-41ec-878c-7dd928ac85cf,184:ae9a001517d39cec11e3fca60ad8ed86}(|)Київ, Київська, вул.Васильківська, 28(|)
{"#",47e6dd42-cd5c-4e3a-9bc4-14816ed53d38,66:ae9a001517d39cec11e3fca29f94c33e}(|){"#",a2b5aac2-33a7-41ec-878c-7dd928ac85cf,184:ae9a001517d39cec11e3fca60ad8ed88}(|)Чорноморськ, Одеська, вул.Олександрійська, 4-А(|)
{"#",47e6dd42-cd5c-4e3a-9bc4-14816ed53d38,66:ae9a001517d39cec11e3fca3085150f8}(|){"#",a2b5aac2-33a7-41ec-878c-7dd928ac85cf,184:ae9a001517d39cec11e3fca60ad8ed95}(|)Миколаїв, Миколаївська, пров.Мічуріна, 8(|)
{"#",47e6dd42-cd5c-4e3a-9bc4-14816ed53d38,66:ae9a001517d39cec11e3fca09859a302}(|){"#",a2b5aac2-33a7-41ec-878c-7dd928ac85cf,184:ae9a001517d39cec11e3fca60ad8ed97}(|)Миколаїв, Миколаївська, вул.Бутовича Якова (Щорса), 3/1(|)
{"#",47e6dd42-cd5c-4e3a-9bc4-14816ed53d38,66:ae9a001517d39cec11e3fca345351f70}(|){"#",a2b5aac2-33a7-41ec-878c-7dd928ac85cf,184:ae9a001517d39cec11e3fca60ad8ed99}(|)Миколаїв, Миколаївська, вул.Ульянових, 79(|)
{"#",47e6dd42-cd5c-4e3a-9bc4-14816ed53d38,66:ae9a001517d39cec11e3fca2568e5caa}(|){"#",a2b5aac2-33a7-41ec-878c-7dd928ac85cf,184:ae9a001517d39cec11e3fca60ad8ed9b}(|)Миколаїв, Миколаївська, вул.Велика Морська, 138(|)
{"#",47e6dd42-cd5c-4e3a-9bc4-14816ed53d38,66:ae9a001517d39cec11e3fca2c4526023}(|){"#",a2b5aac2-33a7-41ec-878c-7dd928ac85cf,184:ae9a001517d39cec11e3fca60ad8ed9d}(|)Миколаїв, Миколаївська, вул.Лінія 9-та, 102-А(|)
{"#",47e6dd42-cd5c-4e3a-9bc4-14816ed53d38,66:ae9a001517d39cec11e3fca244358417}(|){"#",a2b5aac2-33a7-41ec-878c-7dd928ac85cf,184:ae9a001517d39cec11e3fca60ad8ed9f}(|)Миколаїв, Миколаївська, шосеХерсонське, 96-Б(|)
{"#",47e6dd42-cd5c-4e3a-9bc4-14816ed53d38,66:ae9a001517d39cec11e3fca3a07a24cb}(|){"#",a2b5aac2-33a7-41ec-878c-7dd928ac85cf,184:ae9a001517d39cec11e3fca60ad8eda1}(|)Миколаїв, Миколаївська, вул.Новозаводська, 7-А(|)
{"#",47e6dd42-cd5c-4e3a-9bc4-14816ed53d38,66:ae9a001517d39cec11e3fca3577fa9f1}(|){"#",a2b5aac2-33a7-41ec-878c-7dd928ac85cf,184:ae9a001517d39cec11e3fca60ad8eda3}(|)Миколаїв, Миколаївська, пров.Такелажний (Жовтневий), 57(|)
{"#",47e6dd42-cd5c-4e3a-9bc4-14816ed53d38,66:ae9a001517d39cec11e3fca31a73536b}(|){"#",a2b5aac2-33a7-41ec-878c-7dd928ac85cf,184:ae9a001517d39cec11e3fca60ad8eda6}(|)Миколаїв, Миколаївська, вул.Самойловича Доктора, 54(|)
{"#",47e6dd42-cd5c-4e3a-9bc4-14816ed53d38,66:ae9a001517d39cec11e3fca186c00644}(|){"#",a2b5aac2-33a7-41ec-878c-7dd928ac85cf,184:ae9a001517d39cec11e3fca60ad8eda8}(|)Авторинок центральний, Нова Одеса, Миколаївська(|)
{"#",47e6dd42-cd5c-4e3a-9bc4-14816ed53d38,66:ae9a001517d39cec11e3fca1436597cc}(|){"#",a2b5aac2-33a7-41ec-878c-7dd928ac85cf,184:ae9a001517d39cec11e3fca60ad8edaa}(|)Вознесенськ, Миколаївська, вул.Осадчого, 17(|)
{"#",47e6dd42-cd5c-4e3a-9bc4-14816ed53d38,66:ae9a001517d39cec11e3fca3a6857aea}(|){"#",a2b5aac2-33a7-41ec-878c-7dd928ac85cf,184:ae9a001517d39cec11e3fca60ad8edac}(|)Вознесенськ, Миколаївська, вул.Кірова, 23(|)
{"#",47e6dd42-cd5c-4e3a-9bc4-14816ed53d38,66:ae9a001517d39cec11e3fca31a735370}(|){"#",a2b5aac2-33a7-41ec-878c-7dd928ac85cf,184:ae9a001517d39cec11e3fca60ad8edb1}(|)Вознесенськ, Миколаївська, вул.Київська (Жовтневої Революції), 108(|)
{"#",47e6dd42-cd5c-4e3a-9bc4-14816ed53d38,66:ae9a001517d39cec11e3fca1e240a64f}(|){"#",a2b5aac2-33a7-41ec-878c-7dd928ac85cf,184:ae9a001517d39cec11e3fca60ad8edb3}(|)Вознесенськ, Миколаївська, вул.Київська (Жовтневої Революції), 134-А(|)
{"#",47e6dd42-cd5c-4e3a-9bc4-14816ed53d38,66:ae9a001517d39cec11e3fca262c8cc39}(|){"#",a2b5aac2-33a7-41ec-878c-7dd928ac85cf,184:ae9a001517d39cec11e3fca60ad8edb6}(|)Первомайськ(Микол.обл.Первомайс.р-н), Миколаївська, вул.Краслофлотська, 20(|)
{"#",47e6dd42-cd5c-4e3a-9bc4-14816ed53d38,66:ae9a001517d39cec11e3fca2ef9c1246}(|){"#",a2b5aac2-33a7-41ec-878c-7dd928ac85cf,184:ae9a001517d39cec11e3fca60ad8edb8}(|)Хорол, Полтавська, вул.Героїв Небесної Сотні (Леніна), 17(|)
{"#",47e6dd42-cd5c-4e3a-9bc4-14816ed53d38,66:ae9a001517d39cec11e3fca3b8bcf28a}(|){"#",a2b5aac2-33a7-41ec-878c-7dd928ac85cf,184:ae9a001517d39cec11e3fca60ad8edbb}(|)Чернігів, Чернігівська, вул.Щорса, 62(|)
{"#",47e6dd42-cd5c-4e3a-9bc4-14816ed53d38,66:ae9a001517d39cec11e3fca079e0949f}(|){"#",a2b5aac2-33a7-41ec-878c-7dd928ac85cf,184:ae9a001517d39cec11e3fca60ad8edbd}(|)Чернігів, Чернігівська, вул.Любецька, 133(|)
{"#",47e6dd42-cd5c-4e3a-9bc4-14816ed53d38,66:ae9a001517d39cec11e3fca3b8bcf297}(|){"#",a2b5aac2-33a7-41ec-878c-7dd928ac85cf,184:ae9a001517d39cec11e3fca60ad8edbf}(|)Чернігів, Чернігівська, вул.Козацька (50 років ВЛКСМ), 32(|)
{"#",47e6dd42-cd5c-4e3a-9bc4-14816ed53d38,66:ae9a001517d39cec11e3fca293663f6f}(|){"#",a2b5aac2-33a7-41ec-878c-7dd928ac85cf,184:ae9a001517d39cec11e3fca610d857d6}(|)Чернігів, Чернігівська, вул.Проектна, 1(|)
{"#",47e6dd42-cd5c-4e3a-9bc4-14816ed53d38,66:ae9a001517d39cec11e3fca07fee4d35}(|){"#",a2b5aac2-33a7-41ec-878c-7dd928ac85cf,184:ae9a001517d39cec11e3fca610d857d9}(|)Чернігів, Чернігівська, просп.Перемоги, 108(|)
{"#",47e6dd42-cd5c-4e3a-9bc4-14816ed53d38,66:ae9a001517d39cec11e3fca0a45ada13}(|){"#",a2b5aac2-33a7-41ec-878c-7dd928ac85cf,184:ae9a001517d39cec11e3fca610d857e0}(|)Обухів, Київська, вул.Чумацький шлях (Жовтнева), 14-А(|)
{"#",47e6dd42-cd5c-4e3a-9bc4-14816ed53d38,66:ae9a001517d39cec11e3fca35171f163}(|){"#",a2b5aac2-33a7-41ec-878c-7dd928ac85cf,184:ae9a001517d39cec11e3fca610d857e2}(|)Обухів, Київська, вул.Каштанова, 9(|)
{"#",47e6dd42-cd5c-4e3a-9bc4-14816ed53d38,66:ae9a001517d39cec11e3fca2be3b1e36}(|){"#",a2b5aac2-33a7-41ec-878c-7dd928ac85cf,184:ae9a001517d39cec11e3fca610d857e4}(|)Обухів, Київська, вул.Петровського, 3(|)
{"#",47e6dd42-cd5c-4e3a-9bc4-14816ed53d38,66:ae9a001517d39cec11e3fca12b0fb724}(|){"#",a2b5aac2-33a7-41ec-878c-7dd928ac85cf,184:ae9a001517d39cec11e3fca610d857e6}(|)Українка, Київська, вул.Соснова, 4(|)
{"#",47e6dd42-cd5c-4e3a-9bc4-14816ed53d38,66:ae9a001517d39cec11e3fca3cae87e78}(|){"#",a2b5aac2-33a7-41ec-878c-7dd928ac85cf,184:ae9a001517d39cec11e3fca610d857ed}(|)Київ, Київська, вул.Сирецька, 33-Г(|)
{"#",47e6dd42-cd5c-4e3a-9bc4-14816ed53d38,66:ae9a001517d39cec11e3fca1cffae08d}(|){"#",a2b5aac2-33a7-41ec-878c-7dd928ac85cf,184:ae9a001517d39cec11e3fca610d857ef}(|)Київ, Київська, вул.Скляренка Семена, 5(|)
{"#",47e6dd42-cd5c-4e3a-9bc4-14816ed53d38,66:ae9a001517d39cec11e3fca0edab299c}(|){"#",a2b5aac2-33a7-41ec-878c-7dd928ac85cf,184:ae9a001517d39cec11e3fca610d857f2}(|)Бахмач, Чернігівська, вул.Тиницька, 15(|)
{"#",47e6dd42-cd5c-4e3a-9bc4-14816ed53d38,66:ae9a001517d39cec11e3fca0b6bd3c12}(|){"#",a2b5aac2-33a7-41ec-878c-7dd928ac85cf,184:ae9a001517d39cec11e3fca610d857f4}(|)Київ, Київська, вул.Автозаводська, 2(|)
{"#",47e6dd42-cd5c-4e3a-9bc4-14816ed53d38,66:ae9a001517d39cec11e3fca10c5d705b}(|){"#",a2b5aac2-33a7-41ec-878c-7dd928ac85cf,184:ae9a001517d39cec11e3fca610d857f6}(|)Київ, Київська, вул.Радищева, 6(|)
{"#",47e6dd42-cd5c-4e3a-9bc4-14816ed53d38,66:ae9a001517d39cec11e3fca19efe0f66}(|){"#",a2b5aac2-33a7-41ec-878c-7dd928ac85cf,184:ae9a001517d39cec11e3fca610d857fe}(|)Ніжин, Чернігівська, вул.Шевченка, 4(|)
{"#",47e6dd42-cd5c-4e3a-9bc4-14816ed53d38,66:ae9a001517d39cec11e3fca0e787fbed}(|){"#",a2b5aac2-33a7-41ec-878c-7dd928ac85cf,184:ae9a001517d39cec11e3fca610d85800}(|)Ніжин, Чернігівська, вул.3-й Мікрорайон, 2-В(|)
{"#",47e6dd42-cd5c-4e3a-9bc4-14816ed53d38,66:ae9a001517d39cec11e3fca23e197d7b}(|){"#",a2b5aac2-33a7-41ec-878c-7dd928ac85cf,184:ae9a001517d39cec11e3fca610d85802}(|)Гоголів(Броварський р-н), Київська, вул.Ватутіна, 1(|)
{"#",47e6dd42-cd5c-4e3a-9bc4-14816ed53d38,66:ae9a001517d39cec11e3fca2c4526030}(|){"#",a2b5aac2-33a7-41ec-878c-7dd928ac85cf,184:ae9a001517d39cec11e3fca610d85804}(|)Бориспіль, Київська, вул.Київський Шлях, 121(|)
{"#",47e6dd42-cd5c-4e3a-9bc4-14816ed53d38,66:ae9a001517d39cec11e3fca186c00640}(|){"#",a2b5aac2-33a7-41ec-878c-7dd928ac85cf,184:ae9a001517d39cec11e3fca610d85806}(|)Бориспіль, Київська, вул.Шолохова, 5-А(|)
{"#",47e6dd42-cd5c-4e3a-9bc4-14816ed53d38,66:ae9a001517d39cec11e3fca1b7433f87}(|){"#",a2b5aac2-33a7-41ec-878c-7dd928ac85cf,184:ae9a001517d39cec11e3fca610d85809}(|)Київ, Київська, вул.Бориспільська, 7(|)
{"#",47e6dd42-cd5c-4e3a-9bc4-14816ed53d38,66:ae9a001517d39cec11e3fca2fc121ca6}(|){"#",a2b5aac2-33a7-41ec-878c-7dd928ac85cf,184:ae9a001517d39cec11e3fca610d8580b}(|)Бориспіль, Київська, вул.Лютнева, 18(|)
{"#",47e6dd42-cd5c-4e3a-9bc4-14816ed53d38,66:ae9a001517d39cec11e3fca1b130c24e}(|){"#",a2b5aac2-33a7-41ec-878c-7dd928ac85cf,184:ae9a001517d39cec11e3fca610d8580d}(|)Київ, Київська, вул.Затишна, 7-Б(|)
{"#",47e6dd42-cd5c-4e3a-9bc4-14816ed53d38,66:b7df001517d39cec11e74b8d14cd5584}(|){"#",a2b5aac2-33a7-41ec-878c-7dd928ac85cf,184:ae9a001517d39cec11e3fca610d8580d}(|)Київ, Київська, вул.Затишна, 7-Б(|)
{"#",47e6dd42-cd5c-4e3a-9bc4-14816ed53d38,66:ae9a001517d39cec11e3fca225bc75ba}(|){"#",a2b5aac2-33a7-41ec-878c-7dd928ac85cf,184:ae9a001517d39cec11e3fca610d8580f}(|)Київ, Київська, вул.Здолбунівська, 1(|)
{"#",47e6dd42-cd5c-4e3a-9bc4-14816ed53d38,66:ae9a001517d39cec11e3fca610d85812}(|){"#",a2b5aac2-33a7-41ec-878c-7dd928ac85cf,184:ae9a001517d39cec11e3fca610d85811}(|)Київ, Київська, вул.Здолбунівська, 7(|)
{"#",47e6dd42-cd5c-4e3a-9bc4-14816ed53d38,66:ae9a001517d39cec11e3fca16217de7b}(|){"#",a2b5aac2-33a7-41ec-878c-7dd928ac85cf,184:ae9a001517d39cec11e3fca610d85814}(|)Київ, Київська, шосеСтоличне, 6(|)
{"#",47e6dd42-cd5c-4e3a-9bc4-14816ed53d38,66:ae9a001517d39cec11e3fca118d37ac6}(|){"#",a2b5aac2-33a7-41ec-878c-7dd928ac85cf,184:ae9a001517d39cec11e3fca610d85816}(|)Київ, Київська, вул.Луценка Дмитра, 16(|)
{"#",47e6dd42-cd5c-4e3a-9bc4-14816ed53d38,66:ae9a001517d39cec11e3fca2e3450673}(|){"#",a2b5aac2-33a7-41ec-878c-7dd928ac85cf,184:ae9a001517d39cec11e3fca610d85820}(|)Одеса, Одеська, вул.Чорноморського Козацтва, 123(|)
{"#",47e6dd42-cd5c-4e3a-9bc4-14816ed53d38,66:ae9a001517d39cec11e3fca616d2fd88}(|){"#",a2b5aac2-33a7-41ec-878c-7dd928ac85cf,184:ae9a001517d39cec11e3fca616d2fd87}(|)Одеса, Одеська, вул.Головатого Отамана, 50(|)
{"#",47e6dd42-cd5c-4e3a-9bc4-14816ed53d38,66:ae9a001517d39cec11e3fca25093b6ed}(|){"#",a2b5aac2-33a7-41ec-878c-7dd928ac85cf,184:ae9a001517d39cec11e3fca616d2fd8a}(|)Одеса, Одеська, вул.Балківська, 5(|)
{"#",47e6dd42-cd5c-4e3a-9bc4-14816ed53d38,66:ae9a001517d39cec11e3fca1126fed8a}(|){"#",a2b5aac2-33a7-41ec-878c-7dd928ac85cf,184:ae9a001517d39cec11e3fca616d2fd8c}(|)Одеса, Одеська, вул.Червонослобідська, 40-А(|)
{"#",47e6dd42-cd5c-4e3a-9bc4-14816ed53d38,66:ae9a001517d39cec11e3fca616d2fd90}(|){"#",a2b5aac2-33a7-41ec-878c-7dd928ac85cf,184:ae9a001517d39cec11e3fca616d2fd8f}(|)Одеса, Одеська, вул.Болгарська, 20(|)
{"#",47e6dd42-cd5c-4e3a-9bc4-14816ed53d38,66:ae9a001517d39cec11e3fca1a4ffdc17}(|){"#",a2b5aac2-33a7-41ec-878c-7dd928ac85cf,184:ae9a001517d39cec11e3fca616d2fd92}(|)Одеса, Одеська, вул.Ольгіївська, 15(|)
{"#",47e6dd42-cd5c-4e3a-9bc4-14816ed53d38,66:ae9a001517d39cec11e3fca39a7f7f0b}(|){"#",a2b5aac2-33a7-41ec-878c-7dd928ac85cf,184:ae9a001517d39cec11e3fca616d2fd94}(|)Одеса, Одеська, вул.Розумовська, 49(|)
{"#",47e6dd42-cd5c-4e3a-9bc4-14816ed53d38,66:ae9a001517d39cec11e3fca124fad786}(|){"#",a2b5aac2-33a7-41ec-878c-7dd928ac85cf,184:ae9a001517d39cec11e3fca616d2fd9a}(|)Одеса, Одеська, вул.Колонтаївська, 27(|)
{"#",47e6dd42-cd5c-4e3a-9bc4-14816ed53d38,66:ae9a001517d39cec11e3fca1dc32ede0}(|){"#",a2b5aac2-33a7-41ec-878c-7dd928ac85cf,184:ae9a001517d39cec11e3fca616d2fd9f}(|)Одеса, Одеська, вул.Грушевського Михайла, 39-А(|)
{"#",47e6dd42-cd5c-4e3a-9bc4-14816ed53d38,66:ae9a001517d39cec11e3fca149a09cfb}(|){"#",a2b5aac2-33a7-41ec-878c-7dd928ac85cf,184:ae9a001517d39cec11e3fca616d2fda1}(|)Одеса, Одеська, вул.Хмельницького Богдана, 32(|)
{"#",47e6dd42-cd5c-4e3a-9bc4-14816ed53d38,66:ae9a001517d39cec11e3fca231e89749}(|){"#",a2b5aac2-33a7-41ec-878c-7dd928ac85cf,184:ae9a001517d39cec11e3fca616d2fda1}(|)Одеса, Одеська, вул.Хмельницького Богдана, 32(|)
{"#",47e6dd42-cd5c-4e3a-9bc4-14816ed53d38,66:ae9a001517d39cec11e3fca26edab3df}(|){"#",a2b5aac2-33a7-41ec-878c-7dd928ac85cf,184:ae9a001517d39cec11e3fca616d2fda5}(|)Одеса, Одеська, вул.Рабіна Іцхака, 24/1(|)
{"#",47e6dd42-cd5c-4e3a-9bc4-14816ed53d38,66:ae9a001517d39cec11e3fca33f38175b}(|){"#",a2b5aac2-33a7-41ec-878c-7dd928ac85cf,184:ae9a001517d39cec11e3fca616d2fda8}(|)Одеса, Одеська, вул.Інглезі (25 Чапаєвської Дивізії), 10(|)
{"#",47e6dd42-cd5c-4e3a-9bc4-14816ed53d38,66:ae9a001517d39cec11e3fca3d11797eb}(|){"#",a2b5aac2-33a7-41ec-878c-7dd928ac85cf,184:ae9a001517d39cec11e3fca616d2fdb3}(|)Охтирка, Сумська, вул.Першотравнева, 68(|)
{"#",47e6dd42-cd5c-4e3a-9bc4-14816ed53d38,66:ae9a001517d39cec11e3fca231e89738}(|){"#",a2b5aac2-33a7-41ec-878c-7dd928ac85cf,184:ae9a001517d39cec11e3fca616d2fdb5}(|)Шостка, Сумська, вул.Привокзальна, 10(|)
{"#",47e6dd42-cd5c-4e3a-9bc4-14816ed53d38,66:ae9a001517d39cec11e3fca07fee4d29}(|){"#",a2b5aac2-33a7-41ec-878c-7dd928ac85cf,184:ae9a001517d39cec11e3fca616d2fdb8}(|)вул.Красіна буд № 17/1, м.Мелітополь, Запорізька обл., 72312(|)
{"#",47e6dd42-cd5c-4e3a-9bc4-14816ed53d38,66:aa930025909438d611e919652ce2387f}(|){"#",a2b5aac2-33a7-41ec-878c-7dd928ac85cf,184:ae9a001517d39cec11e3fca616d2fdba}(|)Кременчук, Полтавська, вул.Леонова, 39(|)
{"#",47e6dd42-cd5c-4e3a-9bc4-14816ed53d38,66:ae9a001517d39cec11e3fca34b394e9a}(|){"#",a2b5aac2-33a7-41ec-878c-7dd928ac85cf,184:ae9a001517d39cec11e3fca616d2fdba}(|)Кременчук, Полтавська, вул.Леонова, 39(|)Леонова буд № 39, м.Кременчуг, Полтавська обл.
{"#",47e6dd42-cd5c-4e3a-9bc4-14816ed53d38,66:ae9a001517d39cec11e3fca12b0fb712}(|){"#",a2b5aac2-33a7-41ec-878c-7dd928ac85cf,184:ae9a001517d39cec11e3fca616d2fdbd}(|)Київ, Київська, вул.Віскозна, 2(|)Київ
{"#",47e6dd42-cd5c-4e3a-9bc4-14816ed53d38,66:ae9a001517d39cec11e3fca3880c6c9e}(|){"#",a2b5aac2-33a7-41ec-878c-7dd928ac85cf,184:ae9a001517d39cec11e3fca616d2fdbf}(|)Василя Тура буд № 78, м.Татарбунари, Одеська обл.(|)
{"#",47e6dd42-cd5c-4e3a-9bc4-14816ed53d38,66:ae9a001517d39cec11e3fca3c4eb7678}(|){"#",a2b5aac2-33a7-41ec-878c-7dd928ac85cf,184:ae9a001517d39cec11e3fca616d2fdc1}(|)Запоріжжя, Запорізька, вул.Чарівна, 163-А(|)
{"#",47e6dd42-cd5c-4e3a-9bc4-14816ed53d38,66:911f001517d39cec11e45e89d5ac14b4}(|){"#",a2b5aac2-33a7-41ec-878c-7dd928ac85cf,184:ae9a001517d39cec11e3fca616d2fdc5}(|)Київ, Київська, вул.Булгакова, 18(|)
{"#",47e6dd42-cd5c-4e3a-9bc4-14816ed53d38,66:9c80001517d39cec11e4a0b2ebb4b44e}(|){"#",a2b5aac2-33a7-41ec-878c-7dd928ac85cf,184:ae9a001517d39cec11e3fca616d2fdc5}(|)Київ, Київська, вул.Булгакова, 18(|)
{"#",47e6dd42-cd5c-4e3a-9bc4-14816ed53d38,66:9cb8001517d39cec11e7d67eb3d2e73a}(|){"#",a2b5aac2-33a7-41ec-878c-7dd928ac85cf,184:ae9a001517d39cec11e3fca616d2fdc5}(|)Київ, Київська, вул.Булгакова, 18(|)
{"#",47e6dd42-cd5c-4e3a-9bc4-14816ed53d38,66:aa8f0025909438d711e86d8823452c93}(|){"#",a2b5aac2-33a7-41ec-878c-7dd928ac85cf,184:ae9a001517d39cec11e3fca616d2fdc5}(|)Київ, Київська, вул.Булгакова, 18(|)
{"#",47e6dd42-cd5c-4e3a-9bc4-14816ed53d38,66:aa900025909438d711e895b2affd5fb6}(|){"#",a2b5aac2-33a7-41ec-878c-7dd928ac85cf,184:ae9a001517d39cec11e3fca616d2fdc5}(|)Київ, Київська, вул.Булгакова, 18(|)
{"#",47e6dd42-cd5c-4e3a-9bc4-14816ed53d38,66:aa990025909438d611eab9e267ce06be}(|){"#",a2b5aac2-33a7-41ec-878c-7dd928ac85cf,184:ae9a001517d39cec11e3fca616d2fdc5}(|)Київ, Київська, вул.Булгакова, 18(|)
{"#",47e6dd42-cd5c-4e3a-9bc4-14816ed53d38,66:ae63001517d39cec11e6734b91403728}(|){"#",a2b5aac2-33a7-41ec-878c-7dd928ac85cf,184:ae9a001517d39cec11e3fca616d2fdc5}(|)Київ, Київська, вул.Булгакова, 18(|)
{"#",47e6dd42-cd5c-4e3a-9bc4-14816ed53d38,66:ae9a001517d39cec11e3fc9fe9324117}(|){"#",a2b5aac2-33a7-41ec-878c-7dd928ac85cf,184:ae9a001517d39cec11e3fca616d2fdc5}(|)Київ, Київська, вул.Булгакова, 18(|)
{"#",47e6dd42-cd5c-4e3a-9bc4-14816ed53d38,66:ae9a001517d39cec11e3fc9fe932411d}(|){"#",a2b5aac2-33a7-41ec-878c-7dd928ac85cf,184:ae9a001517d39cec11e3fca616d2fdc5}(|)Київ, Київська, вул.Булгакова, 18(|)
{"#",47e6dd42-cd5c-4e3a-9bc4-14816ed53d38,66:ae9a001517d39cec11e3fca616d2fdc7}(|){"#",a2b5aac2-33a7-41ec-878c-7dd928ac85cf,184:ae9a001517d39cec11e3fca616d2fdc5}(|)Київ, Київська, вул.Булгакова, 18(|)
{"#",47e6dd42-cd5c-4e3a-9bc4-14816ed53d38,66:ae9a001517d39cec11e3fca268ca9900}(|){"#",a2b5aac2-33a7-41ec-878c-7dd928ac85cf,184:ae9a001517d39cec11e3fca616d2fdcb}(|)Конотоп, Сумська, вул.Квартальна, 23(|)
{"#",47e6dd42-cd5c-4e3a-9bc4-14816ed53d38,66:ae9a001517d39cec11e3fca616d2fdce}(|){"#",a2b5aac2-33a7-41ec-878c-7dd928ac85cf,184:ae9a001517d39cec11e3fca616d2fdcd}(|)Буринь, Сумська, вул.Бєдного Дем'яна, 4(|)
{"#",47e6dd42-cd5c-4e3a-9bc4-14816ed53d38,66:ae9a001517d39cec11e3fca61cd00595}(|){"#",a2b5aac2-33a7-41ec-878c-7dd928ac85cf,184:ae9a001517d39cec11e3fca61cd00594}(|)Глухів (Сумська обл.), Сумська, вул.Путивльська, 62(|)
{"#",47e6dd42-cd5c-4e3a-9bc4-14816ed53d38,66:ae9a001517d39cec11e3fca2d0a96bff}(|){"#",a2b5aac2-33a7-41ec-878c-7dd928ac85cf,184:ae9a001517d39cec11e3fca61cd00598}(|)Авторинок Центральний, Ромни, Сумська(|)
{"#",47e6dd42-cd5c-4e3a-9bc4-14816ed53d38,66:ae9a001517d39cec11e3fca3d11797f1}(|){"#",a2b5aac2-33a7-41ec-878c-7dd928ac85cf,184:ae9a001517d39cec11e3fca61cd0059d}(|)Кролевець, Сумська, вул.Прорізна, 8(|)
{"#",47e6dd42-cd5c-4e3a-9bc4-14816ed53d38,66:ae9a001517d39cec11e3fca1f470f6ea}(|){"#",a2b5aac2-33a7-41ec-878c-7dd928ac85cf,184:ae9a001517d39cec11e3fca61cd0059f}(|)Кролевець, Сумська, вул.Тельмана, 29(|)
{"#",47e6dd42-cd5c-4e3a-9bc4-14816ed53d38,66:ae9a001517d39cec11e3fca100197762}(|){"#",a2b5aac2-33a7-41ec-878c-7dd928ac85cf,184:ae9a001517d39cec11e3fca61cd005a1}(|)Шостка, Сумська, вул.Кірова, 20(|)
{"#",47e6dd42-cd5c-4e3a-9bc4-14816ed53d38,66:ae9a001517d39cec11e3fca11eed1f11}(|){"#",a2b5aac2-33a7-41ec-878c-7dd928ac85cf,184:ae9a001517d39cec11e3fca61cd005a1}(|)Шостка, Сумська, вул.Кірова, 20(|)
{"#",47e6dd42-cd5c-4e3a-9bc4-14816ed53d38,66:ae9a001517d39cec11e3fca174541ad4}(|){"#",a2b5aac2-33a7-41ec-878c-7dd928ac85cf,184:ae9a001517d39cec11e3fca61cd005a1}(|)Шостка, Сумська, вул.Кірова, 20(|)
{"#",47e6dd42-cd5c-4e3a-9bc4-14816ed53d38,66:ae9a001517d39cec11e3fca3c4eb7669}(|){"#",a2b5aac2-33a7-41ec-878c-7dd928ac85cf,184:ae9a001517d39cec11e3fca61cd005a1}(|)Шостка, Сумська, вул.Кірова, 20(|)
{"#",47e6dd42-cd5c-4e3a-9bc4-14816ed53d38,66:ae9a001517d39cec11e3fca2e3450670}(|){"#",a2b5aac2-33a7-41ec-878c-7dd928ac85cf,184:ae9a001517d39cec11e3fca61cd005a6}(|)Новгород-Сіверський, Чернігівська, вул.Шевченка, 23(|)
{"#",47e6dd42-cd5c-4e3a-9bc4-14816ed53d38,66:ae9a001517d39cec11e3fca1bd74bb52}(|){"#",a2b5aac2-33a7-41ec-878c-7dd928ac85cf,184:ae9a001517d39cec11e3fca61cd005a8}(|)Новгород-Сіверський, Чернігівська, вул.Базарна, 2(|)
{"#",47e6dd42-cd5c-4e3a-9bc4-14816ed53d38,66:ae9a001517d39cec11e3fca1bd74bb4c}(|){"#",a2b5aac2-33a7-41ec-878c-7dd928ac85cf,184:ae9a001517d39cec11e3fca61cd005aa}(|)Новгород-Сіверський, Чернігівська, вул.Леніна, 2(|)
{"#",47e6dd42-cd5c-4e3a-9bc4-14816ed53d38,66:ae9a001517d39cec11e3fca3c4eb7665}(|){"#",a2b5aac2-33a7-41ec-878c-7dd928ac85cf,184:ae9a001517d39cec11e3fca61cd005ac}(|)Семенівка(Чернігівська обл.), Чернігівська, вул.Червона Площа, 39(|)
{"#",47e6dd42-cd5c-4e3a-9bc4-14816ed53d38,66:ae9a001517d39cec11e3fca3085150e8}(|){"#",a2b5aac2-33a7-41ec-878c-7dd928ac85cf,184:ae9a001517d39cec11e3fca61cd005af}(|)Київ, Київська, вул.Бережанська, 28-А(|)
{"#",47e6dd42-cd5c-4e3a-9bc4-14816ed53d38,66:ae9a001517d39cec11e3fca2f5ea2a34}(|){"#",a2b5aac2-33a7-41ec-878c-7dd928ac85cf,184:ae9a001517d39cec11e3fca61cd005b3}(|)Прилуки, Чернігівська, вул.Пирятинська, 50(|)
{"#",47e6dd42-cd5c-4e3a-9bc4-14816ed53d38,66:ae9a001517d39cec11e3fca375de7e66}(|){"#",a2b5aac2-33a7-41ec-878c-7dd928ac85cf,184:ae9a001517d39cec11e3fca61cd005b7}(|)Київ, Київська, вул.Межигірська, 82(|)
{"#",47e6dd42-cd5c-4e3a-9bc4-14816ed53d38,66:ae9a001517d39cec11e3fca3880c6ca3}(|){"#",a2b5aac2-33a7-41ec-878c-7dd928ac85cf,184:ae9a001517d39cec11e3fca61cd005ba}(|)Жовква, Львівська, вул.Запорізька, 7/1(|)
{"#",47e6dd42-cd5c-4e3a-9bc4-14816ed53d38,66:ae9a001517d39cec11e3fca155ee1f53}(|){"#",a2b5aac2-33a7-41ec-878c-7dd928ac85cf,184:ae9a001517d39cec11e3fca61cd005bc}(|)Київ, Київська, вул.Деревообробна, 5(|)Деревообробна буд № 5, Київ, Київська, Київська
{"#",47e6dd42-cd5c-4e3a-9bc4-14816ed53d38,66:ae9a001517d39cec11e3fca2199518fd}(|){"#",a2b5aac2-33a7-41ec-878c-7dd928ac85cf,184:ae9a001517d39cec11e3fca61cd005be}(|)Авторинок Куяльник (Яма), Одеса, Одеська(|)
{"#",47e6dd42-cd5c-4e3a-9bc4-14816ed53d38,66:ae9a001517d39cec11e3fca394578cb3}(|){"#",a2b5aac2-33a7-41ec-878c-7dd928ac85cf,184:ae9a001517d39cec11e3fca61cd005c0}(|)Чернігів, Чернігівська, вул.Рокосовського, 35(|)
{"#",47e6dd42-cd5c-4e3a-9bc4-14816ed53d38,66:ae9a001517d39cec11e3fca2be3b1e39}(|){"#",a2b5aac2-33a7-41ec-878c-7dd928ac85cf,184:ae9a001517d39cec11e3fca61cd005c2}(|)Чернігів, Чернігівська, просп.Миру, 192(|)
{"#",47e6dd42-cd5c-4e3a-9bc4-14816ed53d38,66:ae9a001517d39cec11e3fca32695eb7d}(|){"#",a2b5aac2-33a7-41ec-878c-7dd928ac85cf,184:ae9a001517d39cec11e3fca61cd005c4}(|)Чугуїв, Харківська, вул.Харківська, 127(|)
{"#",47e6dd42-cd5c-4e3a-9bc4-14816ed53d38,66:ae9a001517d39cec11e3fca2dd15ed00}(|){"#",a2b5aac2-33a7-41ec-878c-7dd928ac85cf,184:ae9a001517d39cec11e3fca61cd005c8}(|)Требухів, Київська, вул.Першотравнева, 9-А(|)
{"#",47e6dd42-cd5c-4e3a-9bc4-14816ed53d38,66:ae9a001517d39cec11e3fca3085150ed}(|){"#",a2b5aac2-33a7-41ec-878c-7dd928ac85cf,184:ae9a001517d39cec11e3fca61cd005cb}(|)Коцюбинське, Київська, вул.Пономарьова, 3(|)
{"#",47e6dd42-cd5c-4e3a-9bc4-14816ed53d38,66:ae9a001517d39cec11e3fca3ac9f1f3a}(|){"#",a2b5aac2-33a7-41ec-878c-7dd928ac85cf,184:ae9a001517d39cec11e3fca61cd005ce}(|)Київ, Київська, бульварВацлава Гавели (Лепсе Івана), 16(|)
{"#",47e6dd42-cd5c-4e3a-9bc4-14816ed53d38,66:ae9a001517d39cec11e3fca2dd15ed02}(|){"#",a2b5aac2-33a7-41ec-878c-7dd928ac85cf,184:ae9a001517d39cec11e3fca61cd005d0}(|)Пухівка, Київська, вул.Промислова, Радгоспна22(|)
{"#",47e6dd42-cd5c-4e3a-9bc4-14816ed53d38,66:ae9a001517d39cec11e3fca219951902}(|){"#",a2b5aac2-33a7-41ec-878c-7dd928ac85cf,184:ae9a001517d39cec11e3fca61cd005d2}(|)Дніпро, Дніпропетровська, вул.Ларіонова Валентина, 145(|)
{"#",47e6dd42-cd5c-4e3a-9bc4-14816ed53d38,66:ae9a001517d39cec11e3fca3085150ee}(|){"#",a2b5aac2-33a7-41ec-878c-7dd928ac85cf,184:ae9a001517d39cec11e3fca61cd005d4}(|)Авторинок Тракторозаводський, Харків, Харківська(|)
{"#",47e6dd42-cd5c-4e3a-9bc4-14816ed53d38,66:ae9a001517d39cec11e3fca2ef9c1235}(|){"#",a2b5aac2-33a7-41ec-878c-7dd928ac85cf,184:ae9a001517d39cec11e3fca61cd005d6}(|)Ірпінь, Київська, вул.Антонова (Ленінградська), 5(|)
{"#",47e6dd42-cd5c-4e3a-9bc4-14816ed53d38,66:ae9a001517d39cec11e3fca3880c6ca4}(|){"#",a2b5aac2-33a7-41ec-878c-7dd928ac85cf,184:ae9a001517d39cec11e3fca61cd005d9}(|)Харків, Харківська, вул.Тобольська, 49(|)
{"#",47e6dd42-cd5c-4e3a-9bc4-14816ed53d38,66:ae9a001517d39cec11e3fca61cd005da}(|){"#",a2b5aac2-33a7-41ec-878c-7dd928ac85cf,184:ae9a001517d39cec11e3fca61cd005d9}(|)Харків, Харківська, вул.Тобольська, 49(|)
{"#",47e6dd42-cd5c-4e3a-9bc4-14816ed53d38,66:ae9a001517d39cec11e3fca3ac9f1f3b}(|){"#",a2b5aac2-33a7-41ec-878c-7dd928ac85cf,184:ae9a001517d39cec11e3fca61cd005dd}(|)Харків, Харківська, вул.Північна, 16(|)
{"#",47e6dd42-cd5c-4e3a-9bc4-14816ed53d38,66:ae9a001517d39cec11e3fca2873ee29e}(|){"#",a2b5aac2-33a7-41ec-878c-7dd928ac85cf,184:ae9a001517d39cec11e3fca61cd005df}(|)Київ, Київська, набережнаДніпровська, 18(|)
{"#",47e6dd42-cd5c-4e3a-9bc4-14816ed53d38,66:ae9a001517d39cec11e3fca3ac9f1f3c}(|){"#",a2b5aac2-33a7-41ec-878c-7dd928ac85cf,184:ae9a001517d39cec11e3fca61cd005e1}(|)Харків, Харківська, просп.Гагаріна, 150(|)
{"#",47e6dd42-cd5c-4e3a-9bc4-14816ed53d38,66:ae9a001517d39cec11e3fca2abb4f8f6}(|){"#",a2b5aac2-33a7-41ec-878c-7dd928ac85cf,184:ae9a001517d39cec11e3fca61cd005e3}(|)Київ, Київська, пров.Хоткевича Гната (Червоногвардійський), 38-А(|)
{"#",47e6dd42-cd5c-4e3a-9bc4-14816ed53d38,66:ae9a001517d39cec11e3fca2abb4f90a}(|){"#",a2b5aac2-33a7-41ec-878c-7dd928ac85cf,184:ae9a001517d39cec11e3fca622d6970a}(|)Балівка, Дніпропетровська, вул.Леніна, 50(|)
{"#",47e6dd42-cd5c-4e3a-9bc4-14816ed53d38,66:ae9a001517d39cec11e3fca1dc32edcd}(|){"#",a2b5aac2-33a7-41ec-878c-7dd928ac85cf,184:ae9a001517d39cec11e3fca622d69713}(|)Дніпро, Дніпропетровська, просп.Орлика Пилипа (Ілліча), 2/2(|)
{"#",47e6dd42-cd5c-4e3a-9bc4-14816ed53d38,66:ae9a001517d39cec11e3fca34b394e91}(|){"#",a2b5aac2-33a7-41ec-878c-7dd928ac85cf,184:ae9a001517d39cec11e3fca622d69715}(|)Дніпро, Дніпропетровська, просп.Хмельницького Богдана, 24(|)
{"#",47e6dd42-cd5c-4e3a-9bc4-14816ed53d38,66:ae9a001517d39cec11e3fca3d11797e7}(|){"#",a2b5aac2-33a7-41ec-878c-7dd928ac85cf,184:ae9a001517d39cec11e3fca622d69719}(|)Дніпро, Дніпропетровська, вул.Набережна Заводська, 96(|)
{"#",47e6dd42-cd5c-4e3a-9bc4-14816ed53d38,66:ae9a001517d39cec11e3fca39a7f7f17}(|){"#",a2b5aac2-33a7-41ec-878c-7dd928ac85cf,184:ae9a001517d39cec11e3fca622d6971b}(|)Дніпро, Дніпропетровська, вул.Набережна Заводська, 98(|)
{"#",47e6dd42-cd5c-4e3a-9bc4-14816ed53d38,66:ae9a001517d39cec11e3fca24a53ed0b}(|){"#",a2b5aac2-33a7-41ec-878c-7dd928ac85cf,184:ae9a001517d39cec11e3fca622d6971d}(|)Дніпро, Дніпропетровська, вул.Яснополянська, 18(|)
{"#",47e6dd42-cd5c-4e3a-9bc4-14816ed53d38,66:ae9a001517d39cec11e3fca3dd41570f}(|){"#",a2b5aac2-33a7-41ec-878c-7dd928ac85cf,184:ae9a001517d39cec11e3fca622d69726}(|)Павлоград, Дніпропетровська, вул.Гагаріна, 7(|)
{"#",47e6dd42-cd5c-4e3a-9bc4-14816ed53d38,66:ae9a001517d39cec11e3fca32695eb8f}(|){"#",a2b5aac2-33a7-41ec-878c-7dd928ac85cf,184:ae9a001517d39cec11e3fca622d69729}(|)Піщанка(Дніпропетровська обл.), Дніпропетровська, вул.Леніна, 8(|)
{"#",47e6dd42-cd5c-4e3a-9bc4-14816ed53d38,66:ae9a001517d39cec11e3fca29f94c340}(|){"#",a2b5aac2-33a7-41ec-878c-7dd928ac85cf,184:ae9a001517d39cec11e3fca622d6972b}(|)Підгородне (Дніпропетровська обл.), Дніпропетровська, вул.Нова, 45(|)
{"#",47e6dd42-cd5c-4e3a-9bc4-14816ed53d38,66:ae9a001517d39cec11e3fca24a53ed15}(|){"#",a2b5aac2-33a7-41ec-878c-7dd928ac85cf,184:ae9a001517d39cec11e3fca622d6972d}(|)Дніпро, Дніпропетровська, вул.Березинська, 27-Д(|)
{"#",47e6dd42-cd5c-4e3a-9bc4-14816ed53d38,66:ae9a001517d39cec11e3fca30e4bf69a}(|){"#",a2b5aac2-33a7-41ec-878c-7dd928ac85cf,184:ae9a001517d39cec11e3fca622d6972f}(|)Дніпро, Дніпропетровська, просп.Миру, 49(|)
{"#",47e6dd42-cd5c-4e3a-9bc4-14816ed53d38,66:ae9a001517d39cec11e3fca237fd76ca}(|){"#",a2b5aac2-33a7-41ec-878c-7dd928ac85cf,184:ae9a001517d39cec11e3fca622d69731}(|)Дніпро, Дніпропетровська, шосеДонецьке, 2-Б(|)
{"#",47e6dd42-cd5c-4e3a-9bc4-14816ed53d38,66:ae9a001517d39cec11e3fca1436597bb}(|){"#",a2b5aac2-33a7-41ec-878c-7dd928ac85cf,184:ae9a001517d39cec11e3fca622d69733}(|)Вишневе, Київська, пров.Чорновола В'ячеслава, 30(|)
{"#",47e6dd42-cd5c-4e3a-9bc4-14816ed53d38,66:ae9a001517d39cec11e3fca262c8cc38}(|){"#",a2b5aac2-33a7-41ec-878c-7dd928ac85cf,184:ae9a001517d39cec11e3fca622d69735}(|)пер.Островского буд № 6, смт.Тарасівка, Київська обл.(|)
{"#",47e6dd42-cd5c-4e3a-9bc4-14816ed53d38,66:ae9a001517d39cec11e3fca08c2d817c}(|){"#",a2b5aac2-33a7-41ec-878c-7dd928ac85cf,184:ae9a001517d39cec11e3fca622d69737}(|)Боярка, Київська, вул.Білогородська, 45(|)
{"#",47e6dd42-cd5c-4e3a-9bc4-14816ed53d38,66:ae9a001517d39cec11e3fca1c39cadbc}(|){"#",a2b5aac2-33a7-41ec-878c-7dd928ac85cf,184:ae9a001517d39cec11e3fca622d69737}(|)Боярка, Київська, вул.Білогородська, 45(|)
{"#",47e6dd42-cd5c-4e3a-9bc4-14816ed53d38,66:ae9a001517d39cec11e3fca38e4771ca}(|){"#",a2b5aac2-33a7-41ec-878c-7dd928ac85cf,184:ae9a001517d39cec11e3fca622d69739}(|)Білогородка (Київська обл.), Київська, вул.Леніна, 60(|)
{"#",47e6dd42-cd5c-4e3a-9bc4-14816ed53d38,66:ae9a001517d39cec11e3fca1f470f6fb}(|){"#",a2b5aac2-33a7-41ec-878c-7dd928ac85cf,184:ae9a001517d39cec11e3fca622d6973b}(|)Боярка, Київська, вул.Гоголя, 50(|)
{"#",47e6dd42-cd5c-4e3a-9bc4-14816ed53d38,66:ae9a001517d39cec11e3fca3bee02042}(|){"#",a2b5aac2-33a7-41ec-878c-7dd928ac85cf,184:ae9a001517d39cec11e3fca622d6973d}(|)Боярка, Київська, вул.Магістральна, 6(|)
{"#",47e6dd42-cd5c-4e3a-9bc4-14816ed53d38,66:ae9a001517d39cec11e3fca0e787fbe4}(|){"#",a2b5aac2-33a7-41ec-878c-7dd928ac85cf,184:ae9a001517d39cec11e3fca622d6973f}(|)Боярка, Київська, вул.Магістральна, 31(|)
{"#",47e6dd42-cd5c-4e3a-9bc4-14816ed53d38,66:ae9a001517d39cec11e3fca23e197d75}(|){"#",a2b5aac2-33a7-41ec-878c-7dd928ac85cf,184:ae9a001517d39cec11e3fca622d69741}(|)Вишневе, Київська, вул.Київська, 6-А(|)
{"#",47e6dd42-cd5c-4e3a-9bc4-14816ed53d38,66:ae9a001517d39cec11e3fca2199518fb}(|){"#",a2b5aac2-33a7-41ec-878c-7dd928ac85cf,184:ae9a001517d39cec11e3fca622d69745}(|)пр-т Панфілова буд № 124, кв. 2, м.Донецьк, 83087(|)
{"#",47e6dd42-cd5c-4e3a-9bc4-14816ed53d38,66:ae9a001517d39cec11e3fca2be3b1e37}(|){"#",a2b5aac2-33a7-41ec-878c-7dd928ac85cf,184:ae9a001517d39cec11e3fca622d69747}(|)Путивль, Сумська, вул.Кірова, 41(|)
{"#",47e6dd42-cd5c-4e3a-9bc4-14816ed53d38,66:ae9a001517d39cec11e3fca0aa852ee2}(|){"#",a2b5aac2-33a7-41ec-878c-7dd928ac85cf,184:ae9a001517d39cec11e3fca622d69749}(|)Глухів (Сумська обл.), Сумська, вул.Пушкіна, 85-Б(|)
{"#",47e6dd42-cd5c-4e3a-9bc4-14816ed53d38,66:ae9a001517d39cec11e3fca22beb8f2f}(|){"#",a2b5aac2-33a7-41ec-878c-7dd928ac85cf,184:ae9a001517d39cec11e3fca622d6974b}(|)Глухів (Сумська обл.), Сумська, вул.Ціолковського, 6(|)
{"#",47e6dd42-cd5c-4e3a-9bc4-14816ed53d38,66:ae9a001517d39cec11e3fca622d69750}(|){"#",a2b5aac2-33a7-41ec-878c-7dd928ac85cf,184:ae9a001517d39cec11e3fca622d6974f}(|)Глухів (Сумська обл.), Сумська, пров.Радянський, 2-А(|)
{"#",47e6dd42-cd5c-4e3a-9bc4-14816ed53d38,66:ae9a001517d39cec11e3fca24a53ed14}(|){"#",a2b5aac2-33a7-41ec-878c-7dd928ac85cf,184:ae9a001517d39cec11e3fca622d69752}(|)Глухів (Сумська обл.), Сумська, вул.Суворова, 30(|)
{"#",47e6dd42-cd5c-4e3a-9bc4-14816ed53d38,66:ae9a001517d39cec11e3fca0aa852ee3}(|){"#",a2b5aac2-33a7-41ec-878c-7dd928ac85cf,184:ae9a001517d39cec11e3fca622d69754}(|)Глухів (Сумська обл.), Сумська, вул.Марченка, 5(|)
{"#",47e6dd42-cd5c-4e3a-9bc4-14816ed53d38,66:ae9a001517d39cec11e3fca085fe6813}(|){"#",a2b5aac2-33a7-41ec-878c-7dd928ac85cf,184:ae9a001517d39cec11e3fca622d69756}(|)Глухів (Сумська обл.), Сумська, вул.Першотравнева, 10(|)
{"#",47e6dd42-cd5c-4e3a-9bc4-14816ed53d38,66:ae9a001517d39cec11e3fca0d533e816}(|){"#",a2b5aac2-33a7-41ec-878c-7dd928ac85cf,184:ae9a001517d39cec11e3fca622d69758}(|)Путивль, Сумська, вул.Червоноармійська, 11(|)
{"#",47e6dd42-cd5c-4e3a-9bc4-14816ed53d38,66:ae9a001517d39cec11e3fca22beb8f2d}(|){"#",a2b5aac2-33a7-41ec-878c-7dd928ac85cf,184:ae9a001517d39cec11e3fca628d60173}(|)Путивль, Сумська, вул.1-го Травня, 13(|)
{"#",47e6dd42-cd5c-4e3a-9bc4-14816ed53d38,66:ae9a001517d39cec11e3fca3dd415707}(|){"#",a2b5aac2-33a7-41ec-878c-7dd928ac85cf,184:ae9a001517d39cec11e3fca628d60175}(|)Путивль, Сумська, вул.Новосільська, 117(|)
{"#",47e6dd42-cd5c-4e3a-9bc4-14816ed53d38,66:ae9a001517d39cec11e3fca0b0b6aab3}(|){"#",a2b5aac2-33a7-41ec-878c-7dd928ac85cf,184:ae9a001517d39cec11e3fca628d60179}(|)Білопілля, Сумська, вул.Леніна, 79(|)
{"#",47e6dd42-cd5c-4e3a-9bc4-14816ed53d38,66:ae9a001517d39cec11e3fca35171f16b}(|){"#",a2b5aac2-33a7-41ec-878c-7dd928ac85cf,184:ae9a001517d39cec11e3fca628d6017b}(|)Буринь, Сумська, вул.Маркса Карла, 24(|)
{"#",47e6dd42-cd5c-4e3a-9bc4-14816ed53d38,66:ae9a001517d39cec11e3fca13d38e0a1}(|){"#",a2b5aac2-33a7-41ec-878c-7dd928ac85cf,184:ae9a001517d39cec11e3fca628d6017d}(|)Буринь, Сумська, вул.Жовтнева, 102(|)
{"#",47e6dd42-cd5c-4e3a-9bc4-14816ed53d38,66:ae9a001517d39cec11e3fca16e229f14}(|){"#",a2b5aac2-33a7-41ec-878c-7dd928ac85cf,184:ae9a001517d39cec11e3fca628d6017f}(|)Конотоп, Сумська, вул.Троїцька, 76(|)
{"#",47e6dd42-cd5c-4e3a-9bc4-14816ed53d38,66:ae9a001517d39cec11e3fca225bc75ce}(|){"#",a2b5aac2-33a7-41ec-878c-7dd928ac85cf,184:ae9a001517d39cec11e3fca628d60181}(|)Конотоп, Сумська, вул.Троїцька, 25(|)
{"#",47e6dd42-cd5c-4e3a-9bc4-14816ed53d38,66:ae9a001517d39cec11e3fca225bc75cd}(|){"#",a2b5aac2-33a7-41ec-878c-7dd928ac85cf,184:ae9a001517d39cec11e3fca628d60183}(|)Конотоп, Сумська, площаМиру, 28(|)
{"#",47e6dd42-cd5c-4e3a-9bc4-14816ed53d38,66:ae9a001517d39cec11e3fca231e8974c}(|){"#",a2b5aac2-33a7-41ec-878c-7dd928ac85cf,184:ae9a001517d39cec11e3fca628d60185}(|)Конотоп, Сумська, вул.Ковпака, 16(|)
{"#",47e6dd42-cd5c-4e3a-9bc4-14816ed53d38,66:ae9a001517d39cec11e3fca206c2a86e}(|){"#",a2b5aac2-33a7-41ec-878c-7dd928ac85cf,184:ae9a001517d39cec11e3fca628d60187}(|)Бахмач, Чернігівська, вул.Мудрого Ярослава, 11(|)
{"#",47e6dd42-cd5c-4e3a-9bc4-14816ed53d38,66:ae9a001517d39cec11e3fca2008eca5e}(|){"#",a2b5aac2-33a7-41ec-878c-7dd928ac85cf,184:ae9a001517d39cec11e3fca628d60189}(|)Конотоп, Сумська, вул.Професійна, 26(|)
{"#",47e6dd42-cd5c-4e3a-9bc4-14816ed53d38,66:ae9a001517d39cec11e3fc9fdd3109f4}(|){"#",a2b5aac2-33a7-41ec-878c-7dd928ac85cf,184:ae9a001517d39cec11e3fca628d6018b}(|)Авторинок Лоск, Харків, Харківська(|)
{"#",47e6dd42-cd5c-4e3a-9bc4-14816ed53d38,66:ae9a001517d39cec11e3fca394578cb5}(|){"#",a2b5aac2-33a7-41ec-878c-7dd928ac85cf,184:ae9a001517d39cec11e3fca628d6018d}(|)Конотоп, Сумська, вул.Хмельницького Богдана, 6(|)
{"#",47e6dd42-cd5c-4e3a-9bc4-14816ed53d38,66:ae9a001517d39cec11e3fca1d612227a}(|){"#",a2b5aac2-33a7-41ec-878c-7dd928ac85cf,184:ae9a001517d39cec11e3fca628d6018f}(|)Сосниця, Чернігівська, вул.Зелена, 1(|)
{"#",47e6dd42-cd5c-4e3a-9bc4-14816ed53d38,66:ae9a001517d39cec11e3fca23e197d6c}(|){"#",a2b5aac2-33a7-41ec-878c-7dd928ac85cf,184:ae9a001517d39cec11e3fca628d60191}(|)Борзна, Чернігівська, пров.Котовського, 1(|)
{"#",47e6dd42-cd5c-4e3a-9bc4-14816ed53d38,66:ae9a001517d39cec11e3fca1cffae09f}(|){"#",a2b5aac2-33a7-41ec-878c-7dd928ac85cf,184:ae9a001517d39cec11e3fca628d60193}(|)Кролевець, Сумська, вул.8-го Березня, 4(|)
{"#",47e6dd42-cd5c-4e3a-9bc4-14816ed53d38,66:ae9a001517d39cec11e3fca0aa852ee5}(|){"#",a2b5aac2-33a7-41ec-878c-7dd928ac85cf,184:ae9a001517d39cec11e3fca628d60197}(|)Кролевець, Сумська, вул.Виноградова, 35-А(|)
{"#",47e6dd42-cd5c-4e3a-9bc4-14816ed53d38,66:ae9a001517d39cec11e3fca198c7ceda}(|){"#",a2b5aac2-33a7-41ec-878c-7dd928ac85cf,184:ae9a001517d39cec11e3fca628d60199}(|)Кролевець, Сумська, вул.Комсомольська, 18(|)
{"#",47e6dd42-cd5c-4e3a-9bc4-14816ed53d38,66:ae9a001517d39cec11e3fca2750c2fb3}(|){"#",a2b5aac2-33a7-41ec-878c-7dd928ac85cf,184:ae9a001517d39cec11e3fca628d6019b}(|)Шостка, Сумська, вул.Кобилянської Ольги, 20(|)
{"#",47e6dd42-cd5c-4e3a-9bc4-14816ed53d38,66:ae9a001517d39cec11e3fca0edab29a3}(|){"#",a2b5aac2-33a7-41ec-878c-7dd928ac85cf,184:ae9a001517d39cec11e3fca628d6019d}(|)Шостка, Сумська, вул. Депутатська,  15/1, кв.8(|)
{"#",47e6dd42-cd5c-4e3a-9bc4-14816ed53d38,66:ae9a001517d39cec11e3fca1f470f6e9}(|){"#",a2b5aac2-33a7-41ec-878c-7dd928ac85cf,184:ae9a001517d39cec11e3fca628d6019f}(|)Шостка, Сумська, просп.Маркса Карла, 22(|)
{"#",47e6dd42-cd5c-4e3a-9bc4-14816ed53d38,66:ae9a001517d39cec11e3fca262c8cc4c}(|){"#",a2b5aac2-33a7-41ec-878c-7dd928ac85cf,184:ae9a001517d39cec11e3fca628d601a1}(|)Шостка, Сумська, вул. Чернігівська,  11(|)
{"#",47e6dd42-cd5c-4e3a-9bc4-14816ed53d38,66:ae9a001517d39cec11e3fca198c7ced4}(|){"#",a2b5aac2-33a7-41ec-878c-7dd928ac85cf,184:ae9a001517d39cec11e3fca628d601a3}(|)Шостка, Сумська, вул.Чернігівська, 11(|)
{"#",47e6dd42-cd5c-4e3a-9bc4-14816ed53d38,66:ae9a001517d39cec11e3fca073dc658b}(|){"#",a2b5aac2-33a7-41ec-878c-7dd928ac85cf,184:ae9a001517d39cec11e3fca628d601a5}(|)Шостка, Сумська, просп.Маркса Карла, 27(|)
{"#",47e6dd42-cd5c-4e3a-9bc4-14816ed53d38,66:ae9a001517d39cec11e3fca174541ad5}(|){"#",a2b5aac2-33a7-41ec-878c-7dd928ac85cf,184:ae9a001517d39cec11e3fca628d601a7}(|)Шостка, Сумська, вул.Кірова, 12(|)
{"#",47e6dd42-cd5c-4e3a-9bc4-14816ed53d38,66:ae9a001517d39cec11e3fca192cf8b90}(|){"#",a2b5aac2-33a7-41ec-878c-7dd928ac85cf,184:ae9a001517d39cec11e3fca628d601ab}(|)Семенівка(Чернігівська обл.), Чернігівська, вул.Червона Площа, 37(|)
{"#",47e6dd42-cd5c-4e3a-9bc4-14816ed53d38,66:ae9a001517d39cec11e3fca198c7cee7}(|){"#",a2b5aac2-33a7-41ec-878c-7dd928ac85cf,184:ae9a001517d39cec11e3fca628d601ad}(|)Корюківка, Чернігівська, вул.Садова, 79(|)
{"#",47e6dd42-cd5c-4e3a-9bc4-14816ed53d38,66:ae9a001517d39cec11e3fca3c4eb766c}(|){"#",a2b5aac2-33a7-41ec-878c-7dd928ac85cf,184:ae9a001517d39cec11e3fca628d601af}(|)Корюківка, Чернігівська, вул.Вокзальна, 10(|)
{"#",47e6dd42-cd5c-4e3a-9bc4-14816ed53d38,66:ae9a001517d39cec11e3fca2750c2fb8}(|){"#",a2b5aac2-33a7-41ec-878c-7dd928ac85cf,184:ae9a001517d39cec11e3fca628d601b1}(|)Мена, Чернігівська, вул.Червона Площа, 1(|)
{"#",47e6dd42-cd5c-4e3a-9bc4-14816ed53d38,66:ae9a001517d39cec11e3fca2d0a96c0d}(|){"#",a2b5aac2-33a7-41ec-878c-7dd928ac85cf,184:ae9a001517d39cec11e3fca628d601b3}(|)Кам'янське(Дніпропетровська обл), Дніпропетровська, бульварБудівельників, 23-А(|)
{"#",47e6dd42-cd5c-4e3a-9bc4-14816ed53d38,66:ae9a001517d39cec11e3fca2812a031d}(|){"#",a2b5aac2-33a7-41ec-878c-7dd928ac85cf,184:ae9a001517d39cec11e3fca628d601b5}(|)Кв.Степовий буд № 18, кв. 290, м.Луганськ(|)
{"#",47e6dd42-cd5c-4e3a-9bc4-14816ed53d38,66:ae9a001517d39cec11e3fca332c46f60}(|){"#",a2b5aac2-33a7-41ec-878c-7dd928ac85cf,184:ae9a001517d39cec11e3fca628d601b7}(|)Авторинок Героїв Дніпра, Київ, Київська(|)
{"#",47e6dd42-cd5c-4e3a-9bc4-14816ed53d38,66:ae9a001517d39cec11e3fca3e9796445}(|){"#",a2b5aac2-33a7-41ec-878c-7dd928ac85cf,184:ae9a001517d39cec11e3fca628d601bc}(|)Київ, Київська, вул.Зодчих, 5(|)
{"#",47e6dd42-cd5c-4e3a-9bc4-14816ed53d38,66:ae9a001517d39cec11e3fca375de7e62}(|){"#",a2b5aac2-33a7-41ec-878c-7dd928ac85cf,184:ae9a001517d39cec11e3fca628d601c0}(|)Харків, Харківська, вул.Конєва Маршала, 4(|)
{"#",47e6dd42-cd5c-4e3a-9bc4-14816ed53d38,66:ae9a001517d39cec11e3fca628d601c3}(|){"#",a2b5aac2-33a7-41ec-878c-7dd928ac85cf,184:ae9a001517d39cec11e3fca628d601c2}(|)вул.Павловська буд № 13, кв. 105, м.Луганськ, Луганська обл., 91021(|)
{"#",47e6dd42-cd5c-4e3a-9bc4-14816ed53d38,66:ae9a001517d39cec11e3fca2199518fc}(|){"#",a2b5aac2-33a7-41ec-878c-7dd928ac85cf,184:ae9a001517d39cec11e3fca62ed30981}(|)Авторинок Автомобільний, Суми, Сумська(|)
{"#",47e6dd42-cd5c-4e3a-9bc4-14816ed53d38,66:b7df001517d39cec11e775e052eadddc}(|){"#",a2b5aac2-33a7-41ec-878c-7dd928ac85cf,184:ae9a001517d39cec11e3fca62ed30981}(|)Авторинок Автомобільний, Суми, Сумська(|)
{"#",47e6dd42-cd5c-4e3a-9bc4-14816ed53d38,66:ae9a001517d39cec11e3fca37bdde8c1}(|){"#",a2b5aac2-33a7-41ec-878c-7dd928ac85cf,184:ae9a001517d39cec11e3fca62ed30984}(|)Решетилівка, Полтавська, вул.Фрунзе, 2(|)
{"#",47e6dd42-cd5c-4e3a-9bc4-14816ed53d38,66:ae9a001517d39cec11e3fca2873ee29a}(|){"#",a2b5aac2-33a7-41ec-878c-7dd928ac85cf,184:ae9a001517d39cec11e3fca62ed30986}(|)Хмельницький, Хмельницька, вул.Заводська, 161(|)
{"#",47e6dd42-cd5c-4e3a-9bc4-14816ed53d38,66:ae9a001517d39cec11e3fca2fc121ca1}(|){"#",a2b5aac2-33a7-41ec-878c-7dd928ac85cf,184:ae9a001517d39cec11e3fca62ed3098b}(|)Чернігів, Чернігівська, вул.Рокосовського, 42(|)
{"#",47e6dd42-cd5c-4e3a-9bc4-14816ed53d38,66:ae9a001517d39cec11e3fca06dcead01}(|){"#",a2b5aac2-33a7-41ec-878c-7dd928ac85cf,184:ae9a001517d39cec11e3fca62ed3098d}(|)Чернігів, Чернігівська, просп.Миру, 119(|)
{"#",47e6dd42-cd5c-4e3a-9bc4-14816ed53d38,66:ae9a001517d39cec11e3fca2a5a0196a}(|){"#",a2b5aac2-33a7-41ec-878c-7dd928ac85cf,184:ae9a001517d39cec11e3fca62ed3098f}(|)Харків, Харківська, вул.Павлова Академіка, 323(|)
{"#",47e6dd42-cd5c-4e3a-9bc4-14816ed53d38,66:ae9a001517d39cec11e3fca1c9c964d0}(|){"#",a2b5aac2-33a7-41ec-878c-7dd928ac85cf,184:ae9a001517d39cec11e3fca62ed30991}(|)Вишневе, Київська, вул.Київська, 2-В(|)
{"#",47e6dd42-cd5c-4e3a-9bc4-14816ed53d38,66:ae9a001517d39cec11e3fca62ed30994}(|){"#",a2b5aac2-33a7-41ec-878c-7dd928ac85cf,184:ae9a001517d39cec11e3fca62ed30993}(|)Київ, Київська, вул.Київська (Жуляни), 13(|)
{"#",47e6dd42-cd5c-4e3a-9bc4-14816ed53d38,66:ae9a001517d39cec11e3fca0c8fbdad6}(|){"#",a2b5aac2-33a7-41ec-878c-7dd928ac85cf,184:ae9a001517d39cec11e3fca62ed30996}(|)Вишневе, Київська, вул.Київська, 1-Б(|)
{"#",47e6dd42-cd5c-4e3a-9bc4-14816ed53d38,66:ae9a001517d39cec11e3fca31454ea7a}(|){"#",a2b5aac2-33a7-41ec-878c-7dd928ac85cf,184:ae9a001517d39cec11e3fca62ed30998}(|)Авторинок Ореховський, Запоріжжя, Запорізька(|)
{"#",47e6dd42-cd5c-4e3a-9bc4-14816ed53d38,66:ae9a001517d39cec11e3fca27b105ecd}(|){"#",a2b5aac2-33a7-41ec-878c-7dd928ac85cf,184:ae9a001517d39cec11e3fca62ed3099b}(|)Київ, Київська, вул.Волинська, 50(|)
{"#",47e6dd42-cd5c-4e3a-9bc4-14816ed53d38,66:ae9a001517d39cec11e3fca0f3dca562}(|){"#",a2b5aac2-33a7-41ec-878c-7dd928ac85cf,184:ae9a001517d39cec11e3fca62ed3099d}(|)Київ, Київська, с.Гатне, вул Київська53(|)
{"#",47e6dd42-cd5c-4e3a-9bc4-14816ed53d38,66:ae9a001517d39cec11e3fca231e8973e}(|){"#",a2b5aac2-33a7-41ec-878c-7dd928ac85cf,184:ae9a001517d39cec11e3fca62ed3099f}(|)Київ, Київська, с.Гатне, вул Жулянська47(|)
{"#",47e6dd42-cd5c-4e3a-9bc4-14816ed53d38,66:ae9a001517d39cec11e3fca1fa8a9b44}(|){"#",a2b5aac2-33a7-41ec-878c-7dd928ac85cf,184:ae9a001517d39cec11e3fca62ed309a1}(|)Боярка, Київська, вул.Хрещатик, 71(|)
{"#",47e6dd42-cd5c-4e3a-9bc4-14816ed53d38,66:ae9a001517d39cec11e3fca3bee02038}(|){"#",a2b5aac2-33a7-41ec-878c-7dd928ac85cf,184:ae9a001517d39cec11e3fca62ed309a3}(|)Боярка, Київська, вул.Білогородська, 144(|)
{"#",47e6dd42-cd5c-4e3a-9bc4-14816ed53d38,66:ae9a001517d39cec11e3fca106521a35}(|){"#",a2b5aac2-33a7-41ec-878c-7dd928ac85cf,184:ae9a001517d39cec11e3fca62ed309a5}(|)Білогородка (Київська обл.), Київська, вул.Підвальна, 2(|)
{"#",47e6dd42-cd5c-4e3a-9bc4-14816ed53d38,66:ae9a001517d39cec11e3fca155ee1f5f}(|){"#",a2b5aac2-33a7-41ec-878c-7dd928ac85cf,184:ae9a001517d39cec11e3fca62ed309a7}(|)Вишневе, Київська, вул.Київська, 51(|)
{"#",47e6dd42-cd5c-4e3a-9bc4-14816ed53d38,66:ae9a001517d39cec11e3fca10c5d7053}(|){"#",a2b5aac2-33a7-41ec-878c-7dd928ac85cf,184:ae9a001517d39cec11e3fca62ed309a9}(|)Вишневе, Київська, вул.Українки Лесі, 86(|)
{"#",47e6dd42-cd5c-4e3a-9bc4-14816ed53d38,66:ae9a001517d39cec11e3fca1b130c250}(|){"#",a2b5aac2-33a7-41ec-878c-7dd928ac85cf,184:ae9a001517d39cec11e3fca62ed309ab}(|)Вишневе, Київська, вул.Українки Лесі, 70(|)
{"#",47e6dd42-cd5c-4e3a-9bc4-14816ed53d38,66:ae9a001517d39cec11e3fca225bc75bc}(|){"#",a2b5aac2-33a7-41ec-878c-7dd928ac85cf,184:ae9a001517d39cec11e3fca62ed309ad}(|)Вишневе, Київська, вул.Київська, 2(|)
{"#",47e6dd42-cd5c-4e3a-9bc4-14816ed53d38,66:ae9a001517d39cec11e3fca0aa852ed1}(|){"#",a2b5aac2-33a7-41ec-878c-7dd928ac85cf,184:ae9a001517d39cec11e3fca62ed309af}(|)Боярка, Київська, вул.Білогородська, 43(|)
{"#",47e6dd42-cd5c-4e3a-9bc4-14816ed53d38,66:ae9a001517d39cec11e3fca2b810c98f}(|){"#",a2b5aac2-33a7-41ec-878c-7dd928ac85cf,184:ae9a001517d39cec11e3fca62ed309b1}(|)Вишневе, Київська, вул.Ломоносова, 36(|)
{"#",47e6dd42-cd5c-4e3a-9bc4-14816ed53d38,66:ae9a001517d39cec11e3fca25cb64f15}(|){"#",a2b5aac2-33a7-41ec-878c-7dd928ac85cf,184:ae9a001517d39cec11e3fca62ed309b3}(|)Вишневе, Київська, вул.Європейська (Жовтнева), 30(|)
{"#",47e6dd42-cd5c-4e3a-9bc4-14816ed53d38,66:ae9a001517d39cec11e3fca1310a5ce0}(|){"#",a2b5aac2-33a7-41ec-878c-7dd928ac85cf,184:ae9a001517d39cec11e3fca62ed309b8}(|)Вишневе, Київська, вул.Чорновола В'ячеслава, 69(|)
{"#",47e6dd42-cd5c-4e3a-9bc4-14816ed53d38,66:ae9a001517d39cec11e3fca268ca9908}(|){"#",a2b5aac2-33a7-41ec-878c-7dd928ac85cf,184:ae9a001517d39cec11e3fca62ed309ba}(|)Вишневе, Київська, вул.Чорновола В'ячеслава, 32(|)
{"#",47e6dd42-cd5c-4e3a-9bc4-14816ed53d38,66:ae9a001517d39cec11e3fca17a61d355}(|){"#",a2b5aac2-33a7-41ec-878c-7dd928ac85cf,184:ae9a001517d39cec11e3fca62ed309bc}(|)Київ, Київська, дорогаКільцева, 60(|)
{"#",47e6dd42-cd5c-4e3a-9bc4-14816ed53d38,66:ae9a001517d39cec11e3fca35171f164}(|){"#",a2b5aac2-33a7-41ec-878c-7dd928ac85cf,184:ae9a001517d39cec11e3fca62ed309bf}(|)Вишневе, Київська, вул.Чорновола В'ячеслава, 30(|)
{"#",47e6dd42-cd5c-4e3a-9bc4-14816ed53d38,66:ae9a001517d39cec11e3fca3b8bcf2a2}(|){"#",a2b5aac2-33a7-41ec-878c-7dd928ac85cf,184:ae9a001517d39cec11e3fca62ed309c1}(|)Боярка, Київська, вул.Білогородська, 43(|)
{"#",47e6dd42-cd5c-4e3a-9bc4-14816ed53d38,66:ae9a001517d39cec11e3fca118d37ac9}(|){"#",a2b5aac2-33a7-41ec-878c-7dd928ac85cf,184:ae9a001517d39cec11e3fca62ed309c3}(|)Вишневе, Київська, вул.Чорновола В'ячеслава, 2(|)
{"#",47e6dd42-cd5c-4e3a-9bc4-14816ed53d38,66:ae9a001517d39cec11e3fca1681c0da4}(|){"#",a2b5aac2-33a7-41ec-878c-7dd928ac85cf,184:ae9a001517d39cec11e3fca62ed309c5}(|)Вишневе, Київська, вул.Святоюр'ївська, 21(|)
{"#",47e6dd42-cd5c-4e3a-9bc4-14816ed53d38,66:ae9a001517d39cec11e3fca1cffae08c}(|){"#",a2b5aac2-33a7-41ec-878c-7dd928ac85cf,184:ae9a001517d39cec11e3fca62ed309c9}(|)Вишневе, Київська, вул.Київська, 6-Г(|)
{"#",47e6dd42-cd5c-4e3a-9bc4-14816ed53d38,66:ae9a001517d39cec11e3fca39a7f7f0c}(|){"#",a2b5aac2-33a7-41ec-878c-7dd928ac85cf,184:ae9a001517d39cec11e3fca62ed309cd}(|)Вишневе, Київська, вул.Святошинська, 28(|)
{"#",47e6dd42-cd5c-4e3a-9bc4-14816ed53d38,66:aa8e0025909438d711e8290036aee44f}(|){"#",a2b5aac2-33a7-41ec-878c-7dd928ac85cf,184:ae9a001517d39cec11e3fca640be36bf}(|)Львов(|)
{"#",47e6dd42-cd5c-4e3a-9bc4-14816ed53d38,66:ae9a001517d39cec11e3ff26728b3484}(|){"#",a2b5aac2-33a7-41ec-878c-7dd928ac85cf,184:ae9a001517d39cec11e3ff5ef15e61b0}(|)Полтава, Полтавська, вул.Артема, 52(|)Артема буд № 52, м.Полтава
{"#",47e6dd42-cd5c-4e3a-9bc4-14816ed53d38,66:ae9b001517d39cec11e4011fcfc01626}(|){"#",a2b5aac2-33a7-41ec-878c-7dd928ac85cf,184:ae9b001517d39cec11e4012187b9caaa}(|)Магдалинівка, Дніпропетровська, вул.Радянська, 27(|)
{"#",47e6dd42-cd5c-4e3a-9bc4-14816ed53d38,66:ae9b001517d39cec11e40121dea30372}(|){"#",a2b5aac2-33a7-41ec-878c-7dd928ac85cf,184:ae9b001517d39cec11e4012264fae4d5}(|)Магдалинівка, Дніпропетровська, вул.Радянська, 61(|)
{"#",47e6dd42-cd5c-4e3a-9bc4-14816ed53d38,66:ae9b001517d39cec11e401242f7f8337}(|){"#",a2b5aac2-33a7-41ec-878c-7dd928ac85cf,184:ae9b001517d39cec11e40126a7ee6ac4}(|)Магдалинівка, Дніпропетровська, вул.Радянська, 22-А(|)
{"#",47e6dd42-cd5c-4e3a-9bc4-14816ed53d38,66:ae9b001517d39cec11e40126f33105be}(|){"#",a2b5aac2-33a7-41ec-878c-7dd928ac85cf,184:ae9b001517d39cec11e401278e5267b8}(|)Полтава, Полтавська, вул.Панянка, 75-А(|)
{"#",47e6dd42-cd5c-4e3a-9bc4-14816ed53d38,66:ae9b001517d39cec11e40388a0a4a410}(|){"#",a2b5aac2-33a7-41ec-878c-7dd928ac85cf,184:ae9b001517d39cec11e403892422f592}(|)Мерефа, Харківська, вул.Дніпропетровська, 206(|)
{"#",47e6dd42-cd5c-4e3a-9bc4-14816ed53d38,66:ae9b001517d39cec11e4059f2db158b6}(|){"#",a2b5aac2-33a7-41ec-878c-7dd928ac85cf,184:ae9b001517d39cec11e405a05719ef82}(|)Кобеляки, Полтавська, вул.Полтавська, 17(|)
{"#",47e6dd42-cd5c-4e3a-9bc4-14816ed53d38,66:ae9b001517d39cec11e405a334bdc97e}(|){"#",a2b5aac2-33a7-41ec-878c-7dd928ac85cf,184:ae9b001517d39cec11e405a500b3f47c}(|)Світловодськ, Кіровоградська, вул.Героїв України (Леніна), 49(|)
{"#",47e6dd42-cd5c-4e3a-9bc4-14816ed53d38,66:ae9a001517d39cec11e3fecfc6ba074b}(|){"#",a2b5aac2-33a7-41ec-878c-7dd928ac85cf,184:ae9b001517d39cec11e405a70c356c24}(|)Світловодськ, Кіровоградська, вул.Городоцька, 32(|)
{"#",47e6dd42-cd5c-4e3a-9bc4-14816ed53d38,66:ae9b001517d39cec11e405a667326b2a}(|){"#",a2b5aac2-33a7-41ec-878c-7dd928ac85cf,184:ae9b001517d39cec11e405a70c356c24}(|)Світловодськ, Кіровоградська, вул.Городоцька, 32(|)
{"#",47e6dd42-cd5c-4e3a-9bc4-14816ed53d38,66:ae9b001517d39cec11e405d62ea0fc40}(|){"#",a2b5aac2-33a7-41ec-878c-7dd928ac85cf,184:ae9b001517d39cec11e405d70a2b65a2}(|)Дніпро, Дніпропетровська, вул.Каштанова, 15(|)
{"#",47e6dd42-cd5c-4e3a-9bc4-14816ed53d38,66:ae9b001517d39cec11e408298e8b1660}(|){"#",a2b5aac2-33a7-41ec-878c-7dd928ac85cf,184:ae9b001517d39cec11e4082a3f7c3bb4}(|)Кобеляки, Полтавська, площаПеремоги, 3(|)
{"#",47e6dd42-cd5c-4e3a-9bc4-14816ed53d38,66:ae9b001517d39cec11e408ca30db4551}(|){"#",a2b5aac2-33a7-41ec-878c-7dd928ac85cf,184:ae9b001517d39cec11e408cb59104cc2}(|)Авторинок Ринок, Мерефа, Харківська(|)
{"#",47e6dd42-cd5c-4e3a-9bc4-14816ed53d38,66:ae9b001517d39cec11e40bebea69b9d8}(|){"#",a2b5aac2-33a7-41ec-878c-7dd928ac85cf,184:ae9b001517d39cec11e40bed9d0ae890}(|)Харків, Харківська, вул.Клочківська, 250(|)
{"#",47e6dd42-cd5c-4e3a-9bc4-14816ed53d38,66:ae9b001517d39cec11e40bf1bf361918}(|){"#",a2b5aac2-33a7-41ec-878c-7dd928ac85cf,184:ae9b001517d39cec11e40bf2ee18969c}(|)Київ, Київська, вул.Зодчих, 5-А(|)пав. №11
{"#",47e6dd42-cd5c-4e3a-9bc4-14816ed53d38,66:ae9b001517d39cec11e40e505717043d}(|){"#",a2b5aac2-33a7-41ec-878c-7dd928ac85cf,184:ae9b001517d39cec11e40e52898fead8}(|)Нова Водолага, Харківська, вул.Кооперативна, 2(|)
{"#",47e6dd42-cd5c-4e3a-9bc4-14816ed53d38,66:ae9b001517d39cec11e40e52eb23082a}(|){"#",a2b5aac2-33a7-41ec-878c-7dd928ac85cf,184:ae9b001517d39cec11e40e537e78d9e2}(|)Харків, Харківська, вул.Конєва Маршала, 2(|)
{"#",47e6dd42-cd5c-4e3a-9bc4-14816ed53d38,66:ae9b001517d39cec11e40e6fe63f803f}(|){"#",a2b5aac2-33a7-41ec-878c-7dd928ac85cf,184:ae9b001517d39cec11e40e722a46978c}(|)Сновськ, Чернігівська, вул.Чернігівська, 25-А(|)
{"#",47e6dd42-cd5c-4e3a-9bc4-14816ed53d38,66:ae9a001517d39cec11e3fca1f470f6ec}(|){"#",a2b5aac2-33a7-41ec-878c-7dd928ac85cf,184:b43b001517d39cec11e7f519756cd546}(|)Глухів (Сумська обл.), Сумська, майданСоборності, 3(|)
{"#",47e6dd42-cd5c-4e3a-9bc4-14816ed53d38,66:b43b001517d39cec11e7f51d20c8f6ed}(|){"#",a2b5aac2-33a7-41ec-878c-7dd928ac85cf,184:b43b001517d39cec11e7f51d7789a7ba}(|)Дніпропетровська обл., смт.Васильківка, вул.Об'їздна, маг. 95км(|)
{"#",47e6dd42-cd5c-4e3a-9bc4-14816ed53d38,66:b43b001517d39cec11e7f51f9d17b0c2}(|){"#",a2b5aac2-33a7-41ec-878c-7dd928ac85cf,184:b43b001517d39cec11e7f51ffabcadb0}(|)Васильківка (Дніпропетровська обл.), Дніпропетровська, вул.Першотравнева, 1(|)
{"#",47e6dd42-cd5c-4e3a-9bc4-14816ed53d38,66:b43b001517d39cec11e7f51dacca6df6}(|){"#",a2b5aac2-33a7-41ec-878c-7dd928ac85cf,184:b43b001517d39cec11e7f52064eac7da}(|)Васильківка (Дніпропетровська обл.), Дніпропетровська, вул.Першотравнева, 201(|)
{"#",47e6dd42-cd5c-4e3a-9bc4-14816ed53d38,66:b43b001517d39cec11e7f5473c9ecc15}(|){"#",a2b5aac2-33a7-41ec-878c-7dd928ac85cf,184:b43b001517d39cec11e7f54790242ce5}(|)Авторинок Формула, Луцьк, Волинська(|)
{"#",47e6dd42-cd5c-4e3a-9bc4-14816ed53d38,66:b43b001517d39cec11e7f6bd9dcb4c0d}(|){"#",a2b5aac2-33a7-41ec-878c-7dd928ac85cf,184:b43b001517d39cec11e7f6bddc2ef52a}(|)Новий Буг, Миколаївська, вул.Гагаріна, 10(|)
{"#",47e6dd42-cd5c-4e3a-9bc4-14816ed53d38,66:b7df001517d39cec11e72e6e9b584ca8}(|){"#",a2b5aac2-33a7-41ec-878c-7dd928ac85cf,184:b7df001517d39cec11e72e70545d088c}(|)Полтава, Полтавська, вул.Сінна, 29-Б(|)
{"#",47e6dd42-cd5c-4e3a-9bc4-14816ed53d38,66:b7df001517d39cec11e72f0ef1d810ea}(|){"#",a2b5aac2-33a7-41ec-878c-7dd928ac85cf,184:b7df001517d39cec11e72f0f80ba3e96}(|)Котельва, Полтавська, вул.Полтавський Шлях (Жовтнева), 216(|)
{"#",47e6dd42-cd5c-4e3a-9bc4-14816ed53d38,66:b7df001517d39cec11e72f16537cfa98}(|){"#",a2b5aac2-33a7-41ec-878c-7dd928ac85cf,184:b7df001517d39cec11e72f16b3d7c3dc}(|)Путивль, Сумська, вул.Новосільська, 15(|)
{"#",47e6dd42-cd5c-4e3a-9bc4-14816ed53d38,66:b7df001517d39cec11e72f3b975c50b8}(|){"#",a2b5aac2-33a7-41ec-878c-7dd928ac85cf,184:b7df001517d39cec11e72f3c10d54026}(|)Першотравенськ (Дніпропетровська обл), Дніпропетровська, вул.Шкільна, 1(|)
{"#",47e6dd42-cd5c-4e3a-9bc4-14816ed53d38,66:b7df001517d39cec11e72f44f896f014}(|){"#",a2b5aac2-33a7-41ec-878c-7dd928ac85cf,184:b7df001517d39cec11e72f456bd99f04}(|)Одеська обл., м.Ізмаїл, вул.Папаніна, будинок № 66(|)
{"#",47e6dd42-cd5c-4e3a-9bc4-14816ed53d38,66:b7df001517d39cec11e72ff254bc30e0}(|){"#",a2b5aac2-33a7-41ec-878c-7dd928ac85cf,184:b7df001517d39cec11e72ff2a7368a50}(|)Гадяч, Полтавська, вул.Гетьманська, 62/17(|)
{"#",47e6dd42-cd5c-4e3a-9bc4-14816ed53d38,66:b7df001517d39cec11e7300c3dccfeb8}(|){"#",a2b5aac2-33a7-41ec-878c-7dd928ac85cf,184:b7df001517d39cec11e7300ce6a183d8}(|)Авторинок Лепсе (Гавела), Київ, Київська(|)
{"#",47e6dd42-cd5c-4e3a-9bc4-14816ed53d38,66:b7df001517d39cec11e7309d0f7b44e8}(|){"#",a2b5aac2-33a7-41ec-878c-7dd928ac85cf,184:b7df001517d39cec11e7309d72550464}(|)Авторинок Автобазар (Комсомольский), Миколаїв, Миколаївська(|)
{"#",47e6dd42-cd5c-4e3a-9bc4-14816ed53d38,66:b7df001517d39cec11e7309dd0012869}(|){"#",a2b5aac2-33a7-41ec-878c-7dd928ac85cf,184:b7df001517d39cec11e7309e41d971e8}(|)Авторинок Кірова Троицкая, Миколаїв, Миколаївська(|)
{"#",47e6dd42-cd5c-4e3a-9bc4-14816ed53d38,66:b7df001517d39cec11e730b3df654649}(|){"#",a2b5aac2-33a7-41ec-878c-7dd928ac85cf,184:b7df001517d39cec11e730b419f2a68e}(|)Авторинок Успех, Одеса, Одеська(|)
{"#",47e6dd42-cd5c-4e3a-9bc4-14816ed53d38,66:b7df001517d39cec11e730b43b36f658}(|){"#",a2b5aac2-33a7-41ec-878c-7dd928ac85cf,184:b7df001517d39cec11e730b490887d00}(|)Авторинок Успех, Одеса, Одеська(|)
{"#",47e6dd42-cd5c-4e3a-9bc4-14816ed53d38,66:b7df001517d39cec11e7316b6f8cce50}(|){"#",a2b5aac2-33a7-41ec-878c-7dd928ac85cf,184:b7df001517d39cec11e7316bc8ced7b0}(|)Бровари, Київська, вул.Броварської сотні (Чкалова), 13(|)
{"#",47e6dd42-cd5c-4e3a-9bc4-14816ed53d38,66:b7df001517d39cec11e731a6c351014c}(|){"#",a2b5aac2-33a7-41ec-878c-7dd928ac85cf,184:b7df001517d39cec11e731a721091112}(|)Володимирець, Рівненська, вул.Соборна, 27(|)
{"#",47e6dd42-cd5c-4e3a-9bc4-14816ed53d38,66:b7df001517d39cec11e731a7a9428d60}(|){"#",a2b5aac2-33a7-41ec-878c-7dd928ac85cf,184:b7df001517d39cec11e731a7f9b78887}(|)Авторинок Центральний, Вараш, Рівненська(|)
{"#",47e6dd42-cd5c-4e3a-9bc4-14816ed53d38,66:b7df001517d39cec11e733bc661eaba7}(|){"#",a2b5aac2-33a7-41ec-878c-7dd928ac85cf,184:b7df001517d39cec11e733bcb3ec289a}(|)Кривий Ріг, Дніпропетровська, вул.Володимира Великого (Мелешкіна), 40/213(|)
{"#",47e6dd42-cd5c-4e3a-9bc4-14816ed53d38,66:b7df001517d39cec11e733ebea7a54ca}(|){"#",a2b5aac2-33a7-41ec-878c-7dd928ac85cf,184:b7df001517d39cec11e733ec62841a17}(|)Луцьк, Волинська, вул.Кравчука, 44(|)
{"#",47e6dd42-cd5c-4e3a-9bc4-14816ed53d38,66:b7df001517d39cec11e733edef046d81}(|){"#",a2b5aac2-33a7-41ec-878c-7dd928ac85cf,184:b7df001517d39cec11e733ee348cc246}(|)Рокитне (Рівненська обл., Рокитнівський р-н), Рівненська, вул.Радянська, 9(|)
{"#",47e6dd42-cd5c-4e3a-9bc4-14816ed53d38,66:b7df001517d39cec11e73548b055e0a8}(|){"#",a2b5aac2-33a7-41ec-878c-7dd928ac85cf,184:b7df001517d39cec11e7354926dd68fe}(|)Авторинок Центральний, Вознесенськ, Миколаївська(|)
{"#",47e6dd42-cd5c-4e3a-9bc4-14816ed53d38,66:b7df001517d39cec11e7354988eee2f2}(|){"#",a2b5aac2-33a7-41ec-878c-7dd928ac85cf,184:b7df001517d39cec11e73549c92d0007}(|)Вознесенськ, Миколаївська, вул.Київська (Жовтневої Революції), 71(|)
{"#",47e6dd42-cd5c-4e3a-9bc4-14816ed53d38,66:b7df001517d39cec11e735565db9fbbe}(|){"#",a2b5aac2-33a7-41ec-878c-7dd928ac85cf,184:b7df001517d39cec11e73556a1c4d842}(|)Гадяч, Полтавська, вул.Лохвицька, 33(|)
{"#",47e6dd42-cd5c-4e3a-9bc4-14816ed53d38,66:b7df001517d39cec11e73622f8532138}(|){"#",a2b5aac2-33a7-41ec-878c-7dd928ac85cf,184:b7df001517d39cec11e73623bb12d6be}(|)Авторинок Вересневий, Київ, Київська(|)
{"#",47e6dd42-cd5c-4e3a-9bc4-14816ed53d38,66:b7df001517d39cec11e73630fbf2696c}(|){"#",a2b5aac2-33a7-41ec-878c-7dd928ac85cf,184:b7df001517d39cec11e7363122a978de}(|)Авангард, Одеська, вул.Абрикосова, 1(|)
{"#",47e6dd42-cd5c-4e3a-9bc4-14816ed53d38,66:b7df001517d39cec11e7363236e209dc}(|){"#",a2b5aac2-33a7-41ec-878c-7dd928ac85cf,184:b7df001517d39cec11e73632839fbabc}(|)Одеса, Одеська, вул.Спартаківська, 29(|)
{"#",47e6dd42-cd5c-4e3a-9bc4-14816ed53d38,66:b7df001517d39cec11e73632aa75c8c0}(|){"#",a2b5aac2-33a7-41ec-878c-7dd928ac85cf,184:b7df001517d39cec11e73632fdf40282}(|)Одеса, Одеська, вул.Рабіна Іцхака, 26(|)
{"#",47e6dd42-cd5c-4e3a-9bc4-14816ed53d38,66:b7df001517d39cec11e7371bf418522e}(|){"#",a2b5aac2-33a7-41ec-878c-7dd928ac85cf,184:b7df001517d39cec11e7371c2329fefc}(|)Авторинок Вересневий, Київ, Київська(|)
{"#",47e6dd42-cd5c-4e3a-9bc4-14816ed53d38,66:b7df001517d39cec11e7371ed9e71a7d}(|){"#",a2b5aac2-33a7-41ec-878c-7dd928ac85cf,184:b7df001517d39cec11e7371f4fe6bcc9}(|)Кучурган, Одеська, вул.Леніна, 73-А(|)
{"#",47e6dd42-cd5c-4e3a-9bc4-14816ed53d38,66:b7df001517d39cec11e7371f6ea4ef4a}(|){"#",a2b5aac2-33a7-41ec-878c-7dd928ac85cf,184:b7df001517d39cec11e7371fdf795879}(|)Кучурган, Одеська, вул.Леніна, 121(|)
{"#",47e6dd42-cd5c-4e3a-9bc4-14816ed53d38,66:b7df001517d39cec11e7372049de48b8}(|){"#",a2b5aac2-33a7-41ec-878c-7dd928ac85cf,184:b7df001517d39cec11e7372452b941b4}(|)Роздільна (Одеська обл.), Одеська, вул.Привокзальна, 42(|)
{"#",47e6dd42-cd5c-4e3a-9bc4-14816ed53d38,66:b7df001517d39cec11e737247dce8008}(|){"#",a2b5aac2-33a7-41ec-878c-7dd928ac85cf,184:b7df001517d39cec11e73724c565bc7e}(|)Кучурган, Одеська, вул.Леніна, 96(|)
{"#",47e6dd42-cd5c-4e3a-9bc4-14816ed53d38,66:b7df001517d39cec11e73724df391560}(|){"#",a2b5aac2-33a7-41ec-878c-7dd928ac85cf,184:b7df001517d39cec11e737252cbf0bc8}(|)Роздільна (Одеська обл.), Одеська, вул.Привокзальна, 3(|)
{"#",47e6dd42-cd5c-4e3a-9bc4-14816ed53d38,66:b7df001517d39cec11e7394aa1e31e0e}(|){"#",a2b5aac2-33a7-41ec-878c-7dd928ac85cf,184:b7df001517d39cec11e7394aed01f5c2}(|)Київ, Київська, вул.Жмеринська, 5(|)
{"#",47e6dd42-cd5c-4e3a-9bc4-14816ed53d38,66:b7df001517d39cec11e7394c775462ea}(|){"#",a2b5aac2-33a7-41ec-878c-7dd928ac85cf,184:b7df001517d39cec11e7394e203c7a9b}(|)Київ, Київська, вул.Москворецька, 47/3(|)
{"#",47e6dd42-cd5c-4e3a-9bc4-14816ed53d38,66:b7df001517d39cec11e73a102833ec8e}(|){"#",a2b5aac2-33a7-41ec-878c-7dd928ac85cf,184:b7df001517d39cec11e73a10d411b04a}(|)Котельва, Полтавська, вул.Зарічна, 2(|)
{"#",47e6dd42-cd5c-4e3a-9bc4-14816ed53d38,66:b7df001517d39cec11e73a0b6833f018}(|){"#",a2b5aac2-33a7-41ec-878c-7dd928ac85cf,184:b7df001517d39cec11e73a45cd5fae66}(|)Сміла, Черкаська, вул.Соборна, 179-А(|)
{"#",47e6dd42-cd5c-4e3a-9bc4-14816ed53d38,66:b7df001517d39cec11e73af30b4e4112}(|){"#",a2b5aac2-33a7-41ec-878c-7dd928ac85cf,184:b7df001517d39cec11e73af9f3e322ca}(|)Погреби, Київська, вул.Погребський шлях, 72(|)
{"#",47e6dd42-cd5c-4e3a-9bc4-14816ed53d38,66:b7df001517d39cec11e73afee341174c}(|){"#",a2b5aac2-33a7-41ec-878c-7dd928ac85cf,184:b7df001517d39cec11e73b05c7291c88}(|)Гадяч, Полтавська, вул.Героїв Майдану, 2-А(|)
{"#",47e6dd42-cd5c-4e3a-9bc4-14816ed53d38,66:b7df001517d39cec11e73b998f80e074}(|){"#",a2b5aac2-33a7-41ec-878c-7dd928ac85cf,184:b7df001517d39cec11e73b9c2c231c88}(|)Кривий Ріг, Дніпропетровська, вул.Ракітіна (Ногіна), 19(|)
{"#",47e6dd42-cd5c-4e3a-9bc4-14816ed53d38,66:b7df001517d39cec11e73b9c5c14e662}(|){"#",a2b5aac2-33a7-41ec-878c-7dd928ac85cf,184:b7df001517d39cec11e73b9c9bb5a840}(|)Кривий Ріг, Дніпропетровська, вул.Купріна, 116-А(|)
{"#",47e6dd42-cd5c-4e3a-9bc4-14816ed53d38,66:b7df001517d39cec11e73b9cbdb651cf}(|){"#",a2b5aac2-33a7-41ec-878c-7dd928ac85cf,184:b7df001517d39cec11e73b9cfdaa85fd}(|)Кривий Ріг, Дніпропетровська, вул.Електрозаводська, 18-Б(|)
{"#",47e6dd42-cd5c-4e3a-9bc4-14816ed53d38,66:b7df001517d39cec11e73b9d1bac5eb9}(|){"#",a2b5aac2-33a7-41ec-878c-7dd928ac85cf,184:b7df001517d39cec11e73b9d56e0a39b}(|)Кривий Ріг, Дніпропетровська, вул.Тухачевського, 6(|)
{"#",47e6dd42-cd5c-4e3a-9bc4-14816ed53d38,66:b7df001517d39cec11e73b9d807d2e62}(|){"#",a2b5aac2-33a7-41ec-878c-7dd928ac85cf,184:b7df001517d39cec11e73b9e36b1645a}(|)Одеса, Одеська, шосеТираспольське, 24-Б(|)
{"#",47e6dd42-cd5c-4e3a-9bc4-14816ed53d38,66:aaad0025909438d711eb24d07f3138fd}(|){"#",a2b5aac2-33a7-41ec-878c-7dd928ac85cf,184:b7df001517d39cec11e73b9f38fc6696}(|)Авторинок Успех, Одеса, Одеська(|)
{"#",47e6dd42-cd5c-4e3a-9bc4-14816ed53d38,66:b7df001517d39cec11e73b9e71d2966e}(|){"#",a2b5aac2-33a7-41ec-878c-7dd928ac85cf,184:b7df001517d39cec11e73b9f38fc6696}(|)Авторинок Успех, Одеса, Одеська(|)
{"#",47e6dd42-cd5c-4e3a-9bc4-14816ed53d38,66:b7df001517d39cec11e73bd098e2f8dc}(|){"#",a2b5aac2-33a7-41ec-878c-7dd928ac85cf,184:b7df001517d39cec11e73bd0d8fd52aa}(|)Київ, Київська, вул.Велика Кільцева, 4-Б(|)
{"#",47e6dd42-cd5c-4e3a-9bc4-14816ed53d38,66:b7df001517d39cec11e73c5a2b637130}(|){"#",a2b5aac2-33a7-41ec-878c-7dd928ac85cf,184:b7df001517d39cec11e73c5a66e19ef8}(|)Кривий Ріг, Дніпропетровська, вул.Цвєтаєва, 10(|)
{"#",47e6dd42-cd5c-4e3a-9bc4-14816ed53d38,66:b7df001517d39cec11e73c7f6cc16ebf}(|){"#",a2b5aac2-33a7-41ec-878c-7dd928ac85cf,184:b7df001517d39cec11e73c7fb874183e}(|)Коблеве, Миколаївська, вул.Автомобілістів, ринок №31(|)
{"#",47e6dd42-cd5c-4e3a-9bc4-14816ed53d38,66:b7df001517d39cec11e73ec58cd63a3e}(|){"#",a2b5aac2-33a7-41ec-878c-7dd928ac85cf,184:b7df001517d39cec11e73ec5cde1618f}(|)Авторинок Терминал, Кривий Ріг, Дніпропетровська(|)
{"#",47e6dd42-cd5c-4e3a-9bc4-14816ed53d38,66:b7df001517d39cec11e73ec94fb66d96}(|){"#",a2b5aac2-33a7-41ec-878c-7dd928ac85cf,184:b7df001517d39cec11e73ec98aef772c}(|)Сміла, Черкаська, вул.Незалежності (Леніна), 55-В(|)
{"#",47e6dd42-cd5c-4e3a-9bc4-14816ed53d38,66:b7df001517d39cec11e73ec9bf7d6d0a}(|){"#",a2b5aac2-33a7-41ec-878c-7dd928ac85cf,184:b7df001517d39cec11e73ec9eb8d0248}(|)Авторинок На Зеленій, Черкаси, Черкаська(|)
{"#",47e6dd42-cd5c-4e3a-9bc4-14816ed53d38,66:b7df001517d39cec11e73eca73d72f0c}(|){"#",a2b5aac2-33a7-41ec-878c-7dd928ac85cf,184:b7df001517d39cec11e73ecab11596ed}(|)Сміла, Черкаська, вул.Рєпіна, 55(|)
{"#",47e6dd42-cd5c-4e3a-9bc4-14816ed53d38,66:b7df001517d39cec11e73ee6e65f9176}(|){"#",a2b5aac2-33a7-41ec-878c-7dd928ac85cf,184:b7df001517d39cec11e73ee720f8dd7c}(|)Вишневе, Київська, вул.Київська, 12(|)
{"#",47e6dd42-cd5c-4e3a-9bc4-14816ed53d38,66:b7df001517d39cec11e73efcbd21737a}(|){"#",a2b5aac2-33a7-41ec-878c-7dd928ac85cf,184:b7df001517d39cec11e73efd55110ede}(|)Авторинок Авторинок, Кременчук, Полтавська(|)
{"#",47e6dd42-cd5c-4e3a-9bc4-14816ed53d38,66:b7df001517d39cec11e73f8118e6e76a}(|){"#",a2b5aac2-33a7-41ec-878c-7dd928ac85cf,184:b7df001517d39cec11e73f815876f8d5}(|)Авторинок Центральний, Дніпро, Дніпропетровська(|)
{"#",47e6dd42-cd5c-4e3a-9bc4-14816ed53d38,66:b7df001517d39cec11e73f81b093c0f6}(|){"#",a2b5aac2-33a7-41ec-878c-7dd928ac85cf,184:b7df001517d39cec11e73f81fafb0398}(|)Васильків (Київська обл., Васильківський р-н), Київська, вул.Декабристів, 62(|)
{"#",47e6dd42-cd5c-4e3a-9bc4-14816ed53d38,66:b7df001517d39cec11e73fa62cd473b2}(|){"#",a2b5aac2-33a7-41ec-878c-7dd928ac85cf,184:b7df001517d39cec11e73fa68cff8dee}(|)Кривий Ріг, Дніпропетровська, вул.Щорса, 19(|)
{"#",47e6dd42-cd5c-4e3a-9bc4-14816ed53d38,66:b7df001517d39cec11e73fa9a9e4cbbb}(|){"#",a2b5aac2-33a7-41ec-878c-7dd928ac85cf,184:b7df001517d39cec11e73faa0bcdbdb4}(|)Миколаїв, Миколаївська, с.Половинки, автомагазин біля автобусної зупинки1(|)
{"#",47e6dd42-cd5c-4e3a-9bc4-14816ed53d38,66:b7df001517d39cec11e73faa906564e7}(|){"#",a2b5aac2-33a7-41ec-878c-7dd928ac85cf,184:b7df001517d39cec11e73fabc0233ac2}(|)Очаків, Миколаївська, вул.Гетьманська, 16(|)
{"#",47e6dd42-cd5c-4e3a-9bc4-14816ed53d38,66:b7df001517d39cec11e73fac2c0cca51}(|){"#",a2b5aac2-33a7-41ec-878c-7dd928ac85cf,184:b7df001517d39cec11e73face6e4535d}(|)Березанка(Миколаївська обл.), Миколаївська, вул.Суворова, 84(|)
{"#",47e6dd42-cd5c-4e3a-9bc4-14816ed53d38,66:b7df001517d39cec11e73fad658154da}(|){"#",a2b5aac2-33a7-41ec-878c-7dd928ac85cf,184:b7df001517d39cec11e73fae3d9bfa83}(|)Березанка(Миколаївська обл.), Миколаївська, вул.Леніна, 1(|)
{"#",47e6dd42-cd5c-4e3a-9bc4-14816ed53d38,66:b7df001517d39cec11e73faedee7b139}(|){"#",a2b5aac2-33a7-41ec-878c-7dd928ac85cf,184:b7df001517d39cec11e73faf1baa1ed0}(|)Очаків, Миколаївська, вул.Шмідта, 16(|)
{"#",47e6dd42-cd5c-4e3a-9bc4-14816ed53d38,66:b7df001517d39cec11e73faf46246451}(|){"#",a2b5aac2-33a7-41ec-878c-7dd928ac85cf,184:b7df001517d39cec11e73faff0b45ece}(|)Очаків, Миколаївська, вул.Шмідта, 16-А/6(|)
{"#",47e6dd42-cd5c-4e3a-9bc4-14816ed53d38,66:b7df001517d39cec11e7408a7c4b1790}(|){"#",a2b5aac2-33a7-41ec-878c-7dd928ac85cf,184:b7df001517d39cec11e7408c2bd97e44}(|)Жовті Води, Дніпропетровська, вул.Заводська, 2(|)
{"#",47e6dd42-cd5c-4e3a-9bc4-14816ed53d38,66:b7df001517d39cec11e7408caaedb556}(|){"#",a2b5aac2-33a7-41ec-878c-7dd928ac85cf,184:b7df001517d39cec11e7408ce337ba2f}(|)Кривий Ріг, Дніпропетровська, вул.Щорса, 19(|)
{"#",47e6dd42-cd5c-4e3a-9bc4-14816ed53d38,66:b7df001517d39cec11e7411ffe43e608}(|){"#",a2b5aac2-33a7-41ec-878c-7dd928ac85cf,184:b7df001517d39cec11e7412066ad0165}(|)Єланець, Миколаївська, вул.50 років Жовтня, 8/1(|)
{"#",47e6dd42-cd5c-4e3a-9bc4-14816ed53d38,66:b7df001517d39cec11e74120b2c63002}(|){"#",a2b5aac2-33a7-41ec-878c-7dd928ac85cf,184:b7df001517d39cec11e74120e2a74964}(|)Арбузинка, Миколаївська, пров.Каштановий, 3-А(|)
{"#",47e6dd42-cd5c-4e3a-9bc4-14816ed53d38,66:b7df001517d39cec11e741211ea63628}(|){"#",a2b5aac2-33a7-41ec-878c-7dd928ac85cf,184:b7df001517d39cec11e7412149fe3656}(|)Єланець, Миколаївська, вул.50 років Жовтня, 10(|)
{"#",47e6dd42-cd5c-4e3a-9bc4-14816ed53d38,66:b7df001517d39cec11e741218dac1724}(|){"#",a2b5aac2-33a7-41ec-878c-7dd928ac85cf,184:b7df001517d39cec11e74121ba0332ed}(|)Братське, Миколаївська, вул.Вороніна, 8-А(|)
{"#",47e6dd42-cd5c-4e3a-9bc4-14816ed53d38,66:b7df001517d39cec11e7413d1e22bfb6}(|){"#",a2b5aac2-33a7-41ec-878c-7dd928ac85cf,184:b7df001517d39cec11e7413d9cb3d572}(|)Біла Церква, Київська, шосеСквирське, 260-А(|)
{"#",47e6dd42-cd5c-4e3a-9bc4-14816ed53d38,66:b7df001517d39cec11e741eb34ad3119}(|){"#",a2b5aac2-33a7-41ec-878c-7dd928ac85cf,184:b7df001517d39cec11e741eb7f48e776}(|)Київ, Київська, вул.Наумова Генерала, 19-А(|)
{"#",47e6dd42-cd5c-4e3a-9bc4-14816ed53d38,66:b7df001517d39cec11e741edd72d76a8}(|){"#",a2b5aac2-33a7-41ec-878c-7dd928ac85cf,184:b7df001517d39cec11e741ee1268e298}(|)Біла Церква, Київська, вул.Толстого, 59(|)
{"#",47e6dd42-cd5c-4e3a-9bc4-14816ed53d38,66:b7df001517d39cec11e7446e9dded12b}(|){"#",a2b5aac2-33a7-41ec-878c-7dd928ac85cf,184:b7df001517d39cec11e7446ee2cc2d14}(|)Широке (Широківський р-н. Дніпропетровська обл), Дніпропетровська, вул.Леніна, 154(|)
{"#",47e6dd42-cd5c-4e3a-9bc4-14816ed53d38,66:b7df001517d39cec11e7446f45e8ae6a}(|){"#",a2b5aac2-33a7-41ec-878c-7dd928ac85cf,184:b7df001517d39cec11e7446f85b91f50}(|)Кривий Ріг, Дніпропетровська, вул.Купріна, 127-А(|)
{"#",47e6dd42-cd5c-4e3a-9bc4-14816ed53d38,66:ae9a001517d39cec11e3fc9fe932412b}(|){"#",a2b5aac2-33a7-41ec-878c-7dd928ac85cf,184:b7df001517d39cec11e7447ad6b6b90d}(|)Дніпро, Дніпропетровська, просп.Слобожанський (Газети «Правда»), 100(|)
{"#",47e6dd42-cd5c-4e3a-9bc4-14816ed53d38,66:b7df001517d39cec11e7447a20ab0b0e}(|){"#",a2b5aac2-33a7-41ec-878c-7dd928ac85cf,184:b7df001517d39cec11e7447c4417198c}(|)Березнегувате, Миколаївська, вул.Іди Лауди, 1(|)
{"#",47e6dd42-cd5c-4e3a-9bc4-14816ed53d38,66:b7df001517d39cec11e7447c58433f08}(|){"#",a2b5aac2-33a7-41ec-878c-7dd928ac85cf,184:b7df001517d39cec11e7451082b329e5}(|)Снігурівка, Миколаївська, вул.Суворова, 61(|)
{"#",47e6dd42-cd5c-4e3a-9bc4-14816ed53d38,66:b7df001517d39cec11e74510ac8db1d1}(|){"#",a2b5aac2-33a7-41ec-878c-7dd928ac85cf,184:b7df001517d39cec11e745112588449c}(|)Снігурівка, Миколаївська, вул.Леніна, 143-А(|)
{"#",47e6dd42-cd5c-4e3a-9bc4-14816ed53d38,66:b7df001517d39cec11e7451235c204ca}(|){"#",a2b5aac2-33a7-41ec-878c-7dd928ac85cf,184:b7df001517d39cec11e745125ac98a9b}(|)Снігурівка, Миколаївська, вул.Суворова, 25/9(|)
{"#",47e6dd42-cd5c-4e3a-9bc4-14816ed53d38,66:b7df001517d39cec11e7451de3763052}(|){"#",a2b5aac2-33a7-41ec-878c-7dd928ac85cf,184:b7df001517d39cec11e7451e341ada80}(|)Авторинок Формула, Луцьк, Волинська(|)
{"#",47e6dd42-cd5c-4e3a-9bc4-14816ed53d38,66:b7df001517d39cec11e7452b1fd8958d}(|){"#",a2b5aac2-33a7-41ec-878c-7dd928ac85cf,184:b7df001517d39cec11e7452b553f8169}(|)Скадовськ, Херсонська, вул.Незалежності, 132(|)
{"#",47e6dd42-cd5c-4e3a-9bc4-14816ed53d38,66:b7df001517d39cec11e7452b8fb9cede}(|){"#",a2b5aac2-33a7-41ec-878c-7dd928ac85cf,184:b7df001517d39cec11e7452d45e0367a}(|)Скадовськ, Херсонська, вул.Пролетарська, 121(|)
{"#",47e6dd42-cd5c-4e3a-9bc4-14816ed53d38,66:b7df001517d39cec11e7452e0b345762}(|){"#",a2b5aac2-33a7-41ec-878c-7dd928ac85cf,184:b7df001517d39cec11e7452e583bf128}(|)Скадовськ, Херсонська, вул.Комсомольська, 186(|)
{"#",47e6dd42-cd5c-4e3a-9bc4-14816ed53d38,66:b7df001517d39cec11e7453018da2bec}(|){"#",a2b5aac2-33a7-41ec-878c-7dd928ac85cf,184:b7df001517d39cec11e74530a2c331dd}(|)Авторинок Авторинок, Скадовськ, Херсонська(|)
{"#",47e6dd42-cd5c-4e3a-9bc4-14816ed53d38,66:b7df001517d39cec11e74532bd8130b2}(|){"#",a2b5aac2-33a7-41ec-878c-7dd928ac85cf,184:b7df001517d39cec11e745330d0ee7c0}(|)Скадовськ, Херсонська, вул.Комсомольська, 2-Ж(|)
{"#",47e6dd42-cd5c-4e3a-9bc4-14816ed53d38,66:b7df001517d39cec11e7453353cacbdd}(|){"#",a2b5aac2-33a7-41ec-878c-7dd928ac85cf,184:b7df001517d39cec11e745337e024f7e}(|)Кривий Ріг, Дніпропетровська, вул.Ракітіна (Ногіна), 10(|)
{"#",47e6dd42-cd5c-4e3a-9bc4-14816ed53d38,66:b7df001517d39cec11e745d65847def8}(|){"#",a2b5aac2-33a7-41ec-878c-7dd928ac85cf,184:b7df001517d39cec11e745d6b8b81d63}(|)Одеська обл., м.Ізмаїл, вул.Некрасова, будинок № 1-Д(|)
{"#",47e6dd42-cd5c-4e3a-9bc4-14816ed53d38,66:b7df001517d39cec11e745d6e1e2374a}(|){"#",a2b5aac2-33a7-41ec-878c-7dd928ac85cf,184:b7df001517d39cec11e745d7097963c8}(|)Авторинок 5-й км, Херсон, Херсонська(|)
{"#",47e6dd42-cd5c-4e3a-9bc4-14816ed53d38,66:b7ed001517d39cec11e6ff4c0ed4f0d4}(|){"#",a2b5aac2-33a7-41ec-878c-7dd928ac85cf,184:b7df001517d39cec11e745ddadab31fa}(|)Новомосковськ, Дніпропетровська, вул.Гетьманська (Радянська), 136(|)
{"#",47e6dd42-cd5c-4e3a-9bc4-14816ed53d38,66:b7ed001517d39cec11e6ff4c0ed4f0d4}(|){"#",a2b5aac2-33a7-41ec-878c-7dd928ac85cf,184:b7df001517d39cec11e745de27e53fe2}(|)Новомосковськ, Дніпропетровська, вул.195-ої Стрілкової Дивізії, 1/2(|)
{"#",47e6dd42-cd5c-4e3a-9bc4-14816ed53d38,66:ae9a001517d39cec11e3fca174541adc}(|){"#",a2b5aac2-33a7-41ec-878c-7dd928ac85cf,184:b7df001517d39cec11e745dfc69f6d50}(|)Дніпро, Дніпропетровська, просп.Хмельницького Богдана, 55(|)
{"#",47e6dd42-cd5c-4e3a-9bc4-14816ed53d38,66:b7df001517d39cec11e745e0b0922c90}(|){"#",a2b5aac2-33a7-41ec-878c-7dd928ac85cf,184:b7df001517d39cec11e745e0ee941544}(|)Дніпро, Дніпропетровська, вул.Архімеда, 1(|)
{"#",47e6dd42-cd5c-4e3a-9bc4-14816ed53d38,66:b7df001517d39cec11e745e116ac00be}(|){"#",a2b5aac2-33a7-41ec-878c-7dd928ac85cf,184:b7df001517d39cec11e745e1531fc0bc}(|)Павлоград, Дніпропетровська, вул.Добролюбова, 49(|)
{"#",47e6dd42-cd5c-4e3a-9bc4-14816ed53d38,66:b7df001517d39cec11e745e19953bed0}(|){"#",a2b5aac2-33a7-41ec-878c-7dd928ac85cf,184:b7df001517d39cec11e745e1d825141b}(|)Павлоград, Дніпропетровська, вул.Дніпровська, 8-А(|)
{"#",47e6dd42-cd5c-4e3a-9bc4-14816ed53d38,66:ae9a001517d39cec11e3fca3d11797f3}(|){"#",a2b5aac2-33a7-41ec-878c-7dd928ac85cf,184:b7df001517d39cec11e746a3f28e2a4a}(|)Хмельницький, Хмельницька, вул.Кам'янецька, 134(|)
{"#",47e6dd42-cd5c-4e3a-9bc4-14816ed53d38,66:b7df001517d39cec11e746bd419bb058}(|){"#",a2b5aac2-33a7-41ec-878c-7dd928ac85cf,184:b7df001517d39cec11e746bd978108ce}(|)Авторинок Центральний, Васильків, Київська(|)
{"#",47e6dd42-cd5c-4e3a-9bc4-14816ed53d38,66:b7df001517d39cec11e74aa04652fd9a}(|){"#",a2b5aac2-33a7-41ec-878c-7dd928ac85cf,184:b7df001517d39cec11e74ab2a2cd66b7}(|)Авторинок Центральний (республиканской), Кам'янське(Дніпропетровська обл), Дніпропетровська(|)
{"#",47e6dd42-cd5c-4e3a-9bc4-14816ed53d38,66:b7df001517d39cec11e74ab357c6e648}(|){"#",a2b5aac2-33a7-41ec-878c-7dd928ac85cf,184:b7df001517d39cec11e74ab400f3a268}(|)Сміла, Черкаська, вул.Героїв Холодноярців (60 років СРСР), 47(|)
{"#",47e6dd42-cd5c-4e3a-9bc4-14816ed53d38,66:b7df001517d39cec11e74b5da523558c}(|){"#",a2b5aac2-33a7-41ec-878c-7dd928ac85cf,184:b7df001517d39cec11e74b68a5f37aae}(|)Корсунь-Шевченківський, Черкаська, вул.Мудрого Ярослава (Леніна), 351(|)
{"#",47e6dd42-cd5c-4e3a-9bc4-14816ed53d38,66:b7df001517d39cec11e74c3f6461003e}(|){"#",a2b5aac2-33a7-41ec-878c-7dd928ac85cf,184:b7df001517d39cec11e74c41fa91610a}(|)Авторинок Тітан, Южноукраїнськ, Миколаївська(|)
{"#",47e6dd42-cd5c-4e3a-9bc4-14816ed53d38,66:b7df001517d39cec11e74c422ece46f5}(|){"#",a2b5aac2-33a7-41ec-878c-7dd928ac85cf,184:b7df001517d39cec11e74c4278910755}(|)Авторинок Тітан, Южноукраїнськ, Миколаївська(|)
{"#",47e6dd42-cd5c-4e3a-9bc4-14816ed53d38,66:b7df001517d39cec11e74c42c5abb3ea}(|){"#",a2b5aac2-33a7-41ec-878c-7dd928ac85cf,184:b7df001517d39cec11e74c43074aad06}(|)Авторинок Тітан, Южноукраїнськ, Миколаївська(|)
{"#",47e6dd42-cd5c-4e3a-9bc4-14816ed53d38,66:b7df001517d39cec11e750324dcd1604}(|){"#",a2b5aac2-33a7-41ec-878c-7dd928ac85cf,184:b7df001517d39cec11e750330af3e640}(|)Веселинове, Миколаївська, вул.Одеська, 47(|)
{"#",47e6dd42-cd5c-4e3a-9bc4-14816ed53d38,66:b7df001517d39cec11e750334b61b25c}(|){"#",a2b5aac2-33a7-41ec-878c-7dd928ac85cf,184:b7df001517d39cec11e750340dbfa778}(|)Веселинове, Миколаївська, вул.Одеська, 43(|)
{"#",47e6dd42-cd5c-4e3a-9bc4-14816ed53d38,66:b7df001517d39cec11e750d9fcc5b953}(|){"#",a2b5aac2-33a7-41ec-878c-7dd928ac85cf,184:b7df001517d39cec11e750da2191a458}(|)Одеса, Одеська, вул.Щорса, 73(|)
{"#",47e6dd42-cd5c-4e3a-9bc4-14816ed53d38,66:b7df001517d39cec11e750dc8b3b3a53}(|){"#",a2b5aac2-33a7-41ec-878c-7dd928ac85cf,184:b7df001517d39cec11e750dd0161023e}(|)Южноукраїнськ, Миколаївська, вул.Дружби Народів, 14-В(|)
{"#",47e6dd42-cd5c-4e3a-9bc4-14816ed53d38,66:b7df001517d39cec11e750dd2a1648ec}(|){"#",a2b5aac2-33a7-41ec-878c-7dd928ac85cf,184:b7df001517d39cec11e750dd7c740624}(|)Южноукраїнськ, Миколаївська, просп.Незалежності (Леніна), 4(|)
{"#",47e6dd42-cd5c-4e3a-9bc4-14816ed53d38,66:b7df001517d39cec11e750dda7631ed8}(|){"#",a2b5aac2-33a7-41ec-878c-7dd928ac85cf,184:b7df001517d39cec11e750de03ae66d4}(|)Авторинок Центральний, Вознесенськ, Миколаївська(|)
{"#",47e6dd42-cd5c-4e3a-9bc4-14816ed53d38,66:b7df001517d39cec11e750ed61181e32}(|){"#",a2b5aac2-33a7-41ec-878c-7dd928ac85cf,184:b7df001517d39cec11e750edaa9f43c8}(|)Рівне, Рівненська, вул.Гагаріна, 29(|)
{"#",47e6dd42-cd5c-4e3a-9bc4-14816ed53d38,66:b7df001517d39cec11e750f7e13c5a24}(|){"#",a2b5aac2-33a7-41ec-878c-7dd928ac85cf,184:b7df001517d39cec11e750f84b360092}(|)Авторинок Перова, Київ, Київська(|)
{"#",47e6dd42-cd5c-4e3a-9bc4-14816ed53d38,66:b7df001517d39cec11e7510b3be65872}(|){"#",a2b5aac2-33a7-41ec-878c-7dd928ac85cf,184:b7df001517d39cec11e7510c0424b965}(|)Авторинок Кірова Троицкая, Миколаїв, Миколаївська(|)
{"#",47e6dd42-cd5c-4e3a-9bc4-14816ed53d38,66:b7df001517d39cec11e754ce52f058ee}(|){"#",a2b5aac2-33a7-41ec-878c-7dd928ac85cf,184:b7df001517d39cec11e754ce9ba811ee}(|)Малі Копані, Херсонська, вул.Пушкіна, Покришева1(|)
{"#",47e6dd42-cd5c-4e3a-9bc4-14816ed53d38,66:b7df001517d39cec11e755911054af76}(|){"#",a2b5aac2-33a7-41ec-878c-7dd928ac85cf,184:b7df001517d39cec11e755920001b4ed}(|)Авторинок Ореховський, Запоріжжя, Запорізька(|)
{"#",47e6dd42-cd5c-4e3a-9bc4-14816ed53d38,66:b7df001517d39cec11e75592ab3631b2}(|){"#",a2b5aac2-33a7-41ec-878c-7dd928ac85cf,184:b7df001517d39cec11e75592e7e58c7a}(|)Чорноморськ, Одеська, вул.1-го Травня, 23(|)
{"#",47e6dd42-cd5c-4e3a-9bc4-14816ed53d38,66:b7df001517d39cec11e7559347c1f91c}(|){"#",a2b5aac2-33a7-41ec-878c-7dd928ac85cf,184:b7df001517d39cec11e755937bf2f346}(|)Авторинок Москвич, Одеса, Одеська(|)
{"#",47e6dd42-cd5c-4e3a-9bc4-14816ed53d38,66:b7df001517d39cec11e75593c2c91141}(|){"#",a2b5aac2-33a7-41ec-878c-7dd928ac85cf,184:b7df001517d39cec11e75593fb799b36}(|)Вишневе, Київська, вул.Київська, 12(|)
{"#",47e6dd42-cd5c-4e3a-9bc4-14816ed53d38,66:b7df001517d39cec11e755b1d11a39fe}(|){"#",a2b5aac2-33a7-41ec-878c-7dd928ac85cf,184:b7df001517d39cec11e755b23c6d9569}(|)Авторинок Центральний, Луцьк, Волинська(|)
{"#",47e6dd42-cd5c-4e3a-9bc4-14816ed53d38,66:b7df001517d39cec11e755b836ef8621}(|){"#",a2b5aac2-33a7-41ec-878c-7dd928ac85cf,184:b7df001517d39cec11e755b8c0f9ecfd}(|)Київ, Київська, вул.Заболотного Академіка, 156(|)
{"#",47e6dd42-cd5c-4e3a-9bc4-14816ed53d38,66:b7df001517d39cec11e7565ac85dcb88}(|){"#",a2b5aac2-33a7-41ec-878c-7dd928ac85cf,184:b7df001517d39cec11e7565b34cf4120}(|)Авторинок Авторинок, Скадовськ, Херсонська(|)
{"#",47e6dd42-cd5c-4e3a-9bc4-14816ed53d38,66:b7df001517d39cec11e7565b850d6631}(|){"#",a2b5aac2-33a7-41ec-878c-7dd928ac85cf,184:b7df001517d39cec11e7565bc5871e0e}(|)Новий Буг, Миколаївська, вул.Куйбишева, 107(|)
{"#",47e6dd42-cd5c-4e3a-9bc4-14816ed53d38,66:b7df001517d39cec11e7565bec7765f0}(|){"#",a2b5aac2-33a7-41ec-878c-7dd928ac85cf,184:b7df001517d39cec11e7565c2de44daa}(|)Новий Буг, Миколаївська, вул.Харчука, 21-А(|)
{"#",47e6dd42-cd5c-4e3a-9bc4-14816ed53d38,66:b7df001517d39cec11e7565c4bc98a2f}(|){"#",a2b5aac2-33a7-41ec-878c-7dd928ac85cf,184:b7df001517d39cec11e7565c9008da6f}(|)Новий Буг, Миколаївська, вул.Гагаріна, 10(|)
{"#",47e6dd42-cd5c-4e3a-9bc4-14816ed53d38,66:b7df001517d39cec11e7565d31274476}(|){"#",a2b5aac2-33a7-41ec-878c-7dd928ac85cf,184:b7df001517d39cec11e7565d70a6a56b}(|)Новий Буг, Миколаївська, вул.Харчука, 19/2(|)
{"#",47e6dd42-cd5c-4e3a-9bc4-14816ed53d38,66:b7df001517d39cec11e7565d9d9d7ec2}(|){"#",a2b5aac2-33a7-41ec-878c-7dd928ac85cf,184:b7df001517d39cec11e7565def8668c0}(|)Новий Буг, Миколаївська, вул.Куйбишева, 20(|)
{"#",47e6dd42-cd5c-4e3a-9bc4-14816ed53d38,66:ae9a001517d39cec11e3fecfead58420}(|){"#",a2b5aac2-33a7-41ec-878c-7dd928ac85cf,184:b7df001517d39cec11e75b05fef04414}(|)Дніпро, Дніпропетровська, вул.Берегова, 208(|)
{"#",47e6dd42-cd5c-4e3a-9bc4-14816ed53d38,66:b7df001517d39cec11e75b06423c6478}(|){"#",a2b5aac2-33a7-41ec-878c-7dd928ac85cf,184:b7df001517d39cec11e75b068b537b88}(|)Авторинок Гранд Базар, Рівне, Рівненська(|)
{"#",47e6dd42-cd5c-4e3a-9bc4-14816ed53d38,66:b7df001517d39cec11e75b06dae394ee}(|){"#",a2b5aac2-33a7-41ec-878c-7dd928ac85cf,184:b7df001517d39cec11e75b0731b0317e}(|)Авторинок Видний, Дніпро, Дніпропетровська(|)
{"#",47e6dd42-cd5c-4e3a-9bc4-14816ed53d38,66:aa930025909438d611e98b8c105e97ed}(|){"#",a2b5aac2-33a7-41ec-878c-7dd928ac85cf,184:b7df001517d39cec11e75b4114ab674e}(|)м.Одеса(|)
{"#",47e6dd42-cd5c-4e3a-9bc4-14816ed53d38,66:ae9a001517d39cec11e3fc9fe332d6b2}(|){"#",a2b5aac2-33a7-41ec-878c-7dd928ac85cf,184:b7df001517d39cec11e75b4114ab674e}(|)м.Одеса(|)
{"#",47e6dd42-cd5c-4e3a-9bc4-14816ed53d38,66:92f7001517d39cec11e72bee6018e206}(|){"#",a2b5aac2-33a7-41ec-878c-7dd928ac85cf,184:b7df001517d39cec11e75ff0d460d017}(|)Миргород, Полтавська, вул.Гоголя, 14-А(|)
{"#",47e6dd42-cd5c-4e3a-9bc4-14816ed53d38,66:b7df001517d39cec11e76086679f6cf8}(|){"#",a2b5aac2-33a7-41ec-878c-7dd928ac85cf,184:b7df001517d39cec11e76086a3736f68}(|)Березівка, Одеська, вул.Пушкінська, 23(|)
{"#",47e6dd42-cd5c-4e3a-9bc4-14816ed53d38,66:b7df001517d39cec11e7609747461856}(|){"#",a2b5aac2-33a7-41ec-878c-7dd928ac85cf,184:b7df001517d39cec11e760978ee21980}(|)Велика Олександрівка (Херсонська обл.), Херсонська, с.Давидів Брід, вул Ювілейна9(|)
{"#",47e6dd42-cd5c-4e3a-9bc4-14816ed53d38,66:b7df001517d39cec11e76097bad04dd3}(|){"#",a2b5aac2-33a7-41ec-878c-7dd928ac85cf,184:b7df001517d39cec11e76097f2f1cab0}(|)Тягинка, Херсонська, вул.Бериславська, 1(|)
{"#",47e6dd42-cd5c-4e3a-9bc4-14816ed53d38,66:b7df001517d39cec11e7609849a42d62}(|){"#",a2b5aac2-33a7-41ec-878c-7dd928ac85cf,184:b7df001517d39cec11e760988e538c28}(|)Велика Олександрівка (Херсонська обл.), Херсонська, вул.Свободи, 1(|)
{"#",47e6dd42-cd5c-4e3a-9bc4-14816ed53d38,66:b7df001517d39cec11e76098c2d59645}(|){"#",a2b5aac2-33a7-41ec-878c-7dd928ac85cf,184:b7df001517d39cec11e76099074e1ef4}(|)Берислав (Херсонська обл.), Херсонська, вул.Леніна, 253(|)
{"#",47e6dd42-cd5c-4e3a-9bc4-14816ed53d38,66:b7df001517d39cec11e760b433096d08}(|){"#",a2b5aac2-33a7-41ec-878c-7dd928ac85cf,184:b7df001517d39cec11e760b4896f847a}(|)Авторинок Центральний, Луцьк, Волинська(|)
{"#",47e6dd42-cd5c-4e3a-9bc4-14816ed53d38,66:b7df001517d39cec11e7616309ec8da6}(|){"#",a2b5aac2-33a7-41ec-878c-7dd928ac85cf,184:b7df001517d39cec11e761637deb965c}(|)Чорноморськ, Одеська, пров.Хантадзе, 1(|)
{"#",47e6dd42-cd5c-4e3a-9bc4-14816ed53d38,66:b7df001517d39cec11e76168fbe1cfa4}(|){"#",a2b5aac2-33a7-41ec-878c-7dd928ac85cf,184:b7df001517d39cec11e7616967baaebc}(|)Одеса, Одеська, вул.Кузнечна, 1(|)
{"#",47e6dd42-cd5c-4e3a-9bc4-14816ed53d38,66:b7df001517d39cec11e7617ac7d8cf8e}(|){"#",a2b5aac2-33a7-41ec-878c-7dd928ac85cf,184:b7df001517d39cec11e7617bad5a4d1c}(|)Олександрівка (Скадовський р-н., Херсонська обл.), Херсонська, вул.Центральна, 1(|)
{"#",47e6dd42-cd5c-4e3a-9bc4-14816ed53d38,66:b7df001517d39cec11e7655009f8749a}(|){"#",a2b5aac2-33a7-41ec-878c-7dd928ac85cf,184:b7df001517d39cec11e7655281506906}(|)Черкаси, Черкаська, пров.Чигиринський, 5/10(|)Черкаська обл., Черкаси, перехрестя вул Чигиринської та Першотравневої
{"#",47e6dd42-cd5c-4e3a-9bc4-14816ed53d38,66:b7df001517d39cec11e7657236af357e}(|){"#",a2b5aac2-33a7-41ec-878c-7dd928ac85cf,184:b7df001517d39cec11e76574792a8672}(|)Сміла, Черкаська, вул.Мазура, 21(|)вул Мазура б 21, м Сміла
{"#",47e6dd42-cd5c-4e3a-9bc4-14816ed53d38,66:b7df001517d39cec11e7661fcb124623}(|){"#",a2b5aac2-33a7-41ec-878c-7dd928ac85cf,184:b7df001517d39cec11e766201f0a17d3}(|)Київ, Київська, вул.Симиренка, 38-А(|)
{"#",47e6dd42-cd5c-4e3a-9bc4-14816ed53d38,66:b7df001517d39cec11e7662e967192a7}(|){"#",a2b5aac2-33a7-41ec-878c-7dd928ac85cf,184:b7df001517d39cec11e7662fffdcabbc}(|)Дніпро, Дніпропетровська, вул.Каштанова, 4-Б(|)
{"#",47e6dd42-cd5c-4e3a-9bc4-14816ed53d38,66:b7df001517d39cec11e7662fb8de05c7}(|){"#",a2b5aac2-33a7-41ec-878c-7dd928ac85cf,184:b7df001517d39cec11e7662fffdcabbc}(|)Дніпро, Дніпропетровська, вул.Каштанова, 4-Б(|)
{"#",47e6dd42-cd5c-4e3a-9bc4-14816ed53d38,66:ae9a001517d39cec11e3fca1b7433f7e}(|){"#",a2b5aac2-33a7-41ec-878c-7dd928ac85cf,184:b7df001517d39cec11e766d54ce17280}(|)Чернігів, Чернігівська, вул.Любецька, 151-Б кор1(|)
{"#",47e6dd42-cd5c-4e3a-9bc4-14816ed53d38,66:b7df001517d39cec11e766fcf2eb1999}(|){"#",a2b5aac2-33a7-41ec-878c-7dd928ac85cf,184:b7df001517d39cec11e766fc9c01e0d0}(|)Черкаси, Черкаська, вул.Надпільна (Ільїна), 411(|)
{"#",47e6dd42-cd5c-4e3a-9bc4-14816ed53d38,66:b7df001517d39cec11e7670375b73717}(|){"#",a2b5aac2-33a7-41ec-878c-7dd928ac85cf,184:b7df001517d39cec11e767029c0e68b8}(|)Канів, Черкаська, вул.Героїв Бронепотяга, 89(|)
{"#",47e6dd42-cd5c-4e3a-9bc4-14816ed53d38,66:b7df001517d39cec11e76707eab75a6a}(|){"#",a2b5aac2-33a7-41ec-878c-7dd928ac85cf,184:b7df001517d39cec11e76707c4caf2da}(|)Городище (Черкаська обл.), Черкаська, вул.Об’їзна, 1(|)
{"#",47e6dd42-cd5c-4e3a-9bc4-14816ed53d38,66:b7df001517d39cec11e76ac83c16042e}(|){"#",a2b5aac2-33a7-41ec-878c-7dd928ac85cf,184:b7df001517d39cec11e76ac7c6224da5}(|)Авторинок Автобазар, Хмельницький, Хмельницька(|)Хмельницька облю, Хмельницький, Трудова,, будинок № 2А
{"#",47e6dd42-cd5c-4e3a-9bc4-14816ed53d38,66:b7df001517d39cec11e76afc18d3364c}(|){"#",a2b5aac2-33a7-41ec-878c-7dd928ac85cf,184:b7df001517d39cec11e76afb6f2358d6}(|)Зеленодольськ, Дніпропетровська, пров.Молодіжний, 1(|)Зеленодольськ, пер. Молодіжний
{"#",47e6dd42-cd5c-4e3a-9bc4-14816ed53d38,66:b7df001517d39cec11e76b01fed0ca88}(|){"#",a2b5aac2-33a7-41ec-878c-7dd928ac85cf,184:b7df001517d39cec11e76b060b41acde}(|)Херсон, Херсонська, шосеМиколаївське, 7-А(|)м, Херсон, Миколаївське шосе, 7А
{"#",47e6dd42-cd5c-4e3a-9bc4-14816ed53d38,66:b7df001517d39cec11e767ba222d5064}(|){"#",a2b5aac2-33a7-41ec-878c-7dd928ac85cf,184:b7df001517d39cec11e76b8d7617a9b4}(|)Запоріжжя, Запорізька, вул.Східна, 11(|)
{"#",47e6dd42-cd5c-4e3a-9bc4-14816ed53d38,66:b7df001517d39cec11e76b961272fb62}(|){"#",a2b5aac2-33a7-41ec-878c-7dd928ac85cf,184:b7df001517d39cec11e76b95a36d1a68}(|)Авторинок Формула, Луцьк, Волинська(|)м. Луцьк р-к Формула вул. Кравчука, 44
{"#",47e6dd42-cd5c-4e3a-9bc4-14816ed53d38,66:b7df001517d39cec11e76b98b14a44c8}(|){"#",a2b5aac2-33a7-41ec-878c-7dd928ac85cf,184:b7df001517d39cec11e76b9a460fc065}(|)Авторинок Формула, Луцьк, Волинська(|)м. Луцьк р-к Формула, вул. Кравчука, 44
{"#",47e6dd42-cd5c-4e3a-9bc4-14816ed53d38,66:b7df001517d39cec11e76708b9901e9e}(|){"#",a2b5aac2-33a7-41ec-878c-7dd928ac85cf,184:b7df001517d39cec11e76baba4d68e96}(|)Запоріжжя, Запорізька, вул.Діденка Василя, 19(|)
{"#",47e6dd42-cd5c-4e3a-9bc4-14816ed53d38,66:b7df001517d39cec11e76bb5e3190f94}(|){"#",a2b5aac2-33a7-41ec-878c-7dd928ac85cf,184:b7df001517d39cec11e76bb5aa1775aa}(|)Канів, Черкаська, вул.Шевченка, 50(|)Черкаська обл., Канів, Шевченко, будинок № 50
{"#",47e6dd42-cd5c-4e3a-9bc4-14816ed53d38,66:b7df001517d39cec11e76c58d58ea34a}(|){"#",a2b5aac2-33a7-41ec-878c-7dd928ac85cf,184:b7df001517d39cec11e76c59bef25572}(|)Київ, Київська, вул.Оноре де Бальзака, 12(|)Київська, Київ, О. Бальзака, будинок № 12
{"#",47e6dd42-cd5c-4e3a-9bc4-14816ed53d38,66:b7df001517d39cec11e76c567f8baf1c}(|){"#",a2b5aac2-33a7-41ec-878c-7dd928ac85cf,184:b7df001517d39cec11e76c5afd9ba282}(|)Миколаїв, Миколаївська, вул.Троїцька (Кірова Інгульський р-н)), 240-А/5(|)
{"#",47e6dd42-cd5c-4e3a-9bc4-14816ed53d38,66:b7df001517d39cec11e76c7600091368}(|){"#",a2b5aac2-33a7-41ec-878c-7dd928ac85cf,184:b7df001517d39cec11e76c75d1bfac24}(|)Лозуватка(Криворізький р-н), Дніпропетровська, вул.Центральна, Торгова площа5(|)Дніпропетровська, Лозуватка, Торгова Площа маг №5
{"#",47e6dd42-cd5c-4e3a-9bc4-14816ed53d38,66:b7df001517d39cec11e76d2cfb1d9ce2}(|){"#",a2b5aac2-33a7-41ec-878c-7dd928ac85cf,184:b7df001517d39cec11e76d2cccb79964}(|)Авторинок Жуляни, Київ, Київська(|)Киев, р-к Жуляны, сектор В, место 49
{"#",47e6dd42-cd5c-4e3a-9bc4-14816ed53d38,66:b7df001517d39cec11e76d4c37712619}(|){"#",a2b5aac2-33a7-41ec-878c-7dd928ac85cf,184:b7df001517d39cec11e76d4c37712616}(|)Гоща, Рівненська, вул.Наливайка, 4(|)Рівенська обл. смт Гоща, вул. Наливайка, 4
{"#",47e6dd42-cd5c-4e3a-9bc4-14816ed53d38,66:b7df001517d39cec11e76e02c3b8a55c}(|){"#",a2b5aac2-33a7-41ec-878c-7dd928ac85cf,184:b7df001517d39cec11e76e0293aa3f4c}(|)Хорол, Полтавська, вул.Київська, 59(|)Полтавська обл. м. Хорол, вул. Київська, 59
{"#",47e6dd42-cd5c-4e3a-9bc4-14816ed53d38,66:b7df001517d39cec11e770397098285c}(|){"#",a2b5aac2-33a7-41ec-878c-7dd928ac85cf,184:b7df001517d39cec11e770397098285a}(|)Бориспіль, Київська, пров.Котовського, 79-А(|)
{"#",47e6dd42-cd5c-4e3a-9bc4-14816ed53d38,66:b7df001517d39cec11e770625ace8ca3}(|){"#",a2b5aac2-33a7-41ec-878c-7dd928ac85cf,184:b7df001517d39cec11e7706235e60564}(|)Ромни, Сумська, вул.Пушкіна, 8(|)
{"#",47e6dd42-cd5c-4e3a-9bc4-14816ed53d38,66:b7df001517d39cec11e7712dd450a954}(|){"#",a2b5aac2-33a7-41ec-878c-7dd928ac85cf,184:b7df001517d39cec11e7712dc6bc84c0}(|)Апостолове, Дніпропетровська, вул.Українки Лесі, 2-А(|)Дніпропетровська, Апостолово, Лесі Українки, будинок № 2А
{"#",47e6dd42-cd5c-4e3a-9bc4-14816ed53d38,66:b7df001517d39cec11e77205f5ab80f0}(|){"#",a2b5aac2-33a7-41ec-878c-7dd928ac85cf,184:b7df001517d39cec11e772068c33193e}(|)Охтирка, Сумська, вул.Батюка, 32(|)
{"#",47e6dd42-cd5c-4e3a-9bc4-14816ed53d38,66:b7df001517d39cec11e77386847c8c3a}(|){"#",a2b5aac2-33a7-41ec-878c-7dd928ac85cf,184:b7df001517d39cec11e77385f491b988}(|)Авторинок Центральний, Дніпро, Дніпропетровська(|)Днепро, вул. Курсантская, 22, авторынок
{"#",47e6dd42-cd5c-4e3a-9bc4-14816ed53d38,66:b7df001517d39cec11e775dfd3ee7e4e}(|){"#",a2b5aac2-33a7-41ec-878c-7dd928ac85cf,184:b7df001517d39cec11e775e02a8b6bd6}(|)Авторинок Автомобільний, Суми, Сумська(|)
{"#",47e6dd42-cd5c-4e3a-9bc4-14816ed53d38,66:b7df001517d39cec11e775e608902322}(|){"#",a2b5aac2-33a7-41ec-878c-7dd928ac85cf,184:b7df001517d39cec11e775e65d9c859c}(|)Опішня, Полтавська, вул.Мирного Панаса, 62-А(|)
{"#",47e6dd42-cd5c-4e3a-9bc4-14816ed53d38,66:ae9a001517d39cec11e3fc9fe332d6cf}(|){"#",a2b5aac2-33a7-41ec-878c-7dd928ac85cf,184:b7df001517d39cec11e776b9b975466c}(|)Київ, Київська, вул.Магнітогорська, 1(|)
{"#",47e6dd42-cd5c-4e3a-9bc4-14816ed53d38,66:b7df001517d39cec11e776bfa78f7adf}(|){"#",a2b5aac2-33a7-41ec-878c-7dd928ac85cf,184:b7df001517d39cec11e776c01b89bee0}(|)Новий Буг, Миколаївська, вул.Гагаріна, 10(|)
{"#",47e6dd42-cd5c-4e3a-9bc4-14816ed53d38,66:b7df001517d39cec11e77b6b0c23293c}(|){"#",a2b5aac2-33a7-41ec-878c-7dd928ac85cf,184:b7df001517d39cec11e77b6b49d401fd}(|)Авторинок Ярославський, Черкаси, Черкаська(|)м.Черкаси, вул.Ярославська,7 м-н "Автомікс"
{"#",47e6dd42-cd5c-4e3a-9bc4-14816ed53d38,66:b7df001517d39cec11e77c2d9ad5f458}(|){"#",a2b5aac2-33a7-41ec-878c-7dd928ac85cf,184:b7df001517d39cec11e77c2de706fa7a}(|)Кривий Ріг, Дніпропетровська, вул.Тухачевського, 13(|)
{"#",47e6dd42-cd5c-4e3a-9bc4-14816ed53d38,66:b7df001517d39cec11e77c3d10e439f2}(|){"#",a2b5aac2-33a7-41ec-878c-7dd928ac85cf,184:b7df001517d39cec11e77c3d6eb4213c}(|)Київ, Київська, вул.Червоноткацька, 87(|)
{"#",47e6dd42-cd5c-4e3a-9bc4-14816ed53d38,66:ae9a001517d39cec11e3fca0aa852ee1}(|){"#",a2b5aac2-33a7-41ec-878c-7dd928ac85cf,184:b7df001517d39cec11e77ceab015fef4}(|)Київ, Київська, вул.Авіаторів, 56(|)
{"#",47e6dd42-cd5c-4e3a-9bc4-14816ed53d38,66:b7df001517d39cec11e77cfbc1e3817c}(|){"#",a2b5aac2-33a7-41ec-878c-7dd928ac85cf,184:b7df001517d39cec11e77cfc43423b0a}(|)Каланчак, Херсонська, вул.Чорноморська, 2(|)
{"#",47e6dd42-cd5c-4e3a-9bc4-14816ed53d38,66:b7df001517d39cec11e77cfcfb4296dc}(|){"#",a2b5aac2-33a7-41ec-878c-7dd928ac85cf,184:b7df001517d39cec11e77cfd61d86552}(|)Київ, Київська, вул.Пшенична, 2(|)
{"#",47e6dd42-cd5c-4e3a-9bc4-14816ed53d38,66:b7df001517d39cec11e780ce59f797ca}(|){"#",a2b5aac2-33a7-41ec-878c-7dd928ac85cf,184:b7df001517d39cec11e780ced1c824a4}(|)Корсунь-Шевченківський, Черкаська, вул.Бабушкіна, 10(|)м. Корсунь, вул Бабушкіна, 10
{"#",47e6dd42-cd5c-4e3a-9bc4-14816ed53d38,66:b7df001517d39cec11e780efc497ea1f}(|){"#",a2b5aac2-33a7-41ec-878c-7dd928ac85cf,184:b7df001517d39cec11e780f02e9d7c4e}(|)Канів, Черкаська, вул.Леніна, 152(|)Черкаська обл., Канів, Леніна, будинок № 152
{"#",47e6dd42-cd5c-4e3a-9bc4-14816ed53d38,66:b7df001517d39cec11e7835470197ea0}(|){"#",a2b5aac2-33a7-41ec-878c-7dd928ac85cf,184:b7df001517d39cec11e7835558663da6}(|)Вінниця, Вінницька, вул.Пирогова, 59(|)
{"#",47e6dd42-cd5c-4e3a-9bc4-14816ed53d38,66:b7df001517d39cec11e783f93d30b6ac}(|){"#",a2b5aac2-33a7-41ec-878c-7dd928ac85cf,184:b7df001517d39cec11e783fa4734365a}(|)Середина-Буда, Сумська, вул.Європейська, 2(|)
{"#",47e6dd42-cd5c-4e3a-9bc4-14816ed53d38,66:b7df001517d39cec11e783fbf94d7f08}(|){"#",a2b5aac2-33a7-41ec-878c-7dd928ac85cf,184:b7df001517d39cec11e783fa4734365a}(|)Середина-Буда, Сумська, вул.Європейська, 2(|)Сумська, Буда, Європеська, будинок № 2
{"#",47e6dd42-cd5c-4e3a-9bc4-14816ed53d38,66:b7df001517d39cec11e783fe4d97602e}(|){"#",a2b5aac2-33a7-41ec-878c-7dd928ac85cf,184:b7df001517d39cec11e783fefef89409}(|)Середина-Буда, Сумська, вул.Європейська, 19-А(|)
{"#",47e6dd42-cd5c-4e3a-9bc4-14816ed53d38,66:b7df001517d39cec11e784010fb13096}(|){"#",a2b5aac2-33a7-41ec-878c-7dd928ac85cf,184:b7df001517d39cec11e784015d79e8d6}(|)Авторинок Центральний, Дніпро, Дніпропетровська(|)
{"#",47e6dd42-cd5c-4e3a-9bc4-14816ed53d38,66:b7df001517d39cec11e7840287a13bc2}(|){"#",a2b5aac2-33a7-41ec-878c-7dd928ac85cf,184:b7df001517d39cec11e78402e65f8e34}(|)Авторинок 12-Квартал, Дніпро, Дніпропетровська(|)
{"#",47e6dd42-cd5c-4e3a-9bc4-14816ed53d38,66:b7df001517d39cec11e78422974d18fa}(|){"#",a2b5aac2-33a7-41ec-878c-7dd928ac85cf,184:b7df001517d39cec11e7842287438797}(|)Київ, Київська, вул.Туполєва Академіка, 19(|)
{"#",47e6dd42-cd5c-4e3a-9bc4-14816ed53d38,66:b7df001517d39cec11e7865ec43e0a5d}(|){"#",a2b5aac2-33a7-41ec-878c-7dd928ac85cf,184:b7df001517d39cec11e7865f02b263f0}(|)Полтава, Полтавська, вул.Алмазна, 5-Е(|)
{"#",47e6dd42-cd5c-4e3a-9bc4-14816ed53d38,66:b7df001517d39cec11e7866d9343f0b1}(|){"#",a2b5aac2-33a7-41ec-878c-7dd928ac85cf,184:b7df001517d39cec11e7866dde6eb426}(|)Полтава, Полтавська, вул.Зіньківська, 35-А(|)
{"#",47e6dd42-cd5c-4e3a-9bc4-14816ed53d38,66:b7df001517d39cec11e7866ea648f254}(|){"#",a2b5aac2-33a7-41ec-878c-7dd928ac85cf,184:b7df001517d39cec11e7866ecbdac089}(|)Апостолове, Дніпропетровська, площаПривокзальна, 31-Б(|)
{"#",47e6dd42-cd5c-4e3a-9bc4-14816ed53d38,66:b7df001517d39cec11e7871784fe4686}(|){"#",a2b5aac2-33a7-41ec-878c-7dd928ac85cf,184:b7df001517d39cec11e78717bf99f4e8}(|)Авторинок Перемога, Одеса, Одеська(|)
{"#",47e6dd42-cd5c-4e3a-9bc4-14816ed53d38,66:b7df001517d39cec11e788a176e97315}(|){"#",a2b5aac2-33a7-41ec-878c-7dd928ac85cf,184:b7df001517d39cec11e788a1a7d0cf24}(|)Шостка, Сумська, вул.Чехова, 14(|)
{"#",47e6dd42-cd5c-4e3a-9bc4-14816ed53d38,66:b7df001517d39cec11e788a1d294fd83}(|){"#",a2b5aac2-33a7-41ec-878c-7dd928ac85cf,184:b7df001517d39cec11e788a20bcb0b29}(|)Білопілля, Сумська, вул.Соборна, 65(|)
{"#",47e6dd42-cd5c-4e3a-9bc4-14816ed53d38,66:b7df001517d39cec11e788a442e9a734}(|){"#",a2b5aac2-33a7-41ec-878c-7dd928ac85cf,184:b7df001517d39cec11e788a5fe0b98e8}(|)Дніпро, Дніпропетровська, просп.Хмельницького Богдана, 151-М(|)
{"#",47e6dd42-cd5c-4e3a-9bc4-14816ed53d38,66:b7df001517d39cec11e788af4d72e35f}(|){"#",a2b5aac2-33a7-41ec-878c-7dd928ac85cf,184:b7df001517d39cec11e788af93320e38}(|)Великодолинське, Одеська, вул.Маркса Карла, 11-А(|)
{"#",47e6dd42-cd5c-4e3a-9bc4-14816ed53d38,66:b7df001517d39cec11e78972c8cafbf4}(|){"#",a2b5aac2-33a7-41ec-878c-7dd928ac85cf,184:b7df001517d39cec11e7897397d10cd6}(|)Немішаєве, Київська, вул.Шевченка, 78-А(|)
{"#",47e6dd42-cd5c-4e3a-9bc4-14816ed53d38,66:b7df001517d39cec11e789752e18c566}(|){"#",a2b5aac2-33a7-41ec-878c-7dd928ac85cf,184:b7df001517d39cec11e7897581759e3d}(|)68600, Одеська обл., м.Ізмаїл, вул.Семінарська, будинок № 44(|)
{"#",47e6dd42-cd5c-4e3a-9bc4-14816ed53d38,66:b7df001517d39cec11e78c86a73c07c8}(|){"#",a2b5aac2-33a7-41ec-878c-7dd928ac85cf,184:b7df001517d39cec11e78c86eb9591e6}(|)Свеса, Сумська, вул.Привокзальна, 1(|)Сумська, Свеса, Неплюева,, будинок № 1
{"#",47e6dd42-cd5c-4e3a-9bc4-14816ed53d38,66:b7df001517d39cec11e78c89ee9b8b0e}(|){"#",a2b5aac2-33a7-41ec-878c-7dd928ac85cf,184:b7df001517d39cec11e78c8a56f8baaa}(|)Середина-Буда, Сумська, вул.Комуністична, 16(|)Сумська, с.Буда, Комунистична,16
{"#",47e6dd42-cd5c-4e3a-9bc4-14816ed53d38,66:b7df001517d39cec11e78c93b28761ec}(|){"#",a2b5aac2-33a7-41ec-878c-7dd928ac85cf,184:b7df001517d39cec11e78c8db982e972}(|)Ямпіль (Сумська обл.), Сумська, вул.Спасо-Преображенська, 22-А(|)Сумська, Ямпіль, Старопреображенська,, будинок № 22а
{"#",47e6dd42-cd5c-4e3a-9bc4-14816ed53d38,66:b7df001517d39cec11e78c908a02ad60}(|){"#",a2b5aac2-33a7-41ec-878c-7dd928ac85cf,184:b7df001517d39cec11e78c92439fffc4}(|)Ямпіль (Сумська обл.), Сумська, вул.75-тої Гвардійської Дивізії, 1(|)Сумська обл Ямпіль, вул 75-Ї Гвардійської Дивізії, 8а
{"#",47e6dd42-cd5c-4e3a-9bc4-14816ed53d38,66:b7df001517d39cec11e78c8db982e973}(|){"#",a2b5aac2-33a7-41ec-878c-7dd928ac85cf,184:b7df001517d39cec11e78c964b7bdd23}(|)Ямпіль (Сумська обл.), Сумська, вул.Спасо-Преображенська, 32(|)Сумська, Ямпіль, вул. Спасо-Преображенська , 32
{"#",47e6dd42-cd5c-4e3a-9bc4-14816ed53d38,66:b7df001517d39cec11e78e393b1141db}(|){"#",a2b5aac2-33a7-41ec-878c-7dd928ac85cf,184:b7df001517d39cec11e78e39f005fcb7}(|)Куликівка, Чернігівська, вул.Шевченка, 1(|)Чернігівська обл, смт Куликівка, Шевченка, будинок № 1
{"#",47e6dd42-cd5c-4e3a-9bc4-14816ed53d38,66:ae9a001517d39cec11e3fc9fe332d6b6}(|){"#",a2b5aac2-33a7-41ec-878c-7dd928ac85cf,184:b7df001517d39cec11e79171177f7350}(|)Полтава(|)
{"#",47e6dd42-cd5c-4e3a-9bc4-14816ed53d38,66:b7df001517d39cec11e792162f8afa64}(|){"#",a2b5aac2-33a7-41ec-878c-7dd928ac85cf,184:b7df001517d39cec11e792166fea7866}(|)Первомайськ(Микол.обл.Первомайс.р-н), Миколаївська, вул.Вокзальна (Революції), 3-Б(|)
{"#",47e6dd42-cd5c-4e3a-9bc4-14816ed53d38,66:aa970025909438d711ea06c237aa460d}(|){"#",a2b5aac2-33a7-41ec-878c-7dd928ac85cf,184:b7df001517d39cec11e793a31e34e5e8}(|)Первомайськ(Микол.обл.Первомайс.р-н), Миколаївська, вул.Вінграновського Миколи (Радянська), 27(|)
{"#",47e6dd42-cd5c-4e3a-9bc4-14816ed53d38,66:b7df001517d39cec11e7939f5bdc989a}(|){"#",a2b5aac2-33a7-41ec-878c-7dd928ac85cf,184:b7df001517d39cec11e793a31e34e5e8}(|)Первомайськ(Микол.обл.Первомайс.р-н), Миколаївська, вул.Вінграновського Миколи (Радянська), 27(|)
{"#",47e6dd42-cd5c-4e3a-9bc4-14816ed53d38,66:b7df001517d39cec11e793aaef3322de}(|){"#",a2b5aac2-33a7-41ec-878c-7dd928ac85cf,184:b7df001517d39cec11e793ab30c3cdde}(|)Львів, Львівська, вул.Зелена, 251(|)
{"#",47e6dd42-cd5c-4e3a-9bc4-14816ed53d38,66:ae9a001517d39cec11e3fca3a6857ae5}(|){"#",a2b5aac2-33a7-41ec-878c-7dd928ac85cf,184:b7df001517d39cec11e7946a54cd36ce}(|)Охтирка, Сумська, вул.Першотравнева, 68(|)
{"#",47e6dd42-cd5c-4e3a-9bc4-14816ed53d38,66:b7df001517d39cec11e79478fe309e78}(|){"#",a2b5aac2-33a7-41ec-878c-7dd928ac85cf,184:b7df001517d39cec11e794794215555c}(|)Кременчук, Полтавська, вул.Залізнична, 91(|)
{"#",47e6dd42-cd5c-4e3a-9bc4-14816ed53d38,66:b7df001517d39cec11e79494440df308}(|){"#",a2b5aac2-33a7-41ec-878c-7dd928ac85cf,184:b7df001517d39cec11e79494849d2010}(|)Львів, Львівська, вул.Боткіна, 8(|)
{"#",47e6dd42-cd5c-4e3a-9bc4-14816ed53d38,66:b7df001517d39cec11e79494d7be5e1c}(|){"#",a2b5aac2-33a7-41ec-878c-7dd928ac85cf,184:b7df001517d39cec11e7949568a5ea13}(|)Кривий Ріг, Дніпропетровська, просп.Металургів, 2-Б(|)
{"#",47e6dd42-cd5c-4e3a-9bc4-14816ed53d38,66:ae9a001517d39cec11e3fca09e56ab0c}(|){"#",a2b5aac2-33a7-41ec-878c-7dd928ac85cf,184:b7df001517d39cec11e794a97fae7314}(|)Київ, Київська, вул.Горлівська, 226/228(|)
{"#",47e6dd42-cd5c-4e3a-9bc4-14816ed53d38,66:b7df001517d39cec11e796f176208c3f}(|){"#",a2b5aac2-33a7-41ec-878c-7dd928ac85cf,184:b7df001517d39cec11e796f2885faab5}(|)Львів, Львівська, вул.Хуторівка, 2(|)
{"#",47e6dd42-cd5c-4e3a-9bc4-14816ed53d38,66:b7df001517d39cec11e796f3ab5d8d46}(|){"#",a2b5aac2-33a7-41ec-878c-7dd928ac85cf,184:b7df001517d39cec11e796f44909d13a}(|)Балта, Одеська, вул.Котовського, 270-А(|)Одеська, Балта, Котовського, будинок № 270А   АВТОМАГ
{"#",47e6dd42-cd5c-4e3a-9bc4-14816ed53d38,66:b7df001517d39cec11e796f63f9ba298}(|){"#",a2b5aac2-33a7-41ec-878c-7dd928ac85cf,184:b7df001517d39cec11e796f627ea443a}(|)Подільськ, Одеська, вул.Залізничників (Комсомольська), 35-А(|)Одеська, м Подольськ, вул Комсомольська 35 А м-н Автозапчастини
{"#",47e6dd42-cd5c-4e3a-9bc4-14816ed53d38,66:b7df001517d39cec11e796f791aff6ab}(|){"#",a2b5aac2-33a7-41ec-878c-7dd928ac85cf,184:b7df001517d39cec11e796f7efa60395}(|)Ананьїв, Одеська, вул.Амосова, 35(|)Одеська обл, Ананьїв, вул Амосова, 35 Атомагазин
{"#",47e6dd42-cd5c-4e3a-9bc4-14816ed53d38,66:b7df001517d39cec11e796f8d29f0182}(|){"#",a2b5aac2-33a7-41ec-878c-7dd928ac85cf,184:b7df001517d39cec11e796f914ee68a2}(|)Подільськ, Одеська, вул.Соборна, 110(|)Одеська, Подольськ, вул Соборна 110, Авто-магазин
{"#",47e6dd42-cd5c-4e3a-9bc4-14816ed53d38,66:b7df001517d39cec11e796f9c90568ce}(|){"#",a2b5aac2-33a7-41ec-878c-7dd928ac85cf,184:b7df001517d39cec11e796fa340edb4e}(|)Ананьїв, Одеська, вул.Незалежності, 36(|)Одеська, Ананьїв, вул. Незалежності , 36 автомагазін "Тітан"
{"#",47e6dd42-cd5c-4e3a-9bc4-14816ed53d38,66:b7df001517d39cec11e796fada4ef50c}(|){"#",a2b5aac2-33a7-41ec-878c-7dd928ac85cf,184:b7df001517d39cec11e796fb6b7e078e}(|)Балта, Одеська, вул.Ткаченка, 56/4(|)Одеська, Балта, вул. Ткаченко 56/4 м-н "Иномарочка"
{"#",47e6dd42-cd5c-4e3a-9bc4-14816ed53d38,66:b7df001517d39cec11e796fc3e0e1609}(|){"#",a2b5aac2-33a7-41ec-878c-7dd928ac85cf,184:b7df001517d39cec11e796fc97d80574}(|)Подільськ, Одеська, вул.50-річчя Жовтня, 55(|)Одеська, м. Подольськ, вул. 50 років Жовтня, 55
{"#",47e6dd42-cd5c-4e3a-9bc4-14816ed53d38,66:b7df001517d39cec11e796fd5dfdf54c}(|){"#",a2b5aac2-33a7-41ec-878c-7dd928ac85cf,184:b7df001517d39cec11e796fdd8c7104a}(|)Подільськ, Одеська, просп.Перемоги, 2-Ж(|)Одеська Подольськ, пр-т Перемоги  2-Ж автомагазин "ЯН"
{"#",47e6dd42-cd5c-4e3a-9bc4-14816ed53d38,66:b7df001517d39cec11e797b2a90d2bb9}(|){"#",a2b5aac2-33a7-41ec-878c-7dd928ac85cf,184:b7df001517d39cec11e797b31652d29a}(|)Нові Санжари, Полтавська, вул.Шевченка, 20/15(|)Полтавська обл. , Нові-Санжари, Шевченко, 20\15
{"#",47e6dd42-cd5c-4e3a-9bc4-14816ed53d38,66:b7df001517d39cec11e797b4713434e6}(|){"#",a2b5aac2-33a7-41ec-878c-7dd928ac85cf,184:b7df001517d39cec11e797b4d20633be}(|)Кременчук, Полтавська, вул.Залізнична, 91(|)Полтавська обл, Кременчук, вул Залізнична,91
{"#",47e6dd42-cd5c-4e3a-9bc4-14816ed53d38,66:b7df001517d39cec11e7988ac37167ac}(|){"#",a2b5aac2-33a7-41ec-878c-7dd928ac85cf,184:b7df001517d39cec11e7988ab250e326}(|)Первомайськ(Микол.обл.Первомайс.р-н), Миколаївська, вул.Вінграновського Миколи (Радянська), 12(|)Миколайовська, Первомайськ, кут Радянської/Богопльської
{"#",47e6dd42-cd5c-4e3a-9bc4-14816ed53d38,66:b7df001517d39cec11e79920ac1ea18a}(|){"#",a2b5aac2-33a7-41ec-878c-7dd928ac85cf,184:b7df001517d39cec11e79920e81ff0a1}(|)Київ, Київська, вул.Петлюри Симона, 32(|)
{"#",47e6dd42-cd5c-4e3a-9bc4-14816ed53d38,66:b7df001517d39cec11e799e6299e78cf}(|){"#",a2b5aac2-33a7-41ec-878c-7dd928ac85cf,184:b7df001517d39cec11e799e6ca7ee5b2}(|)Ворзель, Київська, вул.Чубинського, 6-А(|)
{"#",47e6dd42-cd5c-4e3a-9bc4-14816ed53d38,66:b7df001517d39cec11e79a21c2ad036b}(|){"#",a2b5aac2-33a7-41ec-878c-7dd928ac85cf,184:b7df001517d39cec11e79a247596386e}(|)Бровари, Київська, вул.Броварської сотні (Чкалова), 13(|)
{"#",47e6dd42-cd5c-4e3a-9bc4-14816ed53d38,66:b7df001517d39cec11e79c503276c250}(|){"#",a2b5aac2-33a7-41ec-878c-7dd928ac85cf,184:b7df001517d39cec11e79c507c28d23a}(|)Авторинок Зелене Коло, Львів, Львівська(|)
{"#",47e6dd42-cd5c-4e3a-9bc4-14816ed53d38,66:b7df001517d39cec11e79c511fbf0b6c}(|){"#",a2b5aac2-33a7-41ec-878c-7dd928ac85cf,184:b7df001517d39cec11e79c51b8283ebe}(|)Авторинок Кривчиці, Львів, Львівська(|)
{"#",47e6dd42-cd5c-4e3a-9bc4-14816ed53d38,66:b7df001517d39cec11e79c53a3884588}(|){"#",a2b5aac2-33a7-41ec-878c-7dd928ac85cf,184:b7df001517d39cec11e79c5466374a98}(|)Авторинок Перфецького, Львів, Львівська(|)
{"#",47e6dd42-cd5c-4e3a-9bc4-14816ed53d38,66:b7df001517d39cec11e79c5495633143}(|){"#",a2b5aac2-33a7-41ec-878c-7dd928ac85cf,184:b7df001517d39cec11e79c5521ec8e56}(|)Авторинок Перфецького, Львів, Львівська(|)
{"#",47e6dd42-cd5c-4e3a-9bc4-14816ed53d38,66:b7df001517d39cec11e79c5568ce9814}(|){"#",a2b5aac2-33a7-41ec-878c-7dd928ac85cf,184:b7df001517d39cec11e79c559fbee7f2}(|)Львів, Львівська, вул.Виговського Івана, 51(|)
{"#",47e6dd42-cd5c-4e3a-9bc4-14816ed53d38,66:b7df001517d39cec11e79c5684545cb2}(|){"#",a2b5aac2-33a7-41ec-878c-7dd928ac85cf,184:b7df001517d39cec11e79c559fbee7f2}(|)Львів, Львівська, вул.Виговського Івана, 51(|)
{"#",47e6dd42-cd5c-4e3a-9bc4-14816ed53d38,66:b7df001517d39cec11e79c56067152a0}(|){"#",a2b5aac2-33a7-41ec-878c-7dd928ac85cf,184:b7df001517d39cec11e79c5644ef359c}(|)Авторинок Кривчиці, Львів, Львівська(|)
{"#",47e6dd42-cd5c-4e3a-9bc4-14816ed53d38,66:b7df001517d39cec11e79c5704b19848}(|){"#",a2b5aac2-33a7-41ec-878c-7dd928ac85cf,184:b7df001517d39cec11e79c573cc264b1}(|)Авторинок Кривчиці, Львів, Львівська(|)
{"#",47e6dd42-cd5c-4e3a-9bc4-14816ed53d38,66:b7df001517d39cec11e79c57602d73ae}(|){"#",a2b5aac2-33a7-41ec-878c-7dd928ac85cf,184:b7df001517d39cec11e79c57966d5588}(|)Авторинок Зелене Коло, Львів, Львівська(|)
{"#",47e6dd42-cd5c-4e3a-9bc4-14816ed53d38,66:b7df001517d39cec11e79c57d9318fe3}(|){"#",a2b5aac2-33a7-41ec-878c-7dd928ac85cf,184:b7df001517d39cec11e79c5837b90c3e}(|)Корець, Рівненська, вул.Київська, 27(|)
{"#",47e6dd42-cd5c-4e3a-9bc4-14816ed53d38,66:b7df001517d39cec11e79c5894dfac92}(|){"#",a2b5aac2-33a7-41ec-878c-7dd928ac85cf,184:b7df001517d39cec11e79c58da7fd8da}(|)Острог, Рівненська, вул.Ревкомівська, 34(|)
{"#",47e6dd42-cd5c-4e3a-9bc4-14816ed53d38,66:b7df001517d39cec11e79c5db530e8e4}(|){"#",a2b5aac2-33a7-41ec-878c-7dd928ac85cf,184:b7df001517d39cec11e79c5df00f591e}(|)Авторинок Зелене Коло, Львів, Львівська(|)
{"#",47e6dd42-cd5c-4e3a-9bc4-14816ed53d38,66:b7df001517d39cec11e79c5e463e9a7a}(|){"#",a2b5aac2-33a7-41ec-878c-7dd928ac85cf,184:b7df001517d39cec11e79c5ed5874d44}(|)Сміла, Черкаська, вул.Одеська, 69(|)
{"#",47e6dd42-cd5c-4e3a-9bc4-14816ed53d38,66:b7df001517d39cec11e79c6c382002f6}(|){"#",a2b5aac2-33a7-41ec-878c-7dd928ac85cf,184:b7df001517d39cec11e79c6c77878c64}(|)Канів, Черкаська, вул.Енергетиків, 1(|)
{"#",47e6dd42-cd5c-4e3a-9bc4-14816ed53d38,66:b7df001517d39cec11e79d0193b2d1ec}(|){"#",a2b5aac2-33a7-41ec-878c-7dd928ac85cf,184:b7df001517d39cec11e79d01e01f72d8}(|)Дніпро, Дніпропетровська, вул.Петрозаводська, 332(|)Дніпро, Петрозаводська,332
{"#",47e6dd42-cd5c-4e3a-9bc4-14816ed53d38,66:b7df001517d39cec11e79d0c1401f832}(|){"#",a2b5aac2-33a7-41ec-878c-7dd928ac85cf,184:b7df001517d39cec11e79d0c56ae5b08}(|)Авторинок Перфецького, Львів, Львівська(|)
{"#",47e6dd42-cd5c-4e3a-9bc4-14816ed53d38,66:b7df001517d39cec11e79d0c8fca2ed0}(|){"#",a2b5aac2-33a7-41ec-878c-7dd928ac85cf,184:b7df001517d39cec11e79d0cd4130878}(|)Авторинок Кривчиці, Львів, Львівська(|)
{"#",47e6dd42-cd5c-4e3a-9bc4-14816ed53d38,66:b7df001517d39cec11e79d3f4caf5930}(|){"#",a2b5aac2-33a7-41ec-878c-7dd928ac85cf,184:b7df001517d39cec11e79d3f87227f99}(|)Яготин, Київська, вул.Київська, 4(|)
{"#",47e6dd42-cd5c-4e3a-9bc4-14816ed53d38,66:b7df001517d39cec11e79d3fb644dcdc}(|){"#",a2b5aac2-33a7-41ec-878c-7dd928ac85cf,184:b7df001517d39cec11e79d4003abd4b0}(|)Яготин, Київська, вул.Поштова, 59(|)
{"#",47e6dd42-cd5c-4e3a-9bc4-14816ed53d38,66:b7df001517d39cec11e79d4088a79ea6}(|){"#",a2b5aac2-33a7-41ec-878c-7dd928ac85cf,184:b7df001517d39cec11e79d40dcbe6ee8}(|)Яготин, Київська, вул.Незалежності, 29-А(|)
{"#",47e6dd42-cd5c-4e3a-9bc4-14816ed53d38,66:b7df001517d39cec11e79d40fff9cede}(|){"#",a2b5aac2-33a7-41ec-878c-7dd928ac85cf,184:b7df001517d39cec11e79d41297c1fc8}(|)Яготин, Київська, вул.Київська, 3(|)
{"#",47e6dd42-cd5c-4e3a-9bc4-14816ed53d38,66:b7df001517d39cec11e79d402dfd9230}(|){"#",a2b5aac2-33a7-41ec-878c-7dd928ac85cf,184:b7df001517d39cec11e79d4184e74ab8}(|)Яготин, Київська, вул.Незалежності, 168(|)
{"#",47e6dd42-cd5c-4e3a-9bc4-14816ed53d38,66:b7ed001517d39cec11e6ff31466f5c84}(|){"#",a2b5aac2-33a7-41ec-878c-7dd928ac85cf,184:b7ed001517d39cec11e6ff320460d4a2}(|)Великодолинське, Одеська, вул.Чорноморська, 12/1(|)
{"#",47e6dd42-cd5c-4e3a-9bc4-14816ed53d38,66:b7ed001517d39cec11e6ff4c0ed4f0d4}(|){"#",a2b5aac2-33a7-41ec-878c-7dd928ac85cf,184:b7ed001517d39cec11e6ff4c70f2568d}(|)Новомосковськ, Дніпропетровська, вул.Сучкова, 52(|)
{"#",47e6dd42-cd5c-4e3a-9bc4-14816ed53d38,66:b7ed001517d39cec11e6ffe130513372}(|){"#",a2b5aac2-33a7-41ec-878c-7dd928ac85cf,184:b7ed001517d39cec11e6ffe16f9c20aa}(|)Авторинок 12-Квартал, Дніпро, Дніпропетровська(|)
